5.7063,6.0085,0.81619,2.1744,2.5125,2.7607,3.2756,4.6162,5.0352,4.9713,4.8146,4.9222,5.549,6.2151,0.32849,0.67329,1.1283,1.7712,2.3954,2.8439,3.2487,3.8753,4.7193,5.0844,5.0819,4.923,4.7474,4.4739,2.9871,2.8014,2.9591,3.0177,2.9239,2.6526,2.2398,1.8355,1.4931,1.0956,0.42397,5.9413,5.4891,5.0851,3.9644,3.1022,3.0337,3.4624,5.0824,5.8878,0.90205,1.9233,2.2764,2.5949,4.3881,5.4473
5.0884,5.1811,5.8238,1.5977,1.8647,2.0863,2.5763,3.7661,4.4097,4.6827,4.9595,5.4917,6.2333,0.35609,0.55046,0.74103,1.0973,1.684,2.1135,2.2245,2.0414,1.4759,1.0067,1.1368,1.8795,2.3227,2.407,2.3782,2.3803,2.5309,2.7502,2.8451,2.7742,2.5373,2.141,1.6913,1.2945,0.88213,0.2461,5.7763,5.3768,5.2026,4.9645,4.109,3.7935,3.8601,3.8785,3.5974,2.26,1.7027,1.5732,1.4546,0.10896,5.1306
4.8028,4.844,5.2413,1.2158,1.5538,1.8046,2.3185,3.4931,4.203,4.5586,4.9474,5.6396,0.13939,0.52452,0.68628,0.77118,0.92803,1.3185,1.4491,1.3619,1.2695,1.2366,1.3342,1.6411,2.0238,2.244,2.3235,2.3479,2.3951,2.5518,2.7661,2.8319,2.728,2.4738,2.0165,1.3933,0.85175,0.38478,6.0177,5.2947,5.0767,5.2969,5.578,5.3629,4.5253,4.0383,3.7926,3.4709,2.6108,1.6819,1.3553,1.1566,0.4868,4.9842
4.5221,4.5601,4.9105,0.76124,1.2402,1.5355,2.0792,3.2258,3.9744,4.3914,4.8672,5.662,0.1639,0.58361,0.83584,1.058,1.4071,0.10609,0.72871,0.92413,1.0598,1.2196,1.4749,1.8354,2.1235,2.2431,2.2678,2.2731,2.3261,2.6313,3.6043,3.7033,2.8132,0.92965,6.1378,5.7795,5.5238,5.1931,4.6208,3.9257,3.5104,6.0647,6.0668,5.7655,5.1054,4.2346,3.7521,3.4042,2.7871,1.6902,1.1744,0.94748,0.55811,4.8147
3.8209,4.0056,4.4997,6.1908,0.61271,1.0325,1.7064,2.8385,3.5766,4.0886,4.745,5.6764,0.11975,0.62518,1.2039,2.1707,3.0597,3.6333,5.6969,0.47416,0.81511,1.196,1.7288,2.1874,2.277,2.015,1.5376,0.80281,6.1868,5.837,5.8004,5.8589,5.8793,5.7572,5.4779,5.161,4.8828,4.57,4.0236,3.1839,2.5594,1.9008,0.30965,5.936,5.5511,4.6756,3.5954,3.2262,2.933,1.6768,0.65461,0.51781,0.51745,3.7213
2.4843,2.7671,3.6656,5.3373,5.7637,6.1148,0.66928,2.2074,2.7455,3.2046,4.7786,5.9755,0.20492,0.9348,1.9271,2.5523,2.9589,3.3825,3.978,4.568,4.7521,4.5266,4.3162,4.5459,5.2864,5.8323,6.0277,6.0559,6.0017,5.9542,5.9614,5.9789,5.9334,5.7572,5.4091,4.9831,4.6233,4.2724,3.6321,2.6455,2.1585,1.8653,0.86074,5.9719,5.9878,0.27571,1.4381,2.1101,3.5744,4.9367,5.2395,5.4806,0.2256,2.216
2.0125,2.0445,2.34,4.9781,5.1251,5.2276,5.4694,1.0428,1.5586,1.4413,1.0541,0.74428,1.045,1.9873,2.4702,2.7254,2.9929,3.4003,3.9369,4.3142,4.4505,4.4768,4.5726,4.9314,5.453,5.7787,5.932,6.0117,6.0699,6.1267,6.1585,6.1331,6.0269,5.7905,5.3443,4.76,4.2668,3.7519,2.7464,1.9293,1.663,1.5646,1.1872,5.6954,0.44995,0.87771,0.95263,0.75999,5.7258,4.9575,4.8023,4.6792,3.6915,2.1048
1.7309,1.5523,1.3755,4.8165,4.65,4.6441,4.7848,5.7386,0.59432,0.81669,0.95761,1.258,1.9523,2.5587,2.8149,2.9745,3.2005,3.6131,4.0766,4.3211,4.4015,4.4525,4.6231,5.0864,5.5997,5.8334,5.9268,6.0299,6.274,0.29565,0.36805,0.24093,6.2775,5.8533,4.9785,3.8961,3.1596,2.4635,1.8271,1.3769,1.0435,0.67099,5.6734,3.0863,1.5304,1.1175,0.81966,0.38163,5.8093,5.0111,4.5982,4.2461,3.4552,2.1532
1.0468,0.80185,0.83148,1.8272,3.6951,3.9484,4.3008,5.1607,6.2087,0.43684,0.854,1.448,2.2307,2.7941,3.14,3.4418,3.8532,4.3579,4.5475,4.4322,4.2884,4.2446,4.3956,5.3052,6.1769,6.0785,3.9414,3.1098,2.5431,2.1244,1.9167,1.8927,2.1472,2.6963,2.8244,2.5523,2.2071,1.9026,1.5824,1.1245,0.48491,6.2469,6.1414,2.1282,1.9394,1.3544,0.48397,6.2038,5.7849,5.1233,4.1606,3.632,3.3008,2.4772
5.8914,0.041238,0.59024,1.784,2.7801,3.341,3.9815,4.9612,5.8309,0.15298,0.78708,1.621,2.4128,2.9988,3.56,4.303,5.1329,5.7245,6.2226,1.0897,2.2853,2.4204,2.239,2.1725,2.4556,2.8307,3.0509,3.0882,2.941,2.6857,2.5437,2.592,2.7334,2.8073,2.6426,2.2291,1.9071,1.7614,1.6513,1.1311,5.9294,6.0193,0.91461,1.7142,1.975,2.0797,5.4395,5.5636,5.7285,0.44433,2.6175,2.8657,3.2165,4.6556
5.556,5.951,0.58015,1.931,2.5168,3.0101,3.8422,4.9719,5.6512,6.215,0.8081,1.9383,2.6602,3.3277,4.3161,5.2403,5.8294,0.10579,0.8473,1.5655,1.9715,2.1584,2.2723,2.4991,2.8114,3.0422,3.176,3.2155,3.1175,2.8929,2.7755,2.8372,2.9404,2.9539,2.6553,1.852,1.5343,1.8918,3.4806,3.9444,4.0109,2.8156,1.6217,1.6292,1.7931,4.5346,4.8749,5.0591,5.6294,1.8477,2.1085,2.3744,3.3038,5.1484
5.5322,5.7323,1.5039,2.3167,2.5438,2.867,4.2595,5.393,5.7123,6.0485,2.2128,2.8842,3.3928,4.6472,5.6159,6.0734,0.26202,0.97072,1.7192,2.1829,2.4888,2.8051,3.2535,3.5838,3.6469,3.6549,3.7023,3.8179,4.0665,4.3089,2.8273,3.314,3.7902,5.0679,5.7906,5.8064,5.3957,4.6898,4.2489,3.9785,3.6114,2.7889,2.0179,1.7052,1.394,5.0744,4.8762,4.7203,2.6002,2.0627,2.0196,1.9763,5.6993,5.4626
6.1856,2.8969,3.0888,3.2899,3.8363,5.7602,0.032924,0.42375,1.2718,2.7107,3.351,3.9403,4.9452,5.9169,0.23613,0.82611,1.5636,2.2585,2.7628,3.1842,3.6304,4.0977,4.4585,4.6779,4.8545,5.1144,5.5206,5.9422,6.2121,0.034484,0.0024053,6.1773,6.09,6.0244,5.898,5.626,5.2,4.7668,4.4045,4.0167,3.4588,2.8169,2.3588,1.9741,0.95695,5.9531,5.6391,2.9877,2.5424,2.4743,2.2555,0.012643,6.0454,6.0628
1.9794,2.6224,3.3298,4.2403,5.1047,5.7989,0.20715,1.0169,1.8521,2.5998,3.3782,4.3659,5.4235,0.059606,0.91826,1.6828,2.3098,2.848,3.3458,3.8073,4.2061,4.5269,4.788,5.0342,5.3086,5.6154,5.9217,6.1937,0.12167,0.23516,0.22554,0.14036,0.050095,6.2304,6.0439,5.6876,5.2248,4.8673,4.5909,4.1724,3.4258,2.9494,2.8142,2.7009,1.1948,0.72185,0.96604,1.4176,2.4754,4.1996,4.8744,5.4198,6.1792,1.0771
2.1429,2.534,3.5978,4.7867,5.3083,5.8077,0.35875,1.3647,1.9942,2.5284,3.4091,4.7907,5.7282,0.5413,1.5827,2.1968,2.6903,3.2042,3.7288,4.1737,4.5091,4.7751,5.0288,5.31,5.6027,5.8659,6.1038,0.067827,0.33478,0.54314,0.5783,0.46912,0.33268,0.20275,0.023825,5.9661,5.4746,5.1783,5.1312,5.0882,4.2192,3.5472,3.4717,3.3129,2.2047,1.334,1.1847,1.0546,6.0083,4.9752,4.9535,5.0852,0.37481,1.8724
2.2627,2.3405,4.92,5.342,5.5235,5.8736,0.91133,1.8984,2.2406,2.5985,4.1587,5.4795,6.135,1.2439,2.1099,2.5563,3.003,3.5487,4.0925,4.5018,4.8004,5.0652,5.3598,5.6844,5.9589,6.1565,0.056446,0.3145,0.69556,1.0264,1.0991,0.96097,0.76285,0.60791,0.5107,0.43956,0.31856,0.11466,6.218,5.9861,5.4777,4.5804,3.9054,3.3431,2.5226,1.7463,1.262,0.72318,6.0426,5.322,4.9858,4.5981,3.0298,2.3554
2.4822,1.1328,6.2512,6.0581,6.049,0.59715,2.584,2.7417,2.9463,3.8873,5.5322,5.9492,0.2488,1.6162,2.3789,2.8123,3.3074,3.9325,4.4836,4.8654,5.1674,5.4806,5.8431,6.1844,0.13386,0.2857,0.45074,0.7366,1.1534,1.4652,1.5441,1.4446,1.2555,1.0922,1.0362,1.0612,1.0024,0.66465,0.11247,5.8889,5.3944,4.7449,3.9484,3.266,2.6929,2.0811,1.3447,0.58993,6.2479,5.6995,5.0397,4.0774,3.3029,2.8705
3.4913,0.29898,0.34152,0.48346,1.0307,2.4774,3.0229,3.3473,3.8603,4.8546,5.6247,6.0904,0.37705,1.4162,2.3125,2.8915,3.5276,4.2665,4.8418,5.243,5.5926,5.9617,0.052566,0.35335,0.55369,0.7007,0.86695,1.1094,1.4019,1.6253,1.7056,1.6426,1.4753,1.2988,1.1955,1.1269,0.93153,0.40276,6.0488,5.6214,5.2229,4.6304,3.8755,3.3161,2.8955,2.3717,1.5103,0.75191,0.32252,6.2087,5.2193,3.9981,3.6614,3.5315
4.8183,0.64241,0.8439,1.074,1.6434,2.6273,3.2392,3.6689,4.2035,4.9337,5.6113,6.1427,0.40694,1.1306,1.9573,2.6911,3.4639,4.3487,5.0529,5.5485,5.9645,0.07302,0.42101,0.68577,0.86754,1.0058,1.1483,1.3211,1.5078,1.6524,1.6907,1.585,1.3805,1.2016,1.0864,0.93104,0.5025,6.1382,5.7679,5.5232,5.1604,4.5235,3.9127,3.5336,3.196,2.638,1.7608,1.1882,0.87302,0.51213,5.579,4.5551,4.3293,4.2948
2.2181,2.154,2.1022,1.9523,1.7579,3.1489,3.6369,3.8612,4.2438,4.8746,5.6036,6.2026,0.45792,1.0653,1.7741,2.4825,3.1891,4.0684,5.0344,5.7314,6.2403,0.38575,0.74089,0.99544,1.1549,1.2647,1.3748,1.5063,1.6417,1.728,1.6894,1.4909,1.2558,1.1127,1.0133,0.77886,0.16701,5.9754,5.8342,5.7198,5.3496,4.591,4.1257,3.9074,3.6373,2.8934,1.998,1.6762,1.4957,1.001,5.6232,5.2885,5.2318,5.2096
2.2835,2.6655,3.0595,4.0462,5.3391,5.833,6.2133,2.5106,3.5223,4.4198,5.5942,6.2812,0.53458,1.1444,1.8481,2.4989,3.0732,3.7365,4.7528,5.7849,0.20079,0.75441,1.1752,1.4211,1.526,1.5779,1.6519,1.7661,1.8864,1.9399,1.8313,1.5534,1.3119,1.2043,1.1374,0.91018,0.28774,6.2218,6.2131,6.2163,5.9128,4.9515,4.4987,4.364,4.1671,3.1156,2.174,2.0375,2.0163,1.2955,5.5498,5.6357,5.8664,0.6709
2.437,2.8966,3.5764,4.7487,5.5247,6.0293,0.39688,1.5611,2.4479,3.067,5.2527,0.020761,0.58823,1.3022,2.0646,2.6447,3.1102,3.6151,4.3805,5.6021,0.62506,1.5403,1.9653,2.1087,2.0952,2.0484,2.0739,2.1774,2.2904,2.316,2.1504,1.8115,1.5582,1.4737,1.4569,1.3295,0.839,0.49908,0.47321,0.46387,0.20723,5.5049,4.9305,4.7897,4.6496,3.1573,2.2965,2.3054,2.5015,4.9038,5.5344,5.8317,0.11868,1.6603
2.6438,3.1476,4.1763,5.2437,5.7916,0.016778,0.86277,1.9028,2.5035,2.9685,4.0835,5.997,0.44196,1.4726,2.359,2.8456,3.2213,3.6382,4.173,4.5082,2.88,2.8188,2.8997,2.9201,2.8505,2.7411,2.713,2.7783,2.8453,2.8184,2.6061,2.2318,1.9647,1.8927,1.911,1.8457,1.4731,1.091,0.94976,0.85242,0.55508,5.9249,5.3113,5.1607,5.0963,2.5471,2.359,2.5392,3.3573,5.1638,5.5869,6.0081,0.95234,2.1716
2.947,3.5646,4.9791,5.7312,6.1711,0.46887,1.5116,2.3527,2.8351,3.3305,4.3497,5.5453,6.1916,1.2382,2.6385,3.0516,3.3713,3.7631,4.1952,4.1567,3.744,3.6162,3.6288,3.6654,3.6663,3.5989,3.5204,3.4895,3.4651,3.3741,3.1351,2.7636,2.4985,2.428,2.4383,2.3512,1.9984,1.5962,1.3833,1.2302,0.89831,6.2635,5.6677,5.5844,5.9346,1.9586,2.3151,2.7704,5.0072,5.4643,5.7239,6.2559,2.0887,2.6067
3.4078,4.277,5.6787,6.2382,0.40328,1.1116,2.1404,2.8238,3.3013,3.875,4.7708,5.5754,6.0733,0.37074,2.4809,3.1412,3.5026,3.9517,4.3983,4.5063,4.4285,4.3981,4.452,4.56,4.6605,4.6506,4.4933,4.3112,4.1713,4.0204,3.7751,3.4318,3.173,3.0825,3.0571,2.9459,2.6254,2.2287,1.9847,1.8382,1.6042,0.76534,0.065608,0.3159,1.3181,1.9122,2.1171,0.076644,5.7348,5.8323,5.9956,0.57985,2.8042,3.0756
4.0317,4.989,6.2533,0.52402,1.0043,1.7214,2.647,3.3116,3.8172,4.3923,5.149,5.8526,0.075927,0.56648,1.5623,2.9167,3.5269,4.0567,4.5641,4.867,5.0136,5.1183,5.2382,5.3787,5.5003,5.5316,5.4222,5.2121,4.9909,4.7754,4.5193,4.2154,3.9632,3.8266,3.7469,3.6231,3.3809,3.0713,2.8306,2.6742,2.5084,2.1481,1.6527,1.6101,1.857,2.0666,1.9521,0.36852,0.027068,0.066048,0.19572,2.139,3.4325,3.6708
4.6889,5.5571,0.69325,1.2113,1.6302,2.2795,3.2224,3.9052,4.3819,4.9018,5.612,0.040759,0.55054,1.0046,1.725,2.8705,3.5883,4.1227,4.6825,5.132,5.407,5.5847,5.7284,5.8612,5.9677,6.0045,5.9384,5.7812,5.5709,5.3272,5.0544,4.7853,4.5754,4.435,4.3158,4.1531,3.9191,3.6561,3.4155,3.1827,2.8813,2.4469,2.0703,2.0145,2.282,2.6173,2.4037,0.99342,0.78729,0.80619,0.85967,4.8219,4.2644,4.4107
5.2683,6.2754,1.4721,1.8758,2.2545,2.9588,3.9835,4.5965,5.0249,5.5524,0.038667,0.72179,1.1657,1.584,2.278,3.2168,3.8023,4.274,4.8607,5.4071,5.7417,5.944,6.0935,6.218,0.01587,0.0074417,6.1813,6.0113,5.8075,5.5666,5.3019,5.0717,4.9201,4.8238,4.7145,4.5258,4.2568,3.981,3.7344,3.4622,3.0354,2.4275,2.0536,2.2573,3.5302,3.908,3.6979,2.0409,1.5722,1.4985,1.4509,5.877,4.9776,5.0451
5.7,0.54716,1.8586,2.2996,2.7565,3.5727,4.5275,5.1124,5.5988,6.2319,0.73226,1.3402,1.785,2.273,3.0061,3.7369,4.1955,4.6345,5.3001,5.9042,6.2266,0.14903,0.33788,0.52621,0.60747,0.33705,6.1643,5.9134,5.7497,5.5657,5.353,5.1808,5.1012,5.0836,5.0433,4.8854,4.5819,4.2577,4.0159,3.7979,3.3123,1.7731,1.1295,4.977,4.4743,4.3359,4.0737,2.9308,2.0645,1.8983,1.8372,0.48452,5.3389,5.4267
5.9432,0.63663,1.9169,2.4945,3.0475,3.8626,4.7405,5.3805,5.962,0.36931,1.1073,1.7172,2.2508,2.8629,3.6124,4.2825,4.8321,5.5376,0.11402,0.57533,0.82787,1.1039,1.5093,2.0116,2.4943,3.022,4.0524,5.0333,5.3237,5.35,5.2536,5.1684,5.1943,5.309,5.4178,5.4118,5.1815,4.7861,4.582,4.7486,5.5245,6.1515,6.0552,5.1833,4.5988,4.3983,4.1916,3.4305,2.3168,2.0796,2.0565,1.9952,5.447,5.6069
6.0392,0.5448,1.729,2.5141,3.1637,3.9292,4.7558,5.4783,6.1487,0.56773,1.2725,1.9228,2.5579,3.255,4.0064,4.7438,5.5486,0.17221,0.82511,1.204,1.4874,1.7909,2.1377,2.4889,2.8281,3.1876,3.6336,4.202,4.7211,4.9856,5.0269,5.0643,5.2824,5.6144,5.9079,6.0876,6.0969,5.8344,5.51,5.4945,5.659,5.7977,5.6865,4.9916,4.4481,4.3053,4.2163,3.7465,2.3281,2.0947,2.1731,2.5062,5.1781,5.6159
6.0946,0.50631,1.4338,2.409,3.1973,3.9067,4.6558,5.457,6.2222,0.62783,1.2878,1.98,2.7178,3.4545,4.1928,5.0811,6.153,0.6477,1.1143,1.4249,1.6685,1.9089,2.1708,2.4509,2.7461,3.0612,3.4043,3.7743,4.1315,4.3531,4.3812,4.9635,5.719,6.1084,0.061478,0.19723,0.19304,6.2218,5.7928,5.5615,5.5095,5.4733,5.2068,4.4013,4.0128,4.0164,4.1191,4.0172,1.7521,1.9154,2.2575,2.8841,4.4119,5.4615
0.12746,0.71832,1.3237,2.385,3.3941,3.9996,4.5996,5.4448,0.032691,0.63715,1.1515,1.7799,2.5674,3.1674,3.4126,2.7876,1.7801,1.7411,1.6386,1.0963,1.1537,1.4479,1.7374,2.0097,2.2733,2.5188,2.6957,2.6672,2.2878,1.9509,1.8139,1.5078,0.61441,0.24553,0.2386,0.26428,0.17457,6.1259,5.6719,5.3859,5.2105,4.9631,4.3614,3.6354,3.3467,3.2487,2.9261,0.71864,0.77456,1.2371,2.6727,3.5387,4.1007,5.1994
1.3793,1.3873,1.6802,3.5239,4.2151,4.5139,4.9729,5.9872,0.51054,0.86927,1.1458,1.5592,2.1824,2.5103,2.5942,2.7192,3.0332,3.6233,4.3168,4.9125,5.6036,0.27039,0.96376,1.341,1.5831,1.7499,1.8376,1.8388,1.7927,1.7358,1.6411,1.4011,0.86588,0.35659,0.15106,0.039569,6.1028,5.7034,5.315,5.0216,4.7093,4.2454,3.647,3.1327,2.6917,2.1175,1.3398,0.73359,0.26325,5.7551,4.7083,4.2747,4.0075,2.1981
1.7899,1.8408,2.5573,4.4065,4.7085,4.9845,5.5891,0.38757,0.94963,1.2379,1.5403,2.0683,2.6509,2.8641,2.9175,3.0428,3.3715,3.9032,4.4086,4.8016,5.2164,5.8788,0.42256,0.9142,1.1798,1.3732,1.5451,1.6755,1.7287,1.6993,1.584,1.3448,0.89839,0.26079,5.968,5.5175,5.1673,4.9176,4.6855,4.3861,4.0064,3.5928,3.1663,2.6794,2.0953,1.5173,1.0315,0.5234,6.0324,5.2123,4.7596,4.4368,3.5094,1.9879
1.8116,1.8187,2.9054,4.6104,4.8081,5.076,5.7611,0.55664,1.0737,1.4003,1.8183,2.4932,3.0954,3.3687,3.4631,3.5242,3.7246,4.0935,4.3808,4.5512,4.7012,4.9464,5.5307,0.095225,0.53285,0.81338,1.2238,1.6352,1.7557,1.6969,1.564,1.381,1.088,5.5919,4.3371,4.017,3.7826,3.6332,3.5654,3.486,3.326,3.0683,2.6868,2.1738,1.634,1.171,0.73143,0.15189,5.6395,5.0125,4.6211,4.1975,2.9604,2.0145
1.7386,1.486,0.34542,4.8484,4.8105,4.973,5.6632,0.62723,1.1121,1.4441,1.9281,2.7024,3.3424,3.7012,3.9601,4.2548,4.6716,4.4287,3.9558,3.9582,4.0462,4.1858,4.4062,4.7056,4.9427,5.0043,4.954,4.8925,4.9147,0.51759,1.4375,1.7538,2.8815,3.4559,3.3845,3.0915,2.7637,2.5723,2.5712,2.7029,2.7536,2.5627,2.1874,1.77,1.3653,0.93723,0.427,6.0974,5.4708,4.9258,4.4265,3.8112,2.8853,2.1251
1.6014,0.93326,0.18358,5.3718,4.774,4.6262,4.9701,0.77703,1.1206,1.3877,1.8968,2.8203,3.4978,3.8866,4.2703,4.9874,6.2746,1.1331,2.8254,3.4287,3.7238,3.9784,4.2608,4.5563,4.7754,4.8762,4.9079,4.9372,5.0107,5.1507,5.2048,3.4292,3.2903,3.2203,2.9692,2.5869,2.2695,2.099,2.0504,2.1054,2.1717,2.0377,1.7877,1.5367,1.2325,0.78012,0.17476,5.8923,5.4181,4.898,4.2133,3.505,2.9132,2.3051
1.3548,0.36896,0.10265,6.1668,4.6852,3.5606,3.3982,3.0703,1.007,0.81118,1.0307,2.6391,3.5255,3.7955,4.1189,5.6597,0.83999,1.7361,2.8281,3.3691,3.6946,3.9935,4.3181,4.6282,4.8394,4.9364,4.9736,5.0153,5.1027,5.2296,5.2072,3.7151,3.197,3.0053,2.6973,2.312,2.0067,1.8164,1.6936,1.5957,1.5213,1.5228,1.5059,1.403,1.169,0.68543,6.2779,5.7632,5.3926,4.9027,4.0015,3.2779,2.9149,2.536
0.3396,6.0934,6.2013,0.22171,1.4443,2.5676,2.981,3.4436,4.3482,5.2988,5.8257,0.035181,0.82343,1.6771,2.1446,2.4582,2.8378,3.31,3.6081,3.772,3.9497,4.2089,4.5404,4.8436,5.0288,5.0949,5.0923,5.0947,5.1724,5.3367,5.4315,3.2242,2.8978,2.7602,2.5106,2.1592,1.8196,1.565,1.3685,1.168,0.94011,0.99933,1.2607,1.2771,1.1118,0.66432,6.1637,5.6178,5.3091,4.916,3.806,3.005,2.8019,2.7271
4.1281,5.325,5.778,0.098597,1.1667,2.0637,2.6791,3.3687,4.2417,5.0225,5.6639,0.05839,0.82558,1.5245,2.1097,2.6837,3.298,3.8534,4.2521,4.5137,4.7002,4.8889,5.11,5.3043,5.437,5.4931,5.3331,4.0254,3.505,3.6613,1.8957,2.1522,2.4154,2.4842,2.395,2.09,1.5892,1.1889,0.97678,0.83723,0.51087,5.0859,0.54059,0.95856,0.96003,0.79689,6.2294,5.2076,4.9866,4.8963,3.9129,2.316,2.3722,2.6622
3.4562,4.4446,5.1128,5.8788,0.60937,1.4827,2.2045,3.0275,3.9701,4.7911,5.5341,0.052807,0.86029,1.5587,2.1907,2.8265,3.4515,4.0013,4.4665,4.8869,5.2971,5.6645,5.8718,5.9608,0.39269,2.0392,2.3825,2.5953,2.7936,2.9779,2.9974,2.2685,2.0431,2.2164,2.3764,2.2811,0.21907,0.099694,0.20978,0.52408,3.4835,3.7022,4.0205,0.13001,0.74796,1.0598,1.7892,3.8803,4.3807,4.8511,6.0287,1.0633,1.6554,2.3164
2.9818,3.8356,4.6364,5.4261,6.2336,0.73512,1.4962,2.291,3.1382,4.0028,4.9292,5.9812,0.68457,1.4972,2.219,2.8803,3.4635,3.9694,4.4183,4.8175,5.1149,5.0167,4.0294,3.6876,3.4782,3.1749,3.0025,3.0281,3.1666,3.3432,3.4608,3.1566,2.1482,2.0658,2.661,4.8063,5.1459,5.2539,5.0174,3.621,3.2834,3.3034,3.3265,1.1627,0.8799,1.1029,1.5962,3.2743,4.3085,4.9091,5.696,0.46552,1.3667,2.1486
2.6967,3.3669,4.3862,5.2572,5.8775,0.21569,0.97964,1.7784,2.4343,3.0139,3.6536,4.4186,5.1763,5.8745,0.64331,2.1146,2.7783,3.184,3.5022,3.7119,3.7809,3.796,3.8396,3.9079,3.9664,3.975,3.911,3.8212,3.7797,3.7835,3.7657,3.575,2.8437,2.2125,2.6209,4.8826,4.9265,4.8094,4.2911,3.467,3.1345,2.9906,2.7012,1.7419,1.1522,1.0665,1.0755,0.46266,4.9274,5.0393,5.3245,6.0362,1.5143,2.2045
2.5329,2.9112,4.1875,5.2669,5.742,6.2448,0.74324,1.6382,2.274,2.8088,3.4314,4.1788,4.8591,5.4214,6.0047,0.46299,1.2449,1.8597,2.3869,2.9182,3.3915,3.7165,3.921,4.074,4.2238,4.3817,4.5156,4.5633,4.4676,4.2237,3.8959,3.5002,2.9135,2.2197,1.8044,1.68,4.1789,4.0853,3.7144,3.285,2.9607,2.7012,2.3704,1.8722,1.3851,1.068,0.78722,0.23398,5.6119,5.1966,5.0683,4.9428,2.6454,2.3913
2.4531,2.5012,3.6248,5.4248,5.7275,6.1313,0.66121,1.6829,2.3096,2.8316,3.4772,4.2539,4.927,5.4822,6.0581,0.45313,1.1318,1.6976,2.21,2.7581,3.309,3.7281,3.9983,4.1989,4.4124,4.675,4.9466,5.1525,5.2269,4.9418,3.4371,2.8369,2.4398,1.969,1.6958,1.6901,1.896,2.2954,2.7062,2.7682,2.5219,2.3145,2.1661,1.9543,1.5878,1.1155,0.68337,0.25675,5.9834,5.3799,4.9418,4.5356,3.6249,2.6761
2.4396,2.238,1.7783,5.7286,5.7907,6.093,0.68712,1.8653,2.4426,2.9419,3.6187,4.4273,5.0769,5.6087,6.1743,0.54662,1.1739,1.6863,2.1503,2.6666,3.2468,3.7297,4.0413,4.2919,4.6938,5.3333,5.8446,6.2015,0.3174,0.93131,1.5717,1.8571,1.8265,1.6496,1.5743,1.6691,1.8477,1.9891,1.9566,1.6342,1.3748,1.513,1.821,1.9681,1.7654,1.1938,0.69256,0.35094,6.2239,5.5737,4.9323,4.4729,3.8891,2.967
2.3788,2.1883,1.6622,5.7936,5.7553,5.963,0.70783,2.1343,2.575,3.03,3.8282,4.7403,5.3115,5.7792,0.06619,0.75269,1.3091,1.6742,1.9344,2.125,1.9577,1.1858,1.2261,1.3083,1.3045,1.2426,1.1822,1.1808,1.2524,1.3538,1.4121,1.3725,1.238,1.1078,1.1729,1.6465,2.11,2.1353,1.8604,1.4429,1.0748,0.78986,0.48794,6.2683,5.8702,0.80949,0.87054,0.64946,0.12577,5.5628,5.0101,4.6437,4.013,2.8624
1.9562,2.2445,3.7434,4.8454,5.04,5.1486,5.3909,0.85857,1.1259,0.97496,0.91381,1.1422,1.9061,2.6904,3.1249,3.529,4.1705,5.0708,5.7148,6.1709,0.34806,0.82575,1.1903,1.3958,1.4972,1.5561,1.6115,1.6665,1.6768,1.5649,1.2835,0.90801,0.53202,0.073342,5.5899,4.7399,4.1192,3.2853,2.2482,1.7095,1.3224,0.74656,6.2284,5.7564,5.5451,5.3314,3.9017,3.2772,3.6039,4.2111,4.7649,5.4398,1.1828,1.7182
1.578,1.9348,3.8628,4.4209,4.5944,4.8012,5.3599,0.092979,0.57553,0.84849,1.1922,1.7571,2.4311,2.9468,3.3622,3.8217,4.4176,5.0537,5.5723,6.0267,0.26624,0.86213,1.3022,1.5272,1.6395,1.7367,1.8773,2.0452,2.1165,1.7702,0.68831,0.16073,6.1196,5.68,5.1307,4.693,4.3619,3.9004,2.8425,2.0628,1.6993,1.1464,0.073285,5.9239,5.8455,5.8136,5.1509,3.8568,3.8662,4.0175,4.1853,5.1222,1.2835,1.4211
1.4065,1.5973,3.4731,4.2681,4.4788,4.7581,5.4386,0.17783,0.68799,1.0233,1.4458,2.087,2.731,3.1771,3.5468,3.9844,4.5609,5.129,5.5481,5.9006,0.10901,0.98357,1.6152,1.8365,1.9384,2.199,3.0039,3.6208,4.0127,4.7924,5.5755,5.7627,5.6657,5.372,4.9671,4.6031,4.303,3.9198,3.0975,2.2748,1.9487,1.6743,0.80372,0.065771,6.2687,0.0015166,6.1227,4.9986,4.2606,4.126,4.0555,3.6999,1.5519,1.3764
1.2639,1.3858,2.6137,4.1001,4.3753,4.698,5.4255,0.21352,0.76961,1.1586,1.6613,2.3989,3.0423,3.4475,3.7842,4.2181,4.8222,5.3067,5.4869,5.34,4.5034,3.7995,3.7918,4.1748,4.6116,4.7964,4.8201,4.7962,4.8155,4.9612,5.2053,5.3538,5.3138,5.1002,4.7502,4.3588,4.0066,3.6344,2.9777,2.1959,1.9959,2.0653,1.9901,1.2963,0.59657,0.31971,0.090831,5.8698,4.7792,4.221,4.0013,3.7528,2.1323,1.3202
1.046,1.175,1.9399,3.799,4.1814,4.5472,5.314,0.16533,0.76674,1.2175,1.8477,2.7434,3.4037,3.8355,4.3051,5.2267,0.036461,0.77792,2.8517,3.4903,3.7393,3.974,4.2773,4.6106,4.8437,4.954,4.9964,5.0128,5.0202,5.0129,4.9657,4.8632,4.6983,4.4023,3.8063,3.0499,2.5513,2.1021,1.1841,0.22904,6.2256,2.6991,2.5746,2.2573,1.4281,0.55826,0.17635,6.133,5.3333,4.2443,3.8948,3.7267,3.093,1.1264
0.52324,0.77471,1.5118,3.1354,3.67,4.0921,4.9378,6.1879,0.52325,1.0618,2.1665,3.3741,4.0201,4.8249,5.9756,0.43599,0.99766,1.6996,2.5225,3.1295,3.5707,4.0009,4.4528,4.7948,4.9596,5.0195,5.0539,5.0937,5.0955,4.835,4.1198,3.7003,3.4344,3.0312,2.4899,2.0539,1.7279,1.3265,0.57665,6.0575,5.5771,4.7546,3.0944,2.6796,2.2766,0.87764,0.13453,6.2114,5.8995,3.9163,3.5429,3.5418,3.7256,0.2938
