2.0591,2.4946,2.8776,3.5203,4.6668,5.2486,5.4273,5.4857,5.681,0.0027816,0.61708,1.0196,1.4004,1.9008,2.5758,3.2416,3.7731,4.3159,5.3577,0.48491,1.229,1.9684,2.7531,3.2672,3.5259,3.5973,3.5189,3.671,4.4515,5.1726,5.9497,0.40329,0.77124,0.86096,0.69259,0.24647,6.0954,5.855,5.6707,5.276,4.31,3.7961,3.6851,3.6068,1.7319,1.234,1.3716,1.6394,2.4759,4.6532,5.0913,5.4487,5.9752,1.038
1.4847,1.7014,2.0125,3.1702,4.3309,4.5865,4.6682,4.7191,5.2375,6.0333,6.2656,0.21073,0.59896,1.2523,1.9938,2.5624,3.0723,3.7562,4.7095,5.4466,5.9379,2.8752,3.5863,4.1221,4.6497,5.0282,5.1806,5.0302,4.7009,4.6154,4.8107,5.2873,6.1931,0.73372,1.0453,0.81668,0.057905,6.0177,5.9236,5.7904,5.2472,4.1744,3.8033,3.6568,3.2488,1.3824,1.1091,1.0822,1.0114,4.5629,4.5543,4.6623,4.9379,0.9634
1.2878,1.2709,1.2603,5.1467,4.4529,4.341,3.986,3.0331,2.4978,2.9035,5.3271,5.4746,5.7044,6.2647,1.0897,1.7187,2.0754,2.6944,4.3131,4.7727,4.8636,4.8326,4.8932,5.1733,5.379,5.4644,5.4506,5.2802,4.8903,4.5944,4.6087,4.7478,4.7989,4.4274,3.3157,2.8536,2.5309,1.1089,0.20011,6.2478,5.9365,4.9231,4.0027,3.7124,3.4227,1.7965,0.98262,0.81809,0.57926,4.7329,4.3036,4.2349,4.1553,1.576
1.272,0.98557,0.59106,5.6809,4.831,4.3739,3.0852,2.2857,2.2286,2.6236,4.2618,4.8101,5.0792,5.4801,0.13158,0.98739,1.3523,1.6557,3.0712,4.2403,4.4265,4.5938,5.0306,5.5523,5.6939,5.6717,5.5968,5.4518,5.1346,4.7294,4.6325,4.6818,4.6214,4.3154,3.7379,3.2056,2.8174,2.3302,1.3593,0.5432,0.1172,5.837,4.5325,3.8579,3.5351,2.5959,0.88161,0.58729,0.26401,5.0215,4.1522,3.9143,3.6022,2.2269
1.4519,0.64777,6.1378,5.5251,5.213,5.0837,1.88,1.9243,2.0716,2.5097,3.6679,4.4053,4.7691,5.1868,5.989,0.59102,1.0563,1.421,2.1549,3.4312,3.9048,4.1714,4.7595,5.7757,5.9923,5.9293,5.8294,5.7648,5.7459,5.5654,4.9804,4.7843,4.6297,4.3591,3.9176,3.3913,2.9393,2.5335,2.0135,1.2651,0.60691,0.15983,5.9052,4.6838,3.907,3.6692,0.0068797,0.083922,6.1293,5.2999,3.9542,3.4729,3.0662,2.3923
2.7654,5.0293,5.2447,5.3328,5.5334,0.0043253,1.174,1.6228,1.9533,2.4646,3.3438,4.0887,4.5692,5.0696,5.8348,0.39477,0.95722,1.4281,2.0579,2.866,3.4223,3.7387,4.0744,6.1815,0.35456,0.35259,0.33266,0.48899,0.84558,1.1096,1.1535,0.64582,4.8775,4.5088,4.1492,3.6385,3.1127,2.7117,2.3579,1.8917,1.2182,0.63105,0.26383,6.1926,5.3974,4.4625,4.2437,4.3355,4.6843,6.2265,1.6642,2.0567,2.2603,2.4023
4.1652,4.2655,4.4426,4.9716,6.1635,0.47829,0.82653,1.2651,1.917,2.6115,3.2002,3.7877,4.4583,5.1757,5.8925,0.33059,1.0097,1.6,2.1326,2.6497,3.137,3.5298,3.7282,2.0066,1.4385,1.4538,1.4485,1.4022,1.3658,1.3729,1.3934,1.3685,1.1658,6.1669,4.973,4.3728,3.6243,3.0666,2.7168,2.3693,1.8278,1.1015,0.56816,0.18521,5.9324,4.9109,4.2344,3.924,3.5639,2.0838,1.2841,1.1395,1.1219,1.8825
4.5232,4.1741,3.8816,2.8281,1.2856,0.95453,0.68194,6.2203,4.2874,3.8354,3.5587,3.2568,0.22778,0.097839,0.16348,0.57679,1.5244,2.0904,2.3605,2.6165,3.0492,3.7812,4.2821,2.1891,1.7944,1.7783,1.7362,1.6578,1.5741,1.5378,1.5424,1.5137,1.3652,0.96573,0.20339,5.7243,4.9899,4.0249,3.2933,2.82,2.3206,1.6062,0.87179,0.34021,6.0878,5.22,4.3326,3.8126,3.2967,2.2649,1.3269,0.9027,0.49199,5.6228
4.8148,4.2458,3.3245,2.1287,1.7086,1.5592,1.8412,4.4757,4.5221,4.6451,5.185,0.26359,0.67336,0.82178,1.0363,1.8636,2.766,2.9225,2.9169,2.9817,4.6227,5.3811,5.4871,6.0464,1.6491,1.7949,1.7921,1.7625,1.7437,1.7588,1.7611,1.6763,1.4789,1.126,0.55351,6.1507,5.536,4.8943,4.0953,3.3483,2.7597,2.1373,1.3351,0.57156,6.2406,5.5384,4.6019,3.8205,3.1976,2.4249,1.5142,0.81304,0.14495,5.5674
5.1726,4.7733,2.0546,1.8144,1.8144,2.0702,3.2653,4.1306,4.4408,4.7727,5.4293,0.039311,0.54725,0.87882,1.3153,2.1693,2.9297,3.2796,3.5775,4.4056,5.4468,5.681,5.7536,5.9746,0.9308,1.6381,1.7724,1.8581,2.0301,2.2877,2.2995,2.0194,1.6701,1.2809,0.7585,0.090264,5.762,5.2533,4.6934,3.9578,3.2356,2.6705,2.0633,1.1547,0.30429,6.029,5.4032,4.2125,3.2794,2.7559,2.1449,0.84234,6.0392,5.5268
0.034082,0.62309,1.0938,1.4409,1.8283,2.4889,3.3348,3.9047,4.3305,4.8231,5.504,6.1974,0.4301,0.87576,1.4155,2.1263,2.7735,3.2444,3.7154,4.4401,5.2016,5.5791,5.7637,5.9655,0.28539,1.3233,1.7696,2.1373,2.7957,3.3156,3.3228,2.9023,2.2193,1.6426,1.0946,0.39643,6.0049,5.5243,5.0954,4.5201,3.7643,3.1622,2.7096,2.1092,1.1222,0.46464,0.1313,6.0519,4.8418,3.8942,3.7417,3.8337,4.3433,5.5573
1.5482,1.1998,0.79653,0.29167,5.5651,3.4638,3.4393,3.6781,4.1798,4.9251,5.6234,6.1787,0.40925,0.95216,1.535,2.1124,2.6397,3.1232,3.607,4.1388,4.7042,5.1962,5.5603,5.8542,6.2477,1.0415,2.2708,2.9636,3.47,3.7215,3.7601,3.6005,3.1942,2.5953,1.9973,1.2777,0.33137,5.9575,5.5098,4.9856,4.233,3.5505,3.0597,2.5103,1.6896,0.9767,0.53015,0.070835,5.5574,4.7255,4.2852,3.9387,3.2951,2.1344
1.8958,1.9176,4.514,4.9743,5.0903,5.2554,5.9263,1.7638,1.9534,5.7762,5.9506,0.064456,0.61483,1.2071,1.7294,2.1969,2.6575,3.12,3.5563,3.9487,4.3152,4.6919,5.0901,5.444,5.6135,3.2402,3.0572,3.169,3.3846,3.6354,3.7813,3.7499,3.5433,3.206,2.8096,2.356,1.7065,0.79751,6.2799,5.4694,4.4672,3.7442,3.1987,2.5233,1.7356,1.1698,0.72533,0.10333,5.4751,4.8938,4.5678,4.1164,2.6439,2.0156
2.1246,2.8824,4.1116,4.6925,5.1293,5.7536,0.32708,0.9276,1.2515,1.3543,0.86612,0.78976,1.2243,1.6177,1.9836,2.3842,2.8334,3.275,3.6479,3.9535,4.2322,4.5311,4.8646,5.1325,5.0145,3.3718,2.9453,2.8663,2.9052,3.1238,3.4766,3.6287,3.5386,3.333,3.0709,2.7372,2.2792,1.7348,1.2975,1.1553,3.7245,3.5201,3.0465,2.1092,1.4625,1.1567,0.84723,6.1785,5.0933,4.8609,4.8384,5.1103,1.6499,1.8361
2.4261,3.6055,4.2434,4.6892,5.3081,6.2581,0.65482,1.0386,1.3634,1.8337,2.427,2.087,1.8693,1.9861,2.2562,2.6647,3.1459,3.5608,3.8693,4.1212,4.3801,4.6967,5.0477,5.3089,5.3535,3.4903,2.7208,2.6115,2.5385,2.5159,2.7059,3.1343,3.3062,3.2789,3.1698,2.9652,2.5855,2.1426,2.0909,2.5746,3.0067,3.0506,2.4838,1.411,1.1004,1.0111,0.86835,4.7396,4.5659,4.7023,5.2314,0.71833,1.3006,1.6944
3.0401,4.1694,4.5618,4.9674,5.8346,0.64576,1.1401,1.474,1.952,3.0316,3.7046,3.3365,2.3147,2.263,2.5372,3.0257,3.552,3.9286,4.1861,4.4106,4.6737,5.0041,5.3302,5.5599,5.6936,5.838,2.5599,2.5409,2.4478,2.281,2.138,2.2894,2.7235,3.0325,3.1892,3.2656,3.1832,2.7095,2.9953,3.1703,3.2031,3.0689,2.3118,1.2504,0.99263,0.90484,0.38827,4.4048,4.4138,4.5795,6.2006,1.1489,1.4082,1.7674
3.757,4.6852,5.0793,5.5746,0.27852,1.2035,1.697,2.1419,2.8233,3.7179,4.2584,4.4798,3.9487,2.6428,2.8961,3.4642,3.9836,4.3089,4.5277,4.7268,4.9639,5.2462,5.5132,5.7115,5.8429,5.9364,2.7215,2.7485,2.6296,2.3543,2.0473,1.9721,2.1373,2.4074,2.6937,5.7859,5.8951,5.6916,4.533,3.8141,3.6173,3.3964,2.5736,1.467,1.1898,1.0372,5.9916,4.7224,4.6907,4.7976,1.1106,1.6298,1.8408,2.2413
4.0158,5.1473,5.627,6.1188,0.62846,1.5307,2.1266,2.6109,3.1866,3.8928,4.485,4.8712,5.1238,5.1913,4.3264,4.1408,4.429,4.6442,4.7927,4.9311,5.1039,5.3236,5.5567,5.7489,5.8554,5.7843,4.855,3.6566,3.2729,2.7837,2.304,2.116,2.083,1.9682,1.1508,0.31757,0.1099,6.1619,5.3873,4.4805,4.1653,3.9036,2.9661,1.8447,1.589,1.394,6.2116,5.2692,5.2198,5.2973,1.658,2.2355,2.4483,2.8287
4.0537,5.5678,6.0532,0.16224,0.78477,1.7396,2.4307,2.8841,3.3465,3.9587,4.6071,5.0648,5.3744,5.6511,5.9977,0.13245,0.070147,4.8666,4.7694,4.8651,5.0207,5.2251,5.4565,5.656,5.7318,5.5556,5.049,4.5368,4.1044,3.4485,2.8059,2.5388,2.4123,2.1568,1.4583,0.91938,0.73404,0.54941,6.1974,5.1725,4.8183,4.5873,3.2494,2.1377,1.9735,1.7535,0.17602,5.7429,5.6746,5.6805,4.0533,2.8143,2.9338,3.1862
4.126,6.0296,0.15232,0.44479,0.93797,1.9272,2.6953,3.1015,3.4751,4.0037,4.6719,5.1912,5.5556,5.9141,0.11829,0.76709,1.4051,2.0795,3.2994,4.2792,4.7148,5.0104,5.2598,5.4483,5.5021,5.374,5.1529,4.9301,4.6043,3.9108,3.2525,2.9959,2.8494,2.5684,2.0119,1.6061,1.458,1.3487,0.97821,6.176,5.7128,5.7197,1.2847,2.173,2.2217,1.9804,0.16463,6.0543,6.0058,5.9606,4.4236,3.2861,3.32,3.4781
4.8156,0.4008,0.72575,0.95355,1.3349,2.245,3.042,3.3804,3.6553,4.0611,4.6571,5.2455,5.7139,6.1543,0.38284,0.99626,1.6309,2.2414,2.9205,3.7172,4.3939,4.8358,5.1163,5.2778,5.3367,5.3362,5.3243,5.2812,5.0642,4.2962,3.5998,3.3711,3.2041,2.8801,2.4071,2.1195,2.0258,1.9713,1.7608,1.1042,0.66034,0.74221,1.1581,1.7786,2.252,0.42951,6.1383,6.2641,0.095266,0.14891,3.8214,3.7226,3.8319,4.0254
6.1615,1.1787,1.9812,2.3576,2.6846,3.3621,4.6344,4.4986,4.0704,4.1225,4.4955,5.1266,5.7967,0.051898,0.53513,1.0726,1.709,2.3571,2.9428,3.5387,4.212,4.7895,5.1165,5.2579,5.3282,5.4204,5.5572,5.683,5.6528,4.9535,4.0327,3.7678,3.5302,3.0835,2.6247,2.4473,2.4467,2.4732,2.3169,1.7863,1.4473,1.3954,1.399,1.1993,5.993,5.6306,5.802,0.089498,1.4716,2.3411,3.1093,4.2465,5.02,5.5148
0.20206,1.6659,2.887,3.1639,3.4245,4.3886,6.1314,0.11767,6.2496,4.0456,4.2187,4.7329,5.646,0.094241,0.5539,0.99312,1.5923,2.3453,2.9495,3.4234,4.0464,4.8545,5.2394,5.3398,5.4051,5.5463,5.785,6.0518,6.1834,5.839,4.864,4.44,4.0727,3.2457,2.7063,2.6697,2.8426,3.0616,2.974,2.2533,1.8976,1.8056,1.6816,0.98132,5.9596,5.7249,5.6742,4.6998,2.7862,2.8367,2.978,5.2362,6.0301,6.2158
0.39373,1.796,3.3533,3.5453,3.7553,4.7752,0.29012,0.5696,0.86663,3.4688,3.9825,4.3502,5.0881,6.1291,0.37784,0.69626,1.0505,1.7144,2.5201,2.7959,2.6983,0.2537,5.5558,5.4423,5.4754,5.6396,5.9408,0.019388,0.21365,6.2774,5.7214,5.445,5.4198,5.8714,2.4344,2.7954,3.4701,4.1318,4.2691,2.8568,2.2392,2.1535,2.0174,0.92946,6.003,5.8361,5.6914,4.0018,3.1324,3.0723,3.0494,0.77093,0.20499,0.25714
0.63707,1.496,3.7379,3.8962,4.1016,5.1275,0.59577,0.91127,1.2816,2.6934,3.7715,4.1421,4.5723,5.3931,6.1538,0.18281,0.32626,0.48796,0.84996,1.3473,1.6676,1.8407,1.959,5.3024,5.4027,5.6211,5.975,0.14952,0.37663,0.14833,6.1062,6.0325,6.1677,0.22746,0.74095,0.55805,5.2516,5.303,5.3821,5.3499,2.5936,2.562,2.5474,0.37534,5.9857,5.9442,5.792,4.1138,3.3851,3.3032,3.2307,1.6413,0.56442,0.55697
1.0274,1.5276,4.0839,4.2873,4.5233,5.2941,0.70555,1.1491,1.5026,2.243,3.4219,3.9578,4.2984,4.7509,5.4209,5.9603,6.2827,0.28332,0.65462,1.1371,1.5996,1.9512,2.2345,2.5492,3.1898,4.5823,5.324,6.229,0.40017,0.086486,6.268,0.034396,0.15781,0.31856,0.41815,0.17291,6.0348,5.9343,5.9642,5.9904,5.7322,3.8865,3.9455,4.8304,5.7346,6.0218,6.0003,4.1549,3.6318,3.6011,3.5655,2.4862,0.94837,0.93776
1.6112,1.8208,4.3156,4.7342,4.9163,5.2298,0.18006,1.2188,1.5358,1.8498,2.5381,3.5192,4.0193,4.3793,4.8675,5.5365,6.1169,0.25988,0.65742,1.1109,1.6,2.0207,2.332,2.5677,2.7791,3.0209,3.2946,3.5082,3.7301,4.9044,6.2687,0.20109,0.29924,0.34797,0.32171,0.18761,0.10014,0.13373,0.16565,0.10679,6.1051,5.4439,4.9524,4.8421,4.9914,5.7423,0.98521,2.851,3.8984,4.1376,4.2441,4.1554,1.5439,1.5287
2.2454,1.9789,1.4848,5.7826,5.2219,5.0272,4.9656,5.5567,1.1476,1.3268,1.5077,2.0116,3.2419,3.9362,4.376,5.0155,5.9194,0.26608,0.68802,1.1065,1.5938,2.0555,2.3733,2.5593,2.6795,2.8196,3.0744,3.4178,3.6987,3.9574,5.6502,0.30817,0.33827,0.21883,6.2782,6.1808,0.38144,0.73253,0.71857,0.51782,0.11713,5.8335,5.3306,4.941,4.4691,3.452,2.4846,1.9827,0.74921,5.5552,5.2081,4.8518,3.8026,2.6234
2.8585,2.0126,1.5061,1.1741,6.0068,4.6605,4.6001,4.7619,5.6238,0.62538,1.0094,1.3104,1.8909,3.0385,3.7112,4.1485,5.1885,0.30978,0.74757,1.1018,1.5731,2.0771,2.3815,2.4997,2.5406,2.6102,2.8228,3.2236,3.5852,3.7314,3.6461,0.57894,0.14042,5.8435,5.2846,4.7874,3.54,1.979,1.4994,1.0324,0.43013,6.09,5.5628,5.0207,4.263,3.3883,2.6903,1.9559,0.99687,0.18976,5.8295,5.1121,4.351,3.6617
3.5423,1.9079,1.4377,1.3938,1.7183,4.0495,4.3644,4.6226,5.1821,0.022288,0.67097,1.026,1.4344,2.171,2.9468,3.2891,3.3409,2.7588,1.3692,1.2816,1.7471,2.3484,2.4412,2.3485,2.2661,2.2618,2.3868,2.7175,3.1168,3.1434,2.6621,1.9128,5.7319,5.1224,4.8354,4.4703,3.808,2.9598,2.3472,1.7405,0.83095,0.011037,5.7297,5.0397,4.0591,3.3434,2.7772,1.9609,1.0608,0.49534,6.2135,5.2474,4.47,4.0769
4.0534,1.485,1.2553,1.3664,1.7935,3.4303,4.1171,4.4734,4.9977,5.943,0.39599,0.80791,1.1951,1.7626,2.4158,2.7791,2.9128,2.9958,3.2249,3.7368,4.2062,4.4301,4.45,1.7897,1.7116,1.758,1.8381,1.9534,2.0417,1.9819,1.8557,1.6981,6.2733,5.0206,4.8007,4.494,3.9534,3.3057,2.8388,2.4267,1.5213,0.16808,5.8537,4.9485,3.7412,3.2436,2.8154,1.947,1.0196,0.5995,0.20222,5.3343,4.4187,4.1912
4.2147,0.38168,1.0154,1.2399,1.7037,3.0793,3.9094,4.3293,4.8678,5.7613,0.21432,0.64052,1.0199,1.5248,2.085,2.4441,2.6556,2.8773,3.2222,3.6838,4.107,4.4284,4.7349,5.4505,0.91074,1.3235,1.4878,1.5789,1.6136,1.6135,1.5942,1.5157,0.97164,5.1909,4.8694,4.5608,4.0349,3.4249,3.0299,2.7646,2.3104,0.31656,5.9932,4.7811,3.4116,3.1352,2.8463,1.9676,0.91622,0.59462,0.36648,5.515,4.2604,4.1466
4.1281,5.3137,0.91856,1.1413,1.5543,3.0305,3.9225,4.3318,4.8846,5.8225,0.23721,0.61522,0.9487,1.3874,1.8668,2.208,2.4613,2.7384,3.1,3.523,3.9162,4.2361,4.5182,4.8951,0.064917,1.1704,1.4175,1.5044,1.5119,1.4962,1.4711,1.3917,1.0233,5.5416,4.9537,4.5912,4.027,3.3999,3.0171,2.7712,2.3913,0.69237,6.2686,5.5783,3.3341,3.1346,2.9404,2.2291,0.91061,0.58226,0.42973,6.0858,4.1932,4.067
3.8893,3.1833,2.1757,1.8225,1.8829,4.7556,4.9106,5.1642,5.7313,0.29763,0.78404,1.0122,1.1834,1.4233,1.7458,2.0537,2.3328,2.6271,2.9656,3.337,3.6926,3.9897,4.218,4.3757,4.3201,1.6826,1.6287,1.5651,1.4738,1.396,1.3253,1.1993,0.80658,5.793,4.9984,4.5364,3.939,3.3179,2.8972,2.5631,2.0552,1.0105,0.24869,6.0337,4.497,3.5053,3.1833,2.7291,1.5756,0.80524,0.4701,0.045336,5.1863,4.311
2.6641,2.7931,2.9081,3.1827,3.9799,5.0827,5.5882,5.965,0.1821,0.88164,1.4566,1.7507,1.8274,1.7416,1.7449,1.97,2.2669,2.5562,2.8401,3.1299,3.4165,3.665,3.8223,3.8014,3.3561,2.4322,1.9179,1.6323,1.415,1.2349,1.0539,0.79206,0.28669,5.7224,4.9928,4.44,3.8861,3.3264,2.8226,2.3523,1.8278,1.1649,0.42024,6.0295,5.3802,4.5587,3.6236,2.9735,2.5043,1.8945,0.68861,6.2652,6.0256,5.9356
0.52871,2.4605,2.8747,3.2011,3.7932,4.8788,5.5916,6.0135,0.17949,0.85287,1.579,1.9959,2.1541,2.0755,1.8504,1.9323,2.2507,2.5244,2.7188,2.8682,2.9938,3.0917,3.1226,3.0261,2.7664,2.3692,1.9495,1.605,1.3162,1.0107,0.63087,0.19395,6.0408,5.5704,4.9917,4.4025,3.9246,3.4659,2.8837,2.238,1.7247,1.2561,0.55436,5.9591,5.4285,5.0216,4.159,3.0214,2.6647,2.4901,1.7978,6.1361,6.0658,6.1869
0.32701,1.9597,2.7143,3.0882,3.5846,4.5406,5.4257,5.9093,0.047335,0.65131,1.46,1.9874,2.1965,2.1676,1.9143,1.8622,2.2661,2.5604,2.5983,2.4411,2.1889,2.035,2.0514,2.1553,2.1993,2.0686,1.7901,1.4981,1.2128,0.81727,0.24651,6.0448,5.7427,5.4578,5.0049,4.4125,3.9815,3.6481,3.0973,2.1652,1.6138,1.2814,0.67041,5.8016,5.324,5.0997,4.5949,2.9785,2.6289,2.5851,2.5979,5.8831,5.9728,6.1543
0.17131,1.2806,2.4164,2.9115,3.3784,4.1452,5.1233,5.7299,6.1645,0.4036,1.2032,1.8824,2.1558,2.116,1.7956,1.6301,2.3089,3.1047,2.9274,1.2132,1.1038,1.2072,1.3731,1.5672,1.7216,1.7298,1.5727,1.3648,1.1355,0.73042,0.011972,5.7736,5.5358,5.3416,4.9846,4.3877,3.9622,3.7603,3.4689,1.9104,1.3049,1.1638,0.74942,5.3889,5.0701,5.0195,4.8755,2.8105,2.4791,2.5435,2.75,4.9377,5.7624,6.0431
0.0093874,0.73528,1.8885,2.6434,3.163,3.7784,4.6745,5.473,5.9968,0.18991,0.88198,1.7733,2.1979,2.0524,1.5162,1.4356,2.6295,4.1155,4.7476,5.6715,0.18586,0.62217,0.91359,1.1495,1.334,1.4103,1.344,1.2212,1.0796,0.74611,6.0964,5.4633,5.2689,5.1363,4.8444,4.183,3.7117,3.6585,3.9801,6.2356,0.4458,0.65648,0.58472,4.4804,4.5974,4.7843,5.007,1.5447,2.1402,2.3994,2.7444,3.675,5.2944,5.8425
6.0859,0.36167,1.1988,2.2341,2.9262,3.4756,4.1837,5.1769,5.9358,0.17445,0.85789,2.4543,3.2066,3.3486,1.1961,1.6056,2.9294,3.8861,4.4106,4.9564,5.6249,6.2522,0.41744,0.73246,0.9598,1.0865,1.0869,1.0459,1.0216,0.85817,5.4417,4.8746,4.8047,4.7257,4.4134,3.5188,3.0104,2.9974,4.7223,5.8898,6.0687,6.182,5.4733,3.8187,4.03,4.3973,4.9699,6.2681,1.4598,2.1199,2.6338,3.2668,4.4265,5.4916
5.7983,6.2747,0.56425,1.7127,2.7115,3.2291,3.8097,5.7288,0.41554,1.1025,2.2487,3.1124,3.5621,3.8927,3.9315,2.4966,3.1077,3.6504,4.0827,4.5179,5.0333,5.6141,6.1312,0.23364,0.50867,0.6776,0.71889,0.76591,0.91616,1.3736,4.0347,4.1964,4.2455,4.1744,3.7718,2.8822,2.4448,2.2892,1.2132,5.8407,5.8422,5.8981,5.6265,3.4182,3.6151,4.0536,4.7827,5.747,0.63905,1.747,2.4018,2.9091,3.6318,4.987
5.489,5.6245,5.5781,4.3268,3.5488,4.6361,0.27486,0.5639,0.94905,1.5812,2.3465,2.8896,3.2506,3.5299,3.6498,3.2332,3.2426,3.519,3.8256,4.1788,4.624,5.1511,5.6361,5.9835,6.1791,6.0731,5.0663,5.6104,0.35001,3.6525,3.8079,3.8856,3.901,3.8058,3.4297,2.6823,2.2424,2.0987,1.8995,5.6246,5.6615,5.9004,0.29721,2.2135,3.2156,4.0526,4.635,5.0377,5.6542,1.719,2.11,2.3292,2.6127,4.7765
5.8745,4.4184,4.0458,4.0064,4.3287,5.5687,0.028175,0.36824,0.75094,1.3846,2.1389,2.6213,2.9097,3.1247,3.2938,3.2909,3.2672,3.3849,3.5611,3.8038,4.1739,4.7131,5.2259,5.463,5.0587,3.6529,3.3983,3.3284,3.4342,3.8115,3.8242,3.7939,3.7437,3.6266,3.3147,2.6385,2.1291,2.1104,2.835,3.9321,4.3422,0.62464,0.98769,0.96212,0.56794,5.154,4.6768,4.4553,4.0783,2.9627,2.0199,1.6076,1.2328,0.72421
0.54377,3.4707,3.583,3.7175,4.0655,5.1104,6.0015,0.099095,0.44807,1.016,1.8127,2.3313,2.5841,2.7161,2.7788,2.8364,2.9818,3.0883,3.1672,3.2523,3.3788,3.6338,4.0986,3.8141,3.1639,2.9829,2.854,2.6716,2.4519,3.0715,3.8465,3.7773,3.6512,3.4966,3.2416,2.4056,0.27998,4.8704,4.0505,3.6398,3.1844,2.3909,1.3892,0.73337,0.19608,5.7904,4.8719,4.1516,3.6796,3.2303,2.357,1.1498,0.71926,0.56164
0.50703,2.246,3.1711,3.4202,3.7561,4.5532,5.5701,6.0553,0.11659,0.58457,1.334,1.9452,2.2035,2.2349,2.0542,1.8491,2.1084,2.4634,2.6084,2.6265,2.5609,2.4307,2.3283,2.4117,2.5486,2.5536,2.439,2.2435,2.0134,1.8651,2.5637,3.4883,3.2876,2.6601,0.78019,6.1137,5.5942,5.119,4.5536,3.8219,3.1035,2.4928,1.7023,0.61564,6.2387,5.7919,5.1057,3.9728,3.4138,3.1489,2.7884,0.89252,0.38437,0.34609
0.31894,1.2187,2.5732,3.0442,3.4298,4.0509,4.9795,5.6195,6.0228,0.14671,0.72406,1.3417,1.6336,1.5894,1.3779,1.3212,1.5542,1.9191,2.1681,2.2483,2.1953,2.0664,1.9748,2.0161,2.1223,2.1453,2.0583,1.9323,1.8461,1.8577,2.0083,2.0978,1.5627,1.0152,0.59666,6.268,5.5811,5.1338,4.7898,4.24,3.1285,2.4364,1.962,0.35757,5.8025,5.5667,5.2411,3.7974,3.0608,2.9385,2.9201,0.51282,6.2206,0.057727
0.038861,0.74587,1.8059,2.528,3.047,3.6283,4.367,5.0558,5.5632,5.9873,0.13622,0.5553,0.79661,0.83244,0.86859,1.0335,1.3215,1.6626,1.9517,2.1035,2.0391,1.7234,1.4518,1.4165,1.4886,1.5382,1.5444,1.5845,1.7304,2.0017,2.3265,2.5041,2.1826,1.3387,0.97785,0.66732,5.6626,4.9655,4.9066,5.0287,6.2331,1.6208,2.0131,4.4907,4.8965,5.0449,5.1361,2.8933,2.4082,2.5494,2.8084,3.7126,5.4235,5.9
5.8999,0.36226,1.1953,1.9234,2.5649,3.2057,3.8569,4.468,5.0118,5.492,5.892,6.1619,0.016073,0.14868,0.38575,0.7177,1.093,1.4686,1.8226,2.1403,1.9557,6.1366,0.1313,0.39643,0.58432,0.68212,0.76676,1.0014,1.5198,2.1556,2.6115,2.8967,3.0334,2.8593,2.3281,2.2345,2.4396,2.7309,3.4322,6.138,0.095397,0.23693,6.2442,4.1859,4.2151,4.3759,4.6388,0.94318,1.6157,1.9587,2.4476,3.4558,4.6167,5.2917
5.3271,6.1473,0.71738,1.387,2.0059,2.6877,3.3744,3.9541,4.4437,4.8978,5.2958,5.5361,5.6431,5.7958,6.0801,0.19967,0.65886,1.1044,1.5342,3.1176,5.1032,5.4884,5.8382,6.1501,0.086884,0.17263,0.1735,0.27818,0.88707,2.1725,2.7471,3.0645,3.2872,3.3481,3.0732,2.6598,2.4903,2.4282,2.2277,0.93271,0.21195,0.092684,6.1745,4.3459,3.9258,3.957,4.0831,0.62007,1.1472,1.4138,1.8572,2.9653,4.1237,4.7249
4.7751,5.447,0.16456,0.9379,1.486,2.0614,2.7824,3.4722,3.9507,4.2693,4.4798,4.6256,4.8213,5.0896,5.3977,5.7509,6.1604,0.30927,0.59528,5.5257,5.1688,5.3972,5.6767,5.9568,6.1884,0.0077856,6.2323,6.203,0.18752,1.3881,2.5736,3.0273,3.3156,3.4612,3.3323,2.8545,2.5095,2.391,2.2903,1.7973,0.41992,0.10146,0.015011,5.5878,3.7359,3.7154,3.8044,4.0242,0.84285,1.0495,1.3364,2.0497,3.6574,4.3083
4.3609,4.7889,5.643,0.48835,1.0659,1.4842,2.0327,2.897,3.5415,3.7273,3.5875,3.4628,3.7488,4.3035,4.7859,5.1602,5.5152,5.9243,0.10438,0.30932,5.715,5.4635,5.6108,5.8532,6.1798,0.27213,0.27993,0.01057,0.14347,0.55488,1.3839,2.4157,3.0339,3.4019,3.5364,3.0669,2.4346,2.3559,2.4052,2.3891,1.3144,0.15487,0.13835,0.25196,3.2357,3.4947,3.6432,3.8446,0.34697,0.76864,0.99245,1.3432,2.7436,3.9579
4.027,4.3229,4.8213,6.1881,0.70894,1.03,1.3139,1.9405,3.1582,3.2205,2.8065,2.6856,2.9384,3.5549,4.2559,4.7381,5.1219,5.5858,0.047394,0.83972,1.2796,1.4822,4.8435,4.0669,2.6443,2.4923,2.424,1.7498,0.44392,0.46944,0.77587,1.2275,1.6675,1.8888,6.0798,6.0002,0.077236,1.839,2.6471,2.8794,3.0149,0.2825,0.2446,0.4282,0.99695,3.0597,3.4622,3.6987,4.4255,0.44872,0.71332,0.95055,1.5426,3.5583
3.6651,3.917,4.2099,5.2342,0.31748,0.60133,0.68006,0.59938,0.28967,2.0848,2.0177,2.1137,2.3772,2.9155,3.7133,4.3275,4.7638,5.2829,0.015338,0.97943,1.4744,1.934,2.5424,2.9339,2.9135,2.7481,2.5984,2.3186,0.87253,0.45736,0.63286,0.91147,1.081,0.94823,0.39659,6.2191,6.024,5.8524,4.7588,3.4934,3.3967,3.4398,0.31343,0.49958,0.81285,1.9231,3.073,3.4607,3.9216,6.1535,0.37046,0.60251,0.94009,2.8729
3.0561,3.3787,3.6241,4.1526,5.84,6.2612,6.2581,6.0615,5.9567,0.42622,1.2543,1.5898,1.9031,2.384,3.1332,3.8314,4.323,4.8557,6.069,0.92293,1.4489,1.9703,2.5897,3.0068,3.0918,2.9504,2.7495,2.5684,1.3328,0.24109,0.46076,0.76192,0.93128,0.8777,0.54173,0.071162,6.0306,5.8084,5.4584,4.4478,3.7313,3.5841,3.5986,0.66161,0.85731,1.3186,2.1005,2.8433,3.5596,5.1837,6.0212,0.083971,0.43396,1.6808
