3.5356,2.8267,2.6373,2.6322,3.2854,5.4523,5.6319,5.8093,6.2157,1.3513,2.1401,2.4387,2.8324,5.2998,5.757,6.0663,0.34561,1.4503,2.1498,2.7778,5.5803,5.764,5.8626,5.8292,5.2268,4.5049,4.5341,4.7292,4.9086,5.0327,5.1264,5.2867,5.6198,5.9529,6.1302,6.2095,6.239,6.2339,6.2153,6.2593,0.057673,0.067923,6.2698,6.037,5.4224,4.4413,3.7605,2.7969,1.3214,0.61839,0.02748,5.7605,5.3074,4.7463
4.145,2.3206,2.0934,2.1312,2.5471,4.8342,5.1548,5.3953,5.9036,1.0685,1.7907,2.146,2.7214,4.5683,5.2377,5.6808,0.20144,1.281,1.8289,2.2235,3.0242,4.3936,4.7402,4.6776,4.3127,4.0863,4.257,4.5937,4.875,5.0585,5.1954,5.3942,5.7031,5.9006,5.9602,5.9554,5.8986,5.7641,5.5512,5.4313,5.5223,5.6072,5.4908,5.0254,4.3219,3.8174,3.3458,2.4646,1.5544,1.0699,0.45387,5.5724,4.9941,4.7321
5.7463,0.93517,1.2888,1.5773,2.2711,3.8168,4.3404,4.6398,5.1228,0.64756,1.3794,1.7601,2.7482,4.4604,4.9275,5.3947,0.070784,1.1422,1.696,2.188,2.869,3.5715,3.9525,4.0492,3.8452,3.3629,3.0755,3.0777,3.1399,1.9824,1.2931,1.2072,0.79916,6.106,5.6405,5.4688,5.3357,5.1465,4.8722,4.6459,4.6189,4.6846,4.6473,4.4204,4.0433,3.623,3.1527,2.5344,1.9422,1.6057,1.4397,4.632,4.6423,4.8181
0.24051,0.32376,0.52374,0.90475,1.9949,3.0912,3.492,3.7562,4.064,4.7938,6.0332,6.2371,5.6237,5.1126,5.1669,5.5989,0.23615,1.0436,1.5623,2.0803,2.7187,3.3089,3.6612,3.7423,3.2372,2.3143,2.0829,2.0251,1.9491,1.8255,1.7098,1.6383,1.5788,1.3879,5.8147,5.1502,4.9636,4.6992,4.2585,3.8519,3.6988,3.7691,4.0241,4.3342,4.3062,3.6781,3.271,3.1316,3.0276,2.8642,2.6225,2.3554,1.8504,0.51353
0.45696,5.0194,4.9842,5.1563,6.2149,1.6043,1.9844,2.403,3.1867,4.1637,4.7546,5.2108,5.7607,0.18317,0.7731,1.111,1.2419,1.1746,1.1499,1.3576,1.5866,1.7354,1.7715,1.6658,1.514,1.4744,1.5242,1.5889,1.6319,1.6474,1.6474,1.6457,1.6421,1.6162,1.5172,1.112,5.0207,4.2025,3.6287,3.2636,3.0069,2.7046,2.1048,1.2198,0.70137,0.30786,5.4105,4.2805,3.993,3.7127,2.6611,1.6019,1.38,1.2589
4.4683,4.5531,4.6532,4.8647,5.8558,1.0988,1.4565,1.7734,2.5309,4.0021,4.577,5.0199,5.8669,0.73221,1.273,1.631,2.107,3.4599,4.9505,6.261,0.78502,1.1157,1.28,1.3365,1.2552,1.061,0.9776,1.0595,1.2049,1.3631,1.5211,1.6529,1.7208,1.722,1.6825,1.6326,1.6491,2.1397,2.9707,2.9647,2.7035,2.3265,1.854,1.3579,0.90655,0.41033,5.8164,4.8509,4.3951,4.0015,2.172,1.4754,1.3641,1.3472
4.6108,4.6207,4.6956,4.8886,5.9099,1.0852,1.3962,1.6402,2.1882,3.953,4.5612,4.9701,6.1119,1.1418,1.5596,1.9067,2.474,3.5974,4.61,6.0474,0.86575,1.2209,1.3991,1.4706,1.3391,0.85356,0.57088,0.63846,0.81782,1.0519,1.4142,1.8489,2.0044,1.9587,1.8793,1.8138,1.7791,1.8622,2.4568,2.9005,2.666,2.307,1.9591,1.6022,1.1783,0.57165,5.9651,5.2092,4.7427,4.1404,1.9266,1.5735,1.4681,1.4201
4.9959,4.9279,4.9546,5.1,6.1629,1.3168,1.5539,1.7142,2.0239,4.1177,4.7603,5.1116,0.822,1.6621,1.9396,2.2509,2.7686,3.5651,4.2331,5.9476,1.4117,1.6333,1.7868,1.8881,1.7854,0.69106,0.29402,0.42321,0.62559,0.89523,1.8519,2.8115,2.6982,2.4175,2.2035,2.0668,1.971,1.8996,2.0366,3.6951,3.1794,2.6396,2.3324,2.0875,1.7645,1.047,6.1808,5.639,5.36,3.4818,2.0035,1.8767,1.7773,1.6082
5.5363,5.6371,5.7029,5.8514,1.1025,2.1595,2.2577,2.2394,1.8949,0.021439,6.2094,0.68118,1.9719,2.3445,2.5576,2.7896,3.1107,3.4835,3.5708,2.9824,2.6077,2.591,2.6989,2.8899,3.2177,4.2879,6.1023,0.33777,0.77035,2.2487,3.4095,3.4927,3.3364,3.0335,2.7143,2.4716,2.2907,2.0899,6.1117,5.1923,4.7512,3.9506,3.2787,2.9731,2.7966,2.5519,0.81417,0.11649,0.24425,1.358,2.2846,2.4931,2.611,3.3206
6.1711,0.21575,0.42385,0.76884,2.2823,3.2554,3.5536,3.8605,5.215,0.39125,0.80357,1.3542,2.2975,2.9932,3.3306,3.5227,3.5852,3.319,2.9905,3.0716,3.2501,3.4179,3.5734,3.7302,3.8972,4.0519,4.0056,3.2883,3.1286,3.3357,3.5331,3.6372,3.6351,3.5307,3.3429,3.1178,2.917,2.9027,5.4723,5.3552,5.1011,4.6825,4.1414,3.71,3.4393,3.2085,2.5861,1.0783,0.92482,1.5086,2.7651,3.1998,3.4505,4.1128
0.43792,0.67448,0.85614,1.1818,2.59,3.6516,3.9726,4.2808,5.1267,0.50812,1.0211,1.5099,2.537,3.503,3.9075,4.1331,4.1841,3.0891,2.8525,3.2466,3.597,3.8465,4.0274,4.1575,4.2151,4.0723,3.5226,3.1816,3.213,3.3652,3.5449,3.7069,3.8191,3.8674,3.8555,3.8092,3.8377,4.5473,5.4173,5.4374,5.2587,4.9607,4.5572,4.144,3.8183,3.5461,3.0811,1.7184,1.3017,1.9936,3.278,3.5763,3.7412,4.1412
0.80744,0.88334,1.0156,1.2993,2.7897,3.8391,4.1128,4.3481,4.9162,0.77578,1.2718,1.7646,3.0791,3.9805,4.3063,4.5003,4.5294,3.4715,3.2394,3.6107,3.9519,4.2057,4.3996,4.5512,4.6349,4.1466,2.5253,2.5988,2.8716,3.2268,3.5839,3.8599,4.0319,4.1199,4.1536,4.1779,4.3186,4.9193,5.514,5.5936,5.4708,5.2326,4.8986,4.5435,4.2731,4.1192,4.0606,3.8976,2.7175,3.312,3.5291,3.6376,3.7097,3.6346
0.9115,0.7278,0.65429,0.59368,0.35467,3.5212,3.2987,3.0623,2.9596,3.1002,3.5216,4.0479,4.4201,4.6147,4.6272,4.3999,4.1051,4.0265,4.1233,4.307,4.5308,4.7743,5.0526,5.4839,0.20455,1.1404,1.4968,1.6897,1.8639,2.2245,3.7819,4.3806,4.4167,4.2816,4.0365,3.7962,3.7575,4.9286,5.9577,6.0989,6.1426,6.1015,5.8554,5.5496,5.4944,5.518,5.4772,5.2356,4.5261,3.8165,3.5246,3.3583,3.0858,1.8387
0.52033,5.9336,5.5793,5.6024,0.14341,1.4249,1.8193,2.158,2.714,3.5562,4.1889,4.581,4.948,5.8947,1.9526,2.8602,3.6994,4.2051,4.5401,4.8684,5.4156,0.18292,0.83576,1.0803,1.2243,1.3535,1.4602,1.5283,1.5391,1.4104,0.38128,5.3415,4.9204,4.1243,3.2416,2.924,2.7628,2.3937,1.0168,0.85152,1.2931,1.7121,1.7805,1.3029,0.36454,6.22,5.9785,5.6388,4.8571,3.9487,3.4809,3.0966,2.5296,1.6208
0.25749,5.9488,5.729,5.8084,0.58027,1.7229,2.0442,2.3479,2.8988,3.8223,4.4703,4.8351,5.1807,1.4462,2.3307,2.964,3.7621,4.338,4.6965,5.0143,5.8908,1.5102,1.8037,1.8769,1.8115,1.7307,1.7187,1.7313,1.7102,1.5596,0.79108,5.7355,5.0613,3.7991,3.1624,2.9728,2.8514,2.5748,1.5701,1.2266,1.7729,2.2596,2.373,2.0916,0.9594,0.3116,0.068377,6.0799,5.2786,4.0277,3.5693,3.2366,2.7296,1.5939
0.43124,0.14146,0.0082248,0.11559,1.389,2.2944,2.5414,2.8046,3.33,4.2553,4.8878,5.2253,5.5318,2.2988,2.7709,3.3038,3.9879,4.5139,4.809,4.912,3.8623,2.675,2.69,2.7327,2.6294,2.3983,2.2508,2.1958,2.1591,2.0711,1.7052,5.7881,4.7439,3.8012,3.4057,3.2412,3.1192,2.8612,1.6965,1.136,2.2663,2.9822,3.0611,2.9049,1.9135,0.78836,0.51823,0.32041,5.973,4.1876,3.8119,3.6036,3.2964,1.6109
0.7557,0.64124,0.63217,0.89043,2.2678,2.9575,3.1956,3.4695,4.027,4.9226,5.4999,5.8338,6.2382,2.5524,3.1559,3.6807,4.3211,4.7934,4.9795,4.7528,3.8108,3.4222,3.4107,3.4506,3.382,3.1593,2.9409,2.8131,2.7357,2.6633,2.5826,2.8817,4.051,3.8736,3.6991,3.5844,3.4802,3.2807,1.4426,0.21673,4.2219,3.8613,3.7064,3.4874,2.801,1.5167,1.0844,0.85723,0.36804,4.5529,4.1823,4.0207,3.8438,1.6303
1.1286,1.0516,1.1029,1.5141,2.8361,3.4203,3.6977,4.0406,4.6667,5.4587,5.9686,0.034304,0.48378,2.0696,3.2787,4.0127,4.8047,5.247,5.3132,4.8076,4.0124,3.8187,3.8461,3.8975,3.8561,3.6945,3.5039,3.3489,3.2155,3.0674,2.8874,2.7873,3.2457,3.8329,3.9573,3.9585,3.9287,3.9338,5.8481,5.3037,4.6008,4.3182,4.1107,3.7984,3.0404,2.0617,1.618,1.327,0.66361,5.0327,4.6405,4.4469,4.243,1.6238
1.5281,1.445,1.5299,2.2569,3.3294,3.7029,3.9876,4.4227,5.113,5.7501,6.1652,0.22901,0.69332,1.5016,2.3329,3.4076,5.6148,5.8126,5.7881,5.3385,4.3591,4.0835,4.1273,4.2217,4.2315,4.1297,3.9703,3.793,3.5897,3.3276,3.0072,2.7478,2.7581,3.3089,3.9965,4.2855,4.4554,4.9607,5.577,4.8254,4.6061,4.4863,4.3137,3.8859,2.9096,2.2715,2.0059,1.7675,0.42204,5.3598,5.162,5.0389,4.902,1.6629
1.9836,2.5753,4.0934,4.1942,3.989,3.854,4.0065,4.7381,5.5578,5.9369,6.2034,0.25594,0.82913,1.5315,1.9248,1.9643,0.99626,6.2606,6.1376,6.1412,6.1027,3.8481,4.1387,4.5318,4.6772,4.6521,4.5244,4.3101,3.983,3.5186,3.041,2.731,2.5953,2.5788,2.6013,2.3499,1.6683,1.6166,2.9872,4.2737,4.4129,4.4138,4.2294,3.4214,2.5399,2.3238,2.306,2.4267,5.234,5.5503,5.8599,0.3218,1.3023,1.7318
2.7749,4.6834,4.8584,4.9173,4.8686,2.939,2.0783,1.6531,0.24653,6.1312,6.1874,0.23051,1.0186,1.7676,2.0992,2.241,2.1646,0.34611,0.079252,0.4317,1.1439,1.7201,1.9764,6.2483,5.3932,5.3835,5.3347,5.1964,4.7742,3.6371,2.9888,2.7672,2.6439,2.5334,2.4031,2.2651,2.1875,2.2989,2.9378,3.7894,4.0284,3.937,3.4071,2.6413,2.3616,2.3759,2.6678,3.8035,4.9023,5.7306,0.79521,1.3639,1.6134,1.8276
4.7785,5.1029,5.1918,5.2947,5.5562,1.5928,1.9509,1.9644,1.5823,0.18973,6.253,0.29886,1.3342,2.0861,2.383,2.5601,2.683,1.8433,0.45704,1.0091,1.6512,2.0289,2.1905,1.9727,6.2525,6.079,6.1046,6.1675,6.2825,1.7305,2.8559,2.883,2.824,2.7282,2.6334,2.572,2.5783,2.732,3.1983,3.7212,3.814,3.5518,3.0807,2.7031,2.5466,2.6325,3.3419,4.4497,4.8153,0.91,1.7098,1.8033,1.8748,1.9663
5.4005,5.4416,5.5147,5.6342,6.0114,1.8023,2.1908,2.2554,2.064,0.70112,0.26766,0.61128,1.7168,2.4151,2.6932,2.862,2.9571,2.4679,1.2804,1.6494,2.1106,2.4152,2.5783,2.5013,0.5261,0.23521,0.28345,0.39514,0.60365,1.399,2.7996,3.0344,3.0297,2.9606,2.8946,2.8729,2.9347,3.1605,3.6164,3.9739,3.9736,3.7006,3.3285,3.0586,2.9686,3.1369,3.8214,4.5202,4.6233,2.2707,2.0988,2.1091,2.1403,2.1755
5.6103,5.7343,5.8388,5.9819,0.1052,2.2211,2.5968,2.6526,2.3326,0.89127,0.69721,1.0507,1.9693,2.6917,2.9972,3.1264,3.0112,2.1201,1.7831,2.0709,2.4705,2.7888,2.9984,3.0756,0.84245,0.48604,0.54792,0.66333,0.90426,1.8171,2.902,3.1241,3.1527,3.1324,3.1212,3.1726,3.3656,3.7619,4.1578,4.3259,4.2922,4.0876,3.7536,3.4626,3.3673,3.504,3.8728,4.2806,4.1502,2.3185,2.2479,2.3078,2.3854,2.484
5.3958,5.9077,6.1338,0.069912,0.50499,2.9576,3.3404,3.5316,0.9112,0.77591,1.0078,1.3708,2.0416,2.8719,3.3175,3.3532,2.3204,1.7835,1.9165,2.248,2.6832,3.0973,3.4138,3.6718,5.2209,0.45712,0.56465,0.63932,0.90781,2.5761,3.0574,3.1153,3.1232,3.1424,3.2613,3.9487,4.7779,4.7994,4.6902,4.6134,4.5666,4.4904,4.2665,3.8576,3.6313,3.6874,3.8779,4.0803,3.9569,2.1172,2.1265,2.3082,2.5289,2.8806
4.3594,5.3113,0.10113,0.77743,1.4305,4.4227,4.7892,5.2378,6.0318,0.693,1.2511,1.6309,2.035,2.8408,4.8534,0.26225,1.1822,1.6106,1.9324,2.2761,2.743,3.3849,4.0254,4.5793,5.2471,5.7896,5.8591,5.6936,5.3637,4.3231,3.2986,3.0083,2.8095,2.1693,0.42401,0.061591,6.0936,5.6814,5.1489,4.8472,4.802,4.9159,5.078,4.7818,3.884,3.825,3.9307,4.0515,4.1048,1.4227,1.5418,1.8239,2.3479,3.3464
3.9574,3.6775,3.2948,3.0927,3.8288,5.3282,5.6021,5.8453,6.2673,0.79345,1.5607,1.9622,2.1615,0.14015,6.2224,0.37135,0.97458,1.517,1.9038,2.2127,2.6137,4.6263,5.4156,5.5967,5.5887,5.4379,5.3332,5.3133,5.3,5.1969,4.5375,2.6537,1.7464,0.81989,0.43737,0.26855,0.1211,6.1382,5.599,5.1396,5.1487,5.5483,6.0348,6.241,5.1054,4.0259,3.9904,4.0273,4.0976,0.93165,0.97955,1.0008,0.9927,4.0969
3.8399,3.4527,3.2667,3.2878,4.1344,5.5464,5.8465,6.0854,0.21105,1.0714,1.9056,2.333,2.6694,5.7253,6.1587,0.29174,0.84833,1.425,1.8448,2.0988,0.98387,5.7937,5.8722,5.8969,5.7707,5.5274,5.3866,5.3733,5.4093,5.4594,5.5839,0.078427,0.64946,0.52298,0.39527,0.31896,0.2561,0.14644,6.1587,5.8208,5.9298,6.1977,0.042513,6.267,5.5952,4.2787,3.9711,3.8226,3.2854,0.9674,0.74025,0.53642,0.13244,4.9489
3.6177,3.1114,3.0212,3.166,4.2134,5.4626,5.8037,6.1099,0.37221,1.3575,2.0845,2.537,3.1631,4.8429,5.6808,6.1993,0.54975,1.2399,1.7303,1.9796,5.4868,5.642,5.7751,5.8456,5.7945,5.6237,5.4807,5.4373,5.4572,5.5162,5.6468,5.952,0.014311,0.12674,0.14056,0.16081,0.22606,0.37733,0.59462,0.58664,0.35997,0.1532,6.2344,5.9212,5.2695,4.3824,3.8136,3.3284,2.45,1.2119,0.55083,0.095528,5.9493,5.2538
2.9241,2.5932,2.625,2.8688,4.1535,5.2355,5.5783,5.944,0.4178,1.5024,2.0956,2.5629,3.3543,4.5136,5.15,5.6057,6.2028,0.7581,1.3566,5.0073,5.1864,5.3659,5.5285,5.6616,5.7177,5.6503,5.5186,5.429,5.4043,5.4339,5.5244,5.6741,5.7935,5.8137,5.7837,5.7661,5.8961,0.7096,1.2368,0.9865,0.56412,0.13666,6.009,5.5627,5.0213,4.352,3.6004,2.902,2.2881,1.4906,0.23866,5.8801,5.6009,5.3317
2.1196,2.2039,2.3133,2.6076,4.0513,5.0089,5.327,5.6986,0.34892,1.5115,2.0251,2.5046,3.4138,4.406,4.895,5.2471,5.679,0.0015561,5.9897,4.951,5.025,5.1655,5.321,5.4816,5.6057,5.6168,5.5007,5.3586,5.2706,5.2507,5.2996,5.3818,5.3973,5.313,5.1645,4.9552,4.5947,3.1404,1.6592,1.0926,0.55899,0.023487,5.8042,5.3403,4.8703,4.2783,3.4562,2.7284,2.261,1.7177,6.0801,5.5283,5.3958,5.3765
1.6784,1.9436,2.1144,2.4935,3.9987,4.8047,5.1196,5.5098,0.28605,1.4161,1.8977,2.4164,3.4332,4.3091,4.7255,5.0409,5.4165,5.8192,5.4778,4.9414,4.9241,5.0207,5.1629,5.3381,5.5072,5.5887,5.5297,5.3678,5.1884,5.0554,5.0107,5.0411,5.036,4.9376,4.7569,4.4877,4.0632,3.2332,1.9269,1.0729,0.45058,6.159,5.6286,5.1611,4.7167,4.1719,3.3843,2.6676,2.256,1.912,5.684,5.3127,5.2861,5.533
1.0645,1.4063,1.712,2.5785,4.0176,4.4397,4.7321,5.3121,0.55125,1.2016,1.5893,2.3028,3.4963,4.0333,4.3161,4.6105,5.0509,5.452,5.3774,4.9913,4.7637,4.7401,4.8698,5.1274,5.4283,5.6605,5.7943,5.8443,5.7752,5.2684,4.5582,4.5182,4.5062,4.3556,4.0907,3.7692,3.417,2.9579,2.0905,0.94827,0.24864,5.9323,5.3187,4.8083,4.4075,3.9815,3.3236,2.5883,2.2218,2.1713,3.3283,4.7994,5.1765,0.01024
0.3005,0.003343,5.9796,5.4363,4.0591,3.1802,2.7957,2.4779,1.9632,0.566,6.0079,5.4191,3.9227,3.3306,3.2588,3.4328,4.1251,5.0445,5.3278,5.1251,3.732,3.3926,3.5683,4.2034,5.2786,5.8996,0.046825,0.49784,0.95686,1.3217,1.6375,2.6742,3.5346,3.4209,3.2233,3.064,2.9206,2.7218,2.2108,0.73622,6.1376,5.0825,4.2156,3.9035,3.7473,3.5791,3.0398,1.9974,2.064,2.4962,2.7274,2.6959,2.2204,0.89302
6.2745,5.9375,5.7417,5.5785,3.6318,2.4833,2.4233,2.4257,2.5427,4.7308,5.2514,5.2375,4.5372,2.9684,2.908,3.1295,3.827,4.8369,5.2693,5.2972,2.6379,2.7583,2.9394,3.2348,4.4014,6.2631,0.4978,0.88254,1.1503,1.2958,1.3468,1.5269,2.8616,3.0557,2.9785,2.9009,2.8234,2.7051,2.388,0.67736,4.9183,3.7265,3.482,3.3717,3.2726,3.0219,1.1489,0.80154,1.8666,2.6686,2.7087,2.5587,2.1571,0.93024
6.1987,5.9342,5.7841,5.7189,2.0043,2.3473,2.3835,2.4637,2.7359,4.1703,4.9426,5.0066,4.4692,3.1849,3.0657,3.3413,4.0463,4.8136,5.1987,5.0807,2.61,2.7501,2.9374,3.1801,3.5774,0.32725,0.76693,1.0326,1.1853,1.2166,1.1065,0.88119,2.8236,3.1799,3.0782,3.0082,2.9524,2.8769,2.6919,1.944,3.7242,3.4884,3.4083,3.363,3.2973,2.9509,0.96609,1.0023,2.0602,2.6772,2.7403,2.6026,2.1269,0.6241
6.1635,6.0318,5.9521,6.0552,1.9701,2.3079,2.3959,2.5311,2.883,3.8454,4.5378,4.631,4.2572,3.6309,3.5155,3.8135,4.3557,4.8363,5.1176,4.812,2.7646,2.8704,3.0668,3.3013,3.5432,1.1302,0.9763,1.1093,1.1599,1.0784,0.77967,0.17485,5.2964,3.8275,3.4212,3.2838,3.228,3.1991,3.1546,3.0652,3.3935,3.4697,3.5145,3.5669,3.621,3.5642,1.389,1.6021,2.1816,2.5857,2.7508,2.7287,1.9346,0.11662
6.0146,6.1178,0.05869,0.99989,1.9548,2.2024,2.3604,2.5995,3.0414,3.6322,4.0224,4.1348,4.0416,3.9172,3.9795,4.2277,4.5368,4.8135,5.0124,4.782,2.8526,2.9328,3.139,3.3487,3.496,3.291,1.3402,1.1307,1.0313,0.78662,0.23861,5.8153,5.1851,4.4665,3.8931,3.637,3.5618,3.5863,3.6837,3.7584,3.5269,3.5023,3.6148,3.7521,3.8877,3.919,2.3629,1.9548,2.1482,2.3859,2.6217,2.9691,5.5621,5.8961
5.5649,5.761,0.21786,1.4537,1.759,1.8899,2.0817,2.5133,3.1692,3.5933,3.7619,3.7909,3.7518,3.7823,3.9754,4.2264,4.4516,4.6532,4.8459,4.8633,2.3274,2.5889,2.871,3.1074,3.253,3.2166,2.3088,1.0845,0.74287,0.29456,5.8562,5.2934,4.9225,4.519,4.0475,3.7447,3.6988,3.8423,4.0632,4.1437,3.8262,3.41,3.3144,3.3997,3.5559,3.6501,2.435,1.75,1.8574,2.0118,2.1754,2.6468,5.2924,5.4484
5.1516,5.3544,5.6956,0.4242,1.3648,1.7052,1.9567,2.3375,3.0859,3.8146,4.0999,3.9666,3.0293,2.7244,2.9915,3.4692,3.9301,4.282,4.5644,1.6285,1.9058,2.1751,2.4497,2.6974,2.8652,2.8536,2.2739,1.2021,0.76403,0.20948,5.3506,4.7307,4.369,3.8846,3.2925,2.9936,3.0907,3.6704,4.2188,4.275,3.8899,3.2528,2.884,2.7261,2.6213,2.3035,0.63629,0.44588,0.82559,1.4423,1.9355,2.3506,3.5268,4.8492
5.0916,5.4086,5.6553,6.1265,0.98527,1.7375,2.0761,2.3884,2.9599,4.1149,4.8452,5.3481,1.6495,2.201,2.5286,2.9148,3.4014,3.9021,4.2307,1.7207,1.882,2.091,2.2882,2.4514,2.524,2.3694,1.8521,1.4098,1.2375,1.1775,3.8863,3.942,3.6196,3.142,2.7546,2.5644,2.561,3.0095,4.1393,4.2571,3.8096,3.1679,2.7717,2.5371,2.2971,1.7094,0.42477,0.013468,0.032545,0.81821,2.1902,2.5002,2.775,3.837
5.2073,5.5279,5.7098,6.0291,0.7318,1.7862,2.1742,2.4613,2.9284,4.1589,5.0899,5.6269,0.98713,2.1027,2.4692,2.8033,3.2205,3.7276,4.0786,1.7695,1.9217,2.1013,2.2424,2.3191,2.2671,2.0059,1.6739,1.5106,1.4989,1.6307,2.2873,3.2185,3.1968,2.9321,2.7109,2.5891,2.5734,2.8186,3.8324,4.0895,3.6379,3.0944,2.7438,2.4842,2.164,1.4393,0.33962,6.1709,6.0007,6.1044,2.5997,2.6223,2.6873,3.0951
5.397,5.6219,5.7506,6.0014,0.51889,1.7441,2.1996,2.4949,2.9126,3.9352,4.9885,5.5222,0.33314,2.0485,2.474,2.799,3.1846,3.6773,4.1213,1.7331,1.9065,2.0733,2.1679,2.1594,2.0043,1.7549,1.5868,1.5491,1.5981,1.7335,2.111,2.8141,3.0185,2.9145,2.802,2.7501,2.7831,3.0039,3.5442,3.7,3.3298,2.944,2.6582,2.376,1.9414,1.0588,0.17127,6.0049,5.6619,4.6449,2.958,2.7094,2.6352,2.7034
5.7673,5.5668,5.6748,5.9111,0.21772,1.3526,2.0167,2.4085,2.8308,3.5089,4.427,5.0952,5.694,1.4444,2.3706,2.7664,3.1482,3.6016,4.2023,0.70275,1.4322,1.6836,1.7711,1.7254,1.6042,1.5028,1.47,1.4974,1.5695,1.697,1.9747,2.5607,2.9518,3.0188,3.0572,3.1633,3.3382,3.5006,3.4797,3.1844,2.8068,2.5006,2.1881,1.7204,0.99068,0.25942,5.9846,5.4854,4.9365,4.161,3.2257,2.6953,2.4626,2.3615
2.7029,3.5097,4.2161,5.1761,5.9887,0.22897,0.7626,1.5866,2.4692,3.0232,3.4768,4.1108,5.0629,5.7539,6.1911,0.49582,2.0903,2.8754,3.997,5.9979,6.2824,0.23445,0.50631,0.78918,1.0028,1.1136,1.1457,1.1344,1.1102,1.1096,1.216,1.4298,5.9318,5.6697,5.4066,5.0882,4.7087,4.2164,3.5753,2.8939,2.2594,1.6,0.9344,0.39477,6.238,5.7501,5.0804,4.4479,4.0771,3.832,3.2263,1.4974,1.4331,1.8319
3.05,3.3216,3.5036,3.9503,5.459,6.1182,0.12191,0.49655,1.5381,2.6188,3.0541,3.5054,4.6782,5.7041,6.1002,0.16477,0.74401,1.5359,1.439,6.2688,6.2051,0.017937,0.16573,0.3461,0.49946,0.52329,0.38208,0.15884,6.2192,5.9977,5.7625,5.7469,6.1015,6.1434,6.015,5.7873,5.3906,4.6449,3.6855,2.8763,1.9929,1.161,0.6075,0.18511,6.0099,5.3426,4.5457,4.0075,3.6698,3.2475,0.96793,0.58313,0.55585,0.97897
3.6216,3.6111,3.6891,3.976,5.1993,6.1392,0.17575,0.48883,1.1446,2.2835,2.8889,3.299,4.2564,5.8134,0.0028048,0.38025,0.89501,1.4105,1.3492,0.56323,0.28236,0.27339,0.32259,0.34245,0.24677,0.050352,6.1773,6.091,6.0264,5.9375,5.7881,5.7535,0.1768,0.26754,0.15333,6.238,5.7779,4.5138,3.6393,3.0425,2.0514,1.1515,0.67321,0.25505,5.916,4.9861,4.294,3.8563,3.4016,2.3361,1.127,0.74664,0.57168,0.45475
4.6962,4.3592,4.322,4.4557,5.158,0.25743,0.67773,0.92906,1.2574,1.8997,2.803,3.3084,3.4409,1.3867,1.2092,1.3581,1.5006,1.481,1.2299,1.0782,1.1168,1.2185,1.2587,0.96162,0.15468,6.1404,6.1302,6.1839,6.2464,0.026684,0.17783,1.7812,2.12,1.8127,1.6265,1.6927,2.1999,3.0188,3.3172,3.2231,2.6079,1.7294,1.3432,1.1158,4.7468,4.2291,4.0292,3.7132,2.9613,1.921,1.431,1.165,0.93013,0.39895
5.5888,5.3219,5.2308,5.1954,5.2865,1.8932,1.9088,1.8759,1.7518,0.97673,5.8284,5.6518,2.3427,2.4396,2.5089,2.5985,2.7032,2.2721,0.71647,1.3745,1.89,2.1868,2.3839,2.5212,0.56398,6.1437,0.020773,0.2304,0.4891,0.83873,1.4105,2.1335,2.474,2.5356,2.5311,2.5388,2.5772,2.6601,2.8286,3.1187,3.2402,3.0826,2.9688,2.9414,2.9697,3.038,3.0736,2.5234,1.8957,1.8472,1.8393,1.7848,1.6145,0.74458
6.1301,5.8293,5.7046,5.6302,5.3927,2.4655,2.4487,2.4463,2.4316,5.7837,5.7481,5.8486,1.3246,2.5443,2.7061,2.8919,3.2759,4.3875,5.3495,1.3137,2.3726,2.5611,2.7025,2.8496,3.0858,0.013503,0.3542,0.77485,1.1948,1.5161,1.784,2.1384,2.5408,2.7429,2.7863,2.7617,2.6952,2.5796,2.404,2.3442,3.2093,3.4147,3.3108,3.1558,2.926,2.4898,1.7012,1.1309,1.1529,2.0215,2.4525,2.429,2.2,1.2126
0.4556,6.2559,5.9666,5.7401,4.3826,2.7298,2.6443,2.6506,2.8168,5.2392,5.5837,5.7014,6.0994,2.5546,2.7335,2.9817,3.5475,4.4843,4.9403,4.9474,3.7452,2.9205,2.8626,2.9495,3.3459,6.215,0.77271,1.5699,1.8664,1.9407,1.9518,2.089,2.5459,2.878,2.9402,2.8788,2.7261,2.4484,2.0243,1.6279,1.7635,3.4063,3.4903,3.3075,2.8645,2.0104,1.3522,1.0185,0.74894,4.0117,3.6103,3.2325,2.5874,1.405
1.676,1.9205,2.4349,3.649,4.2843,4.4909,4.122,1.9815,2.4267,4.5991,4.9214,5.1048,5.3802,1.1617,2.1325,2.7483,3.8289,4.4847,4.787,5.0091,5.2603,5.6143,6.0161,6.2106,5.967,4.985,4.2133,3.8347,3.5446,3.2268,2.6279,1.1699,0.12439,3.489,3.1827,2.8658,2.4535,1.9852,1.5915,1.3036,1.0475,0.65077,6.1055,5.7338,0.36819,0.96309,1.0693,0.99121,6.201,4.9358,4.8368,4.8893,5.1863,1.3182
2.6754,2.705,2.8105,3.0491,4.2553,5.5476,5.8378,6.0419,0.082377,2.0688,2.8901,3.2398,4.4683,6.0018,0.024027,0.19503,6.2215,4.372,4.624,5.0656,5.5056,5.8518,6.092,6.208,5.9892,4.82,4.4423,4.4628,4.573,4.7401,4.9983,5.3639,5.7,5.9183,6.0964,0.054831,0.44234,0.86809,1.0738,1.0287,0.80477,0.50154,0.22531,0.026554,6.1992,6.2106,0.28641,1.3211,5.499,5.4641,5.4932,5.5195,5.5298,5.1612
3.1487,2.8516,2.8098,2.9046,4.0308,5.6008,5.8048,5.9756,0.045372,1.6403,2.4641,2.7358,3.2068,5.8173,6.0873,0.022631,0.36189,2.1717,4.0361,5.0716,5.6183,5.9038,6.0804,6.1486,5.8115,4.7209,4.5504,4.6657,4.8165,4.9507,5.0847,5.301,5.6528,5.9737,6.166,0.0063957,0.12293,0.28758,0.51831,0.6347,0.53474,0.37193,0.20939,0.021919,6.0291,5.503,4.4336,3.3787,0.70993,6.2325,5.9364,5.7226,5.4932,4.8144
