2.611,2.765,3.5395,4.9431,5.2394,5.3889,5.6074,5.997,0.23907,0.74322,1.1788,1.5765,1.9611,2.3511,2.7624,3.1847,3.5472,3.6815,2.4196,1.7284,1.7259,1.7949,1.8959,2.0247,2.1441,2.1205,1.4621,0.4795,0.208,0.083662,6.2312,6.0107,5.6328,5.1104,1.7653,1.3645,1.1577,0.95583,0.63018,6.1911,5.3241,4.8589,4.3052,2.445,1.9341,1.7113,1.33,0.12437,5.6718,5.4714,5.357,4.9851,2.7525,2.585
2.5573,2.6196,3.7378,5.3623,5.5609,5.7555,6.1315,0.62129,1.2377,1.4675,1.6065,1.8283,2.1801,2.5941,3.006,3.4186,3.8523,4.3132,4.8523,6.1351,1.4252,1.909,2.2435,2.5539,2.8466,3.0552,2.939,1.0691,0.59388,0.37163,0.14967,6.2276,6.0941,0.37591,2.0115,1.8984,1.6428,1.3257,0.96311,0.53662,6.2693,5.5212,4.1717,2.4544,1.8792,1.497,1.037,0.29518,5.8477,5.4392,5.1506,4.6412,3.1958,2.6599
2.6229,2.5288,5.9498,5.8402,5.9933,0.055344,0.95068,1.9487,2.4106,2.7461,3.1539,3.6977,3.8935,3.5823,3.541,3.7619,4.142,4.6086,5.0535,5.4208,5.7215,2.8949,3.1707,3.4714,3.7644,3.963,3.9019,3.4382,3.017,2.8241,2.5536,1.456,0.96404,1.4005,2.1714,2.4998,2.493,2.1731,1.5945,1.2041,1.0577,1.0496,1.2482,2.3811,1.278,0.87659,0.75015,0.53549,0.017424,5.4908,4.9648,4.5473,3.7769,2.931
4.6576,5.6989,0.25884,0.37944,0.62226,1.131,1.89,2.5159,2.9794,3.4427,3.9945,4.5531,4.9554,5.1577,5.1234,4.8915,4.8702,5.0873,5.2949,5.3561,5.1306,4.5987,4.3245,4.3473,4.4709,4.5304,4.2991,3.7273,3.3692,3.216,3.0654,2.7077,1.9917,1.6965,2.5486,3.4372,3.5588,3.4218,2.8597,2.0219,1.654,1.4939,1.2415,5.6262,5.1577,5.2034,5.8237,1.5099,1.7927,1.9984,3.0149,4.6386,4.7768,4.7448
5.4035,5.5791,0.45846,1.3965,1.6688,1.9488,2.3946,2.9781,3.5012,3.9343,4.3508,4.7709,5.1538,5.47,5.7338,5.9711,6.1707,6.2472,6.0268,5.3929,4.9369,4.813,4.846,4.959,5.0929,5.143,4.8715,4.0858,3.6069,3.3949,3.1923,2.868,2.3881,2.0493,4.0885,4.2855,4.1701,3.9652,3.56,2.8383,2.2153,1.8489,1.3683,5.5594,5.0588,4.7916,4.1826,2.8037,2.3149,2.1167,1.9082,0.88685,5.6228,5.4297
5.5011,5.5393,0.76652,2.0391,2.2166,2.4346,2.8932,3.7476,4.3443,4.6125,4.7944,5.0215,5.3436,5.6926,6.0119,0.041443,0.38067,0.75287,1.1504,1.8988,4.6554,5.0001,5.2757,5.5325,5.7607,5.9116,5.8739,5.3025,4.2492,3.6988,3.2796,2.9093,2.672,2.9493,4.8326,4.8231,4.6348,4.3453,3.9505,3.485,3.0238,2.5922,1.9833,5.3719,4.905,4.4673,3.8797,3.1273,2.5199,2.1236,1.7735,1.1198,6.1262,5.6328
5.6181,5.5379,2.7443,2.5328,2.6544,2.9208,3.6687,4.8411,5.3321,5.5967,5.8348,6.1245,6.2823,6.2482,0.095686,0.33699,0.67533,1.1172,1.628,2.1674,3.3931,5.472,5.8924,6.1897,0.15361,0.33124,0.3783,0.24338,0.039326,6.26,0.26644,2.5339,3.1349,4.0914,5.0866,5.3246,5.255,4.9079,4.3959,4.053,3.8995,3.8547,3.9534,4.482,4.1908,3.8902,3.684,3.3719,2.7993,2.1451,1.6917,1.2253,0.33511,5.8715
6.0674,5.7469,3.5415,3.1359,3.257,3.6351,4.5588,5.462,5.9287,0.031205,0.53294,1.2132,1.7289,1.7791,1.242,0.9614,1.1298,1.5095,1.9337,2.2252,2.016,0.6083,0.5009,0.63539,0.80134,0.92231,0.90544,0.70146,0.47113,0.36204,0.32708,0.17544,4.6776,4.604,5.3757,6.03,6.2136,6.0292,5.2709,4.6838,4.5136,4.46,4.3326,2.8017,2.319,2.813,3.5621,3.9375,3.9533,2.7305,1.7087,1.4815,1.1282,0.3772
1.5752,1.3972,3.8656,4.0902,4.2089,4.4928,5.0903,5.8596,0.11391,0.51487,0.93243,1.4177,1.8645,2.1394,2.2347,2.2292,2.2588,2.3848,2.4901,2.2654,1.5068,1.2042,1.2236,1.339,1.4747,1.5651,1.5127,1.2304,0.86888,0.6336,0.44656,0.041476,5.3733,5.1122,6.0751,0.54178,0.64825,0.50843,6.2521,5.4432,5.0602,4.8985,4.6986,1.9809,1.7899,1.6268,6.0214,5.1956,5.0522,4.8724,4.2249,2.6049,2.1355,1.85
1.9267,1.6875,0.56466,5.0633,4.9946,5.0754,5.4035,0.095955,0.82796,1.0755,1.2221,1.4228,1.7706,2.1815,2.5108,2.7817,3.063,3.405,3.8681,5.5624,1.0232,1.443,1.7456,1.9913,2.1888,2.3234,2.3589,2.2486,1.9989,1.7,1.1824,5.8657,5.5947,5.9849,0.53905,0.94918,0.99256,0.79237,0.34452,6.1522,5.9,5.9513,0.80107,1.3838,1.1683,0.60654,6.2299,5.7213,5.2982,4.8588,4.3218,3.5942,2.7935,2.2474
1.9171,1.5905,0.96592,5.8689,5.5015,5.4484,5.5597,2.0304,2.1928,2.1706,1.86,1.0232,0.9775,1.9077,2.66,3.0446,3.3846,3.823,4.5128,5.5442,0.61106,1.7551,2.3194,2.6465,2.8707,3.0265,3.1148,3.1435,3.1657,3.2384,3.3714,3.5819,6.2024,0.54563,0.74419,0.87955,0.79732,6.2199,6.0823,0.3327,0.94688,1.341,1.4858,1.2498,0.50782,0.070428,6.1737,5.965,5.4702,4.6692,4.1792,3.8617,3.3744,2.504
1.1103,1.334,1.3742,1.1655,0.21181,5.6682,4.2333,3.1293,3.0947,3.2504,3.7274,5.0743,5.7622,5.9893,3.9158,3.4858,3.7099,4.104,4.7796,5.5639,0.12365,2.8755,3.1917,3.3865,3.5359,3.6396,3.6723,3.6275,3.5645,3.5321,3.5044,3.3643,2.1929,1.0998,0.86786,0.41822,5.3572,4.8942,4.7673,4.3547,2.1309,2.0283,2.0072,1.7235,0.0013752,6.0602,6.1609,0.062488,0.35352,3.5639,3.8331,4.0744,4.3212,4.8436
6.0618,0.90712,2.0012,2.3659,2.6307,3.111,4.346,4.7868,4.5558,4.1369,4.0445,4.3933,5.0788,5.5394,5.7523,5.8755,6.0247,0.17808,1.513,2.8344,3.6477,3.976,4.1391,4.2474,4.3248,4.3542,4.2868,4.0988,3.8859,3.7264,3.5619,3.2233,2.3972,1.6165,1.1591,0.43098,5.6308,5.1779,4.9384,4.5716,3.6235,2.9668,2.8635,3.0567,4.2644,5.6514,0.17191,1.3575,1.9847,2.3431,2.8665,4.7021,5.3722,5.6731
6.0924,0.59436,2.7199,2.9219,3.1116,3.546,5.1211,5.7973,6.0294,6.2169,2.8595,3.3522,3.8625,5.109,5.8974,6.2777,0.37166,0.97027,1.9006,2.7539,3.5658,4.3475,4.8295,5.0873,5.2274,5.2805,5.2135,4.9393,4.4764,4.0407,3.631,3.1406,2.6142,2.152,1.6765,0.93217,0.012091,5.7505,5.389,4.99,4.4432,3.9309,3.6612,3.5763,3.5611,3.258,2.3243,2.1629,2.2095,2.2392,2.0664,6.2681,5.9723,5.9881
0.26792,1.7233,3.2498,3.4159,3.6214,4.1514,5.5799,6.1988,0.20117,0.536,1.5192,2.8279,3.2883,4.0826,6.2646,0.36413,0.71368,1.2848,2.1684,2.9234,3.6569,4.7598,5.481,5.7975,5.9712,6.0736,6.1003,5.986,5.6151,4.889,3.9497,3.3262,2.9592,2.642,2.2172,1.5143,0.7177,0.15952,5.9847,5.478,4.9259,4.4685,4.1456,3.8817,3.5391,2.9592,2.5238,2.4661,2.5335,2.5405,2.03,0.38259,0.17883,0.17997
1.0815,2.2685,3.6488,3.939,4.2001,4.7359,5.8974,0.27565,0.58619,0.88977,1.5195,2.6465,3.0882,2.74,1.1684,1.1026,1.3319,1.8547,2.6553,3.3093,4.0651,5.5987,6.2034,0.15528,0.30334,0.41233,0.46152,0.32901,6.0026,5.0991,4.3885,3.8226,3.415,3.0702,2.6418,1.9631,1.1949,0.65557,0.21533,5.9825,5.3728,4.8747,4.5452,4.2691,3.7966,2.848,2.5603,2.8632,3.2898,3.5776,3.8102,0.60369,0.74118,0.86269
1.5912,2.2703,4.0459,4.4476,4.7138,5.1607,6.2064,0.72628,1.0559,1.2807,1.5967,2.5278,2.8034,1.8788,1.7726,1.8941,2.1673,2.674,3.3853,4.0694,5.1297,0.11406,0.55239,0.76845,0.93026,1.0853,1.2473,1.4185,4.5511,4.5746,4.4424,4.1814,3.8411,3.4677,3.0201,2.3562,1.5563,0.99044,0.58219,0.14463,5.8581,5.3184,4.9989,4.8617,4.8708,1.4055,2.7631,3.765,4.052,4.1694,4.223,1.5188,1.3327,1.4167
1.8229,2.2116,4.5174,4.8663,5.0857,5.4617,0.30094,1.2677,1.5942,1.7792,1.8769,5.6286,6.2682,1.4042,1.934,2.2557,2.6143,3.1378,3.8656,4.6404,5.6202,0.44314,1.0025,1.308,1.5498,1.8204,2.2415,3.063,3.9491,4.3319,4.4312,4.3608,4.1584,3.8485,3.4292,2.8048,1.9485,1.2918,0.87418,0.49952,0.037869,5.8196,5.5044,5.4473,5.6354,5.8942,5.3167,4.4897,4.3668,4.3363,4.2379,2.9363,1.7874,1.7388
1.9409,2.0825,5.0171,5.1743,5.3375,5.6872,0.75998,1.6961,1.9921,2.227,2.8827,5.3578,5.9167,1.0988,2.0328,2.4253,2.8036,3.3359,4.0729,4.8023,5.592,0.53185,1.3306,1.7269,2.0359,2.3872,2.866,3.4406,3.9285,4.2492,4.4212,4.4638,4.3868,4.193,3.8716,3.3574,2.5224,1.6861,1.1634,0.76897,0.3629,6.2172,5.8895,5.7422,5.7323,5.6865,5.2531,4.7091,4.496,4.3858,4.1678,3.0522,2.0894,1.9396
1.9532,1.577,5.4153,5.374,5.4743,5.8261,1.1687,1.8856,2.1382,2.4126,3.2507,4.8024,5.2437,5.9276,2.2156,2.5205,2.87,3.4341,4.187,4.786,5.2917,0.1463,1.5708,2.029,2.379,2.7902,3.2616,3.6722,3.9732,4.2058,4.3941,4.5185,4.55,4.4716,4.2657,3.8917,3.2604,2.3437,1.5164,0.94076,0.49352,0.10127,6.0354,5.742,5.4969,5.2497,4.9533,4.6868,4.5043,4.3194,3.932,2.9744,2.2941,2.066
1.5481,0.60052,5.7205,5.4158,5.3809,5.6623,1.427,1.8739,2.0745,2.3787,3.2242,4.3025,4.683,4.8219,4.2447,2.4719,2.7291,3.488,4.3502,4.7818,5.0526,5.3827,1.3455,2.2043,2.6592,3.1964,3.6486,3.9133,4.0632,4.1839,4.3334,4.51,4.6436,4.6685,4.5572,4.292,3.8667,3.252,2.0477,0.88906,0.39732,0.039639,5.919,5.4259,4.9747,4.6762,4.4886,4.307,3.9984,3.5954,3.2345,2.8525,2.4131,1.9879
0.77724,0.62946,6.206,5.026,4.7878,4.7607,1.7423,1.7997,1.9633,2.3193,3.3223,4.286,4.6667,4.9341,5.3415,0.52773,1.5423,3.2002,4.7155,4.9432,5.1207,5.3357,5.7056,0.63221,3.2128,3.8478,4.0893,4.1779,4.2034,4.2224,4.2891,4.4424,4.647,4.7835,4.7737,4.6207,4.3878,4.1919,4.4816,0.19901,0.1305,6.1346,5.6449,5.1042,4.7518,4.5289,4.2612,3.6124,2.9195,2.7927,2.8715,2.8948,2.1204,0.94367
0.81832,0.98426,1.2748,4.1861,4.3632,4.4459,4.1174,1.952,2.0404,2.4482,3.8585,4.6977,5.0333,5.3535,5.9042,0.60233,1.2288,1.1885,5.189,5.2489,5.3919,5.5865,5.8445,6.0572,5.4396,4.5695,4.4465,4.4002,4.3565,4.3231,4.326,4.4017,4.5858,4.8349,4.9857,4.9821,4.9305,4.973,5.2877,5.9283,6.237,6.04,5.522,5.1444,4.9701,4.8445,4.5351,3.5728,3.0633,3.048,3.1669,3.2947,0.60499,0.66192
0.99074,1.2383,1.8336,3.8582,4.291,4.4367,4.3414,2.92,2.5307,3.1545,4.8128,5.2845,5.5775,5.9315,0.23175,1.0262,1.5695,1.7696,5.4415,5.5273,5.6755,5.8481,6.0384,6.1443,5.6944,4.8724,4.6395,4.5498,4.4853,4.4352,4.4086,4.4263,4.5432,4.8704,5.2702,5.3896,5.3713,5.3852,5.5083,5.8179,6.2388,6.1915,5.6649,5.42,5.3571,5.3055,5.0487,3.9562,3.3996,3.3692,3.4638,3.6101,0.60469,0.79334
1.0761,1.3566,2.0092,3.7032,4.251,4.4422,4.4252,3.8917,3.4329,4.3078,5.2652,5.6472,5.9516,0.041697,0.59723,1.2934,1.8359,2.1969,5.441,5.6889,5.8599,6.0215,6.1721,6.2174,5.7299,4.9697,4.7475,4.6568,4.5877,4.5294,4.4869,4.4736,4.5438,4.9428,5.6402,5.7455,5.6483,5.584,5.6044,5.7705,6.2723,0.28117,5.9613,5.6975,5.6307,5.5694,5.32,4.2697,3.6111,3.5286,3.5836,3.688,0.71275,0.87346
1.0604,1.3901,2.1455,3.5619,4.1532,4.4202,4.5284,4.3761,4.1569,4.8031,5.4392,5.8018,6.12,0.21686,0.74114,1.3777,1.9171,2.3172,4.5096,5.7184,5.9192,6.0768,6.2002,6.1955,5.7068,5.061,4.8492,4.751,4.6696,4.5965,4.5371,4.5026,4.5488,5.0743,6.0231,6.0107,5.8227,5.6897,5.6431,5.7149,6.1744,0.57501,6.1923,5.8426,5.7396,5.6528,5.3909,4.3805,3.6689,3.5506,3.5811,3.6653,0.68352,0.84234
0.95418,1.3676,2.2924,3.4447,4.013,4.3743,4.6597,4.8588,4.889,5.1103,5.4808,5.8083,6.1375,0.24286,0.74517,1.3359,1.8679,2.2954,3.0866,5.5595,5.8325,5.996,6.0956,6.0509,5.6689,5.1993,4.9749,4.8427,4.728,4.6245,4.5382,4.4779,4.4979,5.3216,0.11266,6.2245,5.9437,5.7449,5.649,5.6625,5.9957,0.62718,6.2466,5.8342,5.7139,5.618,5.3534,4.3268,3.5877,3.461,3.4886,3.6032,0.50735,0.70403
0.78056,1.3074,2.4227,3.3482,3.8657,4.3092,4.7937,5.3367,5.6743,5.3051,5.3448,5.6486,6.0109,0.14449,0.64421,1.2081,1.7412,2.2134,2.9728,5.1625,5.5909,5.7791,5.8674,5.8226,5.598,5.3166,5.102,4.9205,4.7469,4.5899,4.4587,4.3505,4.2734,0.3301,0.50917,0.14726,6.0274,5.7532,5.6234,5.6238,5.9447,0.72027,6.1987,5.6978,5.5861,5.5031,5.2498,4.1171,3.3818,3.2795,3.3262,3.5512,0.26316,0.4943
0.58881,1.2399,2.4749,3.2309,3.7101,4.2143,4.8647,5.5653,5.8968,4.9554,4.9812,5.3744,5.8094,6.2668,0.49116,1.0515,1.6063,2.1394,3.0256,4.8093,5.3083,5.5025,5.5759,5.5497,5.4492,5.3193,5.1614,4.9515,4.7064,4.4763,4.2809,4.0796,3.6265,1.4879,0.87705,0.36271,6.0665,5.6945,5.5472,5.5894,0.043052,1.296,0.24593,5.5767,5.4581,5.3908,5.1557,3.8081,3.1295,3.0719,3.1514,3.6819,0.023148,0.27245
0.42521,1.2174,2.3964,3.021,3.4832,4.047,4.7484,5.1915,4.7443,4.3912,4.7465,5.2635,5.7538,6.205,0.39852,0.95948,1.5754,2.1912,3.1817,4.6699,5.1194,5.2522,5.2582,5.2143,5.1841,5.1667,5.096,4.9108,4.628,4.3411,4.0872,3.7613,2.8036,1.5491,1.0737,0.54523,6.0482,5.5477,5.3781,5.5203,1.5014,1.6588,1.161,5.7709,5.494,5.4068,5.2093,3.6278,2.9554,2.9347,3.0599,4.2393,6.0663,0.065753
0.27281,1.278,2.1883,2.6169,2.9955,3.6566,4.3437,4.3365,4.1783,4.2992,4.7513,5.3981,5.9232,0.038741,0.4508,1.0323,1.8117,2.5107,3.3186,4.5278,4.9659,4.9764,4.8611,4.786,4.8074,4.8839,4.9226,4.8302,4.5898,4.2979,4.0127,3.553,2.1483,1.3759,1.0539,0.61546,6.0194,5.3448,5.0511,2.7741,1.8611,1.7078,1.3416,0.11108,5.737,5.561,5.4115,4.0113,2.9068,2.8998,3.0984,4.4539,5.7559,6.1046
6.2096,1.4153,1.9222,2.0408,2.0778,2.4376,3.8902,4.0206,4.0622,4.2521,4.7665,5.5923,6.1523,0.22278,0.60389,1.3094,2.3064,2.8663,3.2748,3.9825,4.5281,4.4484,4.3251,4.3203,4.4104,4.5605,4.7112,4.764,4.6433,4.3915,4.0949,3.2576,1.3372,1.0679,0.89202,0.59518,6.1077,5.1279,4.4049,2.3088,1.8384,1.6197,1.291,0.51249,6.005,5.6987,5.5462,5.1061,2.9499,2.8936,3.1866,4.3706,5.2814,5.6432
4.9259,1.7075,1.6553,1.5395,1.4036,1.376,3.3383,3.8199,3.905,4.0789,4.5767,5.6158,6.2443,0.29941,0.69424,1.592,2.5834,2.9585,3.129,3.2579,3.4759,3.6731,3.8013,3.9265,4.0769,4.2684,4.5019,4.7301,4.8512,4.82,5.4058,0.81126,0.80593,0.76107,0.69928,0.57648,0.18412,4.4429,3.1181,2.0584,1.6527,1.4229,1.1482,0.60465,6.1073,5.6751,5.5064,5.4281,2.667,2.587,3.0677,4.2306,4.7328,4.8783
4.294,3.5021,1.3293,1.1171,0.98042,0.93986,1.5635,3.3052,3.5055,3.6608,4.0094,5.0518,5.9625,0.070862,0.49047,1.5588,2.5449,2.8502,2.9613,2.9892,3.0657,3.2529,3.4461,3.6209,3.7984,4.004,4.2763,4.7403,6.0459,0.74388,0.87168,0.74213,0.60188,0.53456,0.52891,0.59997,1.1497,2.6108,2.4029,1.7699,1.3529,1.1266,0.91151,0.49605,5.9298,5.3701,5.2447,5.4675,0.63806,1.399,1.8756,4.0782,4.3541,4.3762
4.072,4.0417,0.66429,0.62875,0.58839,0.65859,1.1275,2.3378,2.876,3.1557,3.5055,4.1869,5.0915,5.6465,6.0922,0.84912,2.1871,2.5688,2.749,2.8548,2.9387,3.053,3.1952,3.3529,3.5271,3.7265,3.9818,5.2919,0.86589,1.0101,0.96094,0.74495,0.49495,0.3546,0.36015,0.67091,1.9618,2.3774,2.1282,1.525,1.0499,0.79611,0.58474,0.15864,5.3491,4.7668,4.7001,5.3018,0.73913,0.97359,1.0608,3.9298,4.1197,4.1101
3.7963,3.9156,5.8965,0.099808,0.21451,0.428,1.0052,1.9401,2.4943,2.8623,3.2972,3.9531,4.6614,5.1623,5.5829,0.028165,1.4765,2.0889,2.3922,2.6169,2.753,2.8377,2.9377,3.0669,3.2251,3.4107,3.6136,0.69893,0.85545,0.93379,0.8732,0.64377,0.34238,0.14195,0.12739,0.79304,2.1887,2.2448,1.9381,1.3474,0.82827,0.51601,0.24497,6.0042,4.8736,4.3099,4.1377,4.2486,0.77732,0.76635,0.72757,0.017077,3.8801,3.8227
3.3386,3.5095,5.3309,5.9858,6.1819,0.18623,0.86183,1.8096,2.3376,2.709,3.1718,3.8692,4.5527,4.9998,5.3609,5.9251,0.88942,1.5477,1.7334,1.8383,2.1024,2.3776,2.5742,2.7429,2.9199,3.137,3.5767,0.042449,0.36085,0.4878,0.46359,0.27747,0.011919,6.0941,6.0532,0.8715,2.0784,2.0078,1.7004,1.1818,0.66302,0.29703,6.2694,5.7994,4.8406,4.1097,3.8235,3.7479,0.36375,0.29444,0.18688,5.8742,3.4699,3.3554
2.84,2.9875,4.872,5.708,5.907,6.1681,0.52512,1.6419,2.2022,2.5314,2.9225,3.6196,4.424,4.8578,5.0817,5.2598,0.093245,1.242,0.96871,0.91653,1.2291,1.7281,2.1564,2.475,2.7601,3.1455,4.3843,5.655,5.979,6.1064,6.1119,6.0072,5.8404,5.7054,5.7383,0.66221,1.5697,1.5528,1.3357,0.94344,0.46827,0.088108,6.1057,5.8632,5.3963,4.1067,3.7491,4.8139,5.5403,5.6371,5.5859,4.9894,2.9815,2.8343
2.508,2.6134,3.9835,5.4333,5.6237,5.8212,6.234,1.0248,1.8095,2.1092,2.3063,2.5564,3.0919,3.7467,3.8743,3.7867,3.7505,3.8601,5.1006,0.66476,1.061,1.4975,1.9798,2.4412,2.8798,3.4416,4.4981,5.363,5.6872,5.8002,5.7946,5.7011,5.5655,5.4878,5.7307,0.59945,1.0514,1.0606,0.90474,0.58568,0.15847,6.1159,5.9926,6.0864,0.19492,0.62739,6.2613,5.3593,5.2054,5.1448,5.0375,4.4115,2.7348,2.5165
2.3024,2.3827,3.2821,5.0636,5.309,5.5235,5.8749,0.28182,1.0903,1.555,1.8365,2.0784,2.3646,2.7412,3.1253,3.3943,3.5626,3.6812,3.7488,3.2249,1.5799,1.7735,2.1823,2.6455,3.0785,3.5385,4.2572,5.1463,5.5845,5.7213,5.7059,5.5985,5.4679,5.4454,5.9147,0.61828,0.85466,0.79833,0.58673,0.22833,6.1155,5.8666,5.849,6.1865,0.49568,0.57735,6.1568,5.4248,5.1409,4.9736,4.7518,3.9895,2.6617,2.3579
2.1151,2.1916,3.2517,4.6538,4.9968,5.3254,5.7967,0.17667,0.84824,1.3685,1.7837,2.1552,2.5102,2.8415,3.1053,3.2637,3.346,3.4032,3.4381,3.374,3.0055,2.5625,2.5712,2.7965,3.0678,3.3615,3.7921,4.7002,5.4893,5.7063,5.6769,5.5341,5.3958,5.4179,5.9745,0.59733,0.79979,0.69659,0.39994,6.2773,5.94,5.7361,5.628,5.5836,5.5894,5.4036,5.2914,5.2162,5.095,4.8754,4.4095,3.4113,2.5977,2.2485
1.5808,1.716,3.8535,4.3885,4.727,5.171,5.8154,0.27273,0.88413,1.3825,1.8578,2.352,2.8334,3.206,3.3368,3.093,2.8425,2.881,3.0438,3.2,3.2285,3.0056,2.7345,2.6936,2.7989,2.9632,3.1689,3.5149,4.6235,5.4234,5.4053,5.2088,5.0907,5.1529,5.598,0.32085,0.69951,0.6055,0.23016,6.0979,5.8306,5.6444,5.4007,4.8974,4.2632,3.9878,3.9686,4.0613,4.0119,2.1546,2.1592,2.28,2.24,1.9235
5.9424,5.5452,4.5251,4.279,4.4698,4.8841,5.6578,0.30817,0.90582,1.3396,1.7981,2.4339,3.2139,3.798,4.1045,1.6256,1.7559,2.0255,2.3554,2.7184,2.9744,2.8644,2.4325,2.2472,2.276,2.3993,2.5943,2.8971,3.3548,3.7847,3.9743,4.0758,4.2249,4.4444,4.7501,5.2446,5.9705,6.2717,6.0483,5.7605,5.5808,5.4204,5.1638,4.7034,4.1663,3.8018,3.544,3.196,2.4851,1.8039,1.5285,1.3852,1.1027,0.24927
0.0090386,4.733,4.3821,4.1952,4.1832,4.3098,4.6181,5.488,0.28568,0.70007,0.90546,1.0142,0.53311,5.3391,6.2061,0.83974,1.2045,1.4258,1.614,1.7928,1.9005,1.7591,1.5903,1.6107,1.7101,1.85,2.0757,2.662,3.7745,4.1188,4.0626,3.9054,3.8458,3.9717,4.3004,4.7701,5.1876,5.3857,5.2612,5.0045,4.9102,4.8908,4.82,4.5669,4.0089,3.4675,3.178,2.969,2.6065,1.7174,1.0454,0.84259,0.77559,0.68912
2.0915,2.5013,3.1987,4.005,4.0644,4.0724,4.238,4.6287,5.3257,6.0195,0.16891,0.4612,0.71038,0.95559,1.1141,1.0633,1.0354,1.084,1.1516,1.1998,1.1941,1.1373,1.1238,1.196,1.3032,1.4047,1.4775,1.2054,4.7974,4.7294,4.5491,4.1982,3.8625,3.7863,4.0571,4.7954,5.4169,5.5733,5.2502,4.5546,4.279,4.2561,4.2809,4.1252,2.7299,2.3211,2.4437,2.7401,3.4608,5.1142,5.8756,0.17392,0.88701,1.5913
2.055,2.2506,2.6758,3.9001,4.187,4.1688,4.2976,4.6493,5.2209,5.8432,0.069504,0.49392,0.90088,1.3266,1.7309,1.8628,1.0096,0.66875,0.74327,0.85613,0.93417,0.95479,0.94058,0.94488,0.97792,0.98459,0.79475,6.0451,5.2952,5.1055,4.9438,4.5921,3.9848,3.6058,3.6531,5.156,5.9083,5.9294,5.5728,4.5429,4.0291,3.8635,3.673,2.6959,1.5901,1.4366,1.424,1.2595,4.9129,4.9626,5.1097,5.4705,1.2496,1.8438
1.9257,2.0523,2.4682,3.9387,4.3199,4.3233,4.4082,4.7376,5.2714,5.8222,0.037644,0.52573,1.03,1.5424,2.0618,2.6722,4.0114,5.6632,6.2831,0.39494,0.65384,0.7775,0.76335,0.65349,0.53258,0.41212,0.1666,5.9264,5.4649,5.2695,5.1598,4.9443,4.0624,2.9757,2.4937,1.1899,0.21307,6.2253,5.8888,4.7602,3.8538,3.5423,3.1725,2.225,1.4115,1.1214,0.89884,0.26982,5.2279,4.8794,4.7989,4.7528,2.1063,1.8719
1.5861,1.6822,2.1233,3.9698,4.3435,4.3852,4.3533,4.6198,5.2207,5.6105,5.9781,0.23469,0.99437,1.6968,2.3016,3.0878,4.1155,4.8248,5.3046,5.7467,6.1805,0.18523,0.14076,6.0946,5.8673,5.804,5.7861,5.6513,5.006,4.479,4.559,6.1263,1.5312,1.7224,1.7914,1.6822,1.0717,0.17085,6.1111,5.6859,3.0634,2.8889,2.6583,2.0793,1.216,0.77121,0.5162,0.13152,5.3906,4.6494,4.4255,4.2955,3.5163,1.6424
0.44273,0.67307,0.96829,3.4365,3.5964,2.3214,1.8823,2.0585,2.563,3.4275,4.0932,4.4762,4.7594,5.0062,4.5718,3.8392,4.305,4.6271,4.8473,5.0099,5.1157,5.1313,5.0673,5.0469,5.0909,5.1179,4.9493,3.5145,2.8563,2.7348,2.5901,2.198,1.6106,1.3958,1.5584,2.129,2.9863,3.4784,3.3024,1.6786,1.659,1.8001,1.9261,1.7782,6.1,6.0099,6.136,0.043424,1.4757,3.2752,3.5097,3.7831,4.541,0.0072815
5.8814,6.0788,0.21395,1.7615,2.0822,1.9495,1.9322,2.1595,2.6571,3.3245,3.8941,4.3256,4.7067,5.1106,5.5726,5.9805,5.6028,4.57,4.5648,4.6512,4.7178,4.7502,4.7672,4.8016,4.8431,4.7955,4.3016,3.2098,2.8625,2.751,2.636,2.3785,1.8312,1.3145,1.2821,3.3251,3.6652,3.653,3.3915,2.2377,1.5388,1.3716,1.1961,5.7605,5.0401,4.9955,4.9879,3.92,2.3068,2.3588,2.4964,2.832,5.2634,5.6871
5.614,5.7414,0.0076428,1.7542,2.0367,2.0691,2.1206,2.3713,2.8906,3.4652,3.9387,4.3578,4.7795,5.2355,5.7384,6.2732,0.53626,1.4005,3.7965,4.2407,4.4722,4.6294,4.7396,4.8088,4.8125,4.6251,3.8864,3.1631,2.9228,2.8172,2.717,2.5416,2.1391,1.2171,5.8233,4.4474,4.0585,3.8391,3.5574,2.7896,1.6689,1.207,0.71118,5.5413,4.8893,4.6656,4.3918,3.4387,2.418,2.1771,2.0894,1.917,5.7992,5.5805
5.4291,5.4855,6.0967,1.9456,2.1602,2.3021,2.5347,3.1351,3.7654,3.9399,4.1028,4.4235,4.8944,5.4166,5.9287,0.1806,0.78623,1.455,2.1873,3.0687,3.9208,4.4769,4.8317,5.0886,5.2594,3.1941,2.9097,3.0041,2.9706,2.8734,2.8015,2.7867,2.9554,4.9075,5.1786,4.9573,4.555,4.1349,3.8002,3.4656,2.5822,0.85062,0.15857,5.5136,4.7687,4.3878,4.0515,3.4529,2.5488,2.0496,1.7997,1.4807,0.038751,5.5318
4.9294,4.8665,4.0768,2.3927,2.5107,3.0473,4.485,5.2059,5.6243,6.1518,0.67814,1.3572,1.6053,1.0236,0.32081,0.54978,1.06,1.5714,1.9507,2.2189,2.3865,2.2526,1.3343,1.2567,1.4898,1.6204,1.3648,0.40291,6.2665,6.1604,6.0318,5.5455,4.8126,4.7635,5.1167,5.5617,5.8248,5.6694,4.7064,4.3863,4.5,4.7955,5.2155,5.48,3.3547,3.4249,3.5435,3.5756,3.1531,1.4191,1.2063,1.1557,0.91575,5.2888
2.8959,3.1809,3.5288,4.0405,4.5498,4.9085,5.238,5.608,6.0707,0.36724,0.96552,1.4523,1.8298,2.1528,2.4531,2.6317,2.2821,1.963,1.9519,1.9632,1.9133,1.7964,1.6931,1.6948,1.7653,1.7392,1.234,0.36812,0.07068,6.2438,6.1227,5.8533,5.302,4.8509,5.1807,0.44881,0.66798,0.62091,0.24434,5.4128,4.8774,4.7189,4.514,2.4378,2.0262,2.0243,2.0759,5.406,5.4665,5.6221,5.8789,0.39207,2.1211,2.6014
