1.8956,1.5508,1.1899,0.36561,4.7475,4.3646,4.2909,4.4907,5.543,0.21614,0.56957,0.91056,1.5078,2.4249,3.0904,3.6032,4.5978,6.0821,0.40767,0.89243,1.4047,1.8556,2.1587,2.3256,2.388,2.37,2.2938,2.1365,1.688,0.88789,0.46855,0.28556,0.13222,6.2007,5.876,5.4937,5.1901,4.9937,4.792,4.0567,3.1585,3.1367,3.1711,2.6067,1.3394,1.0356,0.84262,0.44811,5.7809,5.0396,4.689,4.3476,3.6243,2.4639
2.9287,2.0307,1.3423,1.115,0.23406,4.4236,4.5868,4.985,5.8605,0.46978,0.99861,1.4731,2.0727,2.7586,3.3085,3.7068,4.0385,4.253,2.1917,2.63,3.068,3.3729,3.5869,3.7499,3.8895,4.0403,4.3273,0.099752,0.77182,0.91019,0.95842,0.9435,0.85245,0.66363,0.39579,0.14403,6.257,6.124,5.8833,5.3462,4.8198,4.5292,4.1861,3.3394,2.5057,2.1324,1.7708,1.0319,0.14819,5.9806,5.6111,4.919,3.9442,3.4106
3.6988,3.32,1.7878,1.3659,1.2434,5.0386,5.0222,5.3537,6.057,0.71071,1.3456,1.8317,2.3487,2.9311,3.4491,3.7704,3.7884,3.4527,3.3451,3.5553,3.8573,4.1516,4.4148,4.6488,4.8569,5.043,5.2402,5.5934,0.15092,0.93301,1.2416,1.3529,1.3402,1.1942,0.92807,0.66193,0.48709,0.35291,0.098209,5.7555,5.1656,4.9116,4.6524,3.7789,2.8498,2.5803,2.3689,1.7106,0.5398,0.18247,0.013032,5.8843,4.3271,3.8542
4.0784,3.9831,3.6902,1.657,1.0389,0.56622,0.018927,6.1093,0.22977,1.4469,2.0312,2.3526,2.702,3.1928,3.7271,3.9427,3.6882,3.4455,3.529,3.8004,4.1435,4.4746,4.7543,4.9805,5.1624,5.3087,5.4363,5.6005,6.0021,0.9337,1.6652,1.8716,1.9102,1.8153,1.5705,1.2511,1.0191,0.90276,0.80294,0.41708,5.769,5.4871,5.4816,5.2991,3.3086,3.0541,3.0138,2.8233,1.4028,0.66421,0.5424,0.43453,5.9324,4.2553
4.4176,4.2677,4.2578,4.5576,0.69865,0.86122,0.96977,1.2585,2.3375,3.1538,3.393,3.5698,3.9202,4.7964,5.4565,5.4223,3.954,3.6178,3.7674,4.089,4.4961,4.8633,5.1349,5.3325,5.4874,5.6165,5.71,5.7128,5.4666,4.2039,3.2671,3.0206,2.892,2.7817,2.646,2.4599,2.2605,2.1548,2.1525,2.1232,1.9076,1.366,0.74593,0.33225,6.1941,5.2346,4.2186,3.8034,3.3957,2.1953,1.2469,0.96782,0.74697,5.8677
5.019,4.5468,4.5372,4.8211,0.45789,1.049,1.3268,1.7818,2.7422,3.528,3.936,4.3155,4.8993,5.6439,6.1039,0.00063235,6.1367,4.9072,4.6453,5.0243,5.4688,5.7483,5.912,6.0364,6.1738,0.075381,0.29124,0.28932,4.3006,4.1325,4.0264,3.8796,3.7146,3.5646,3.4488,3.3615,3.2681,3.1188,2.8963,2.6272,2.3144,1.9074,1.3601,0.76501,0.23035,5.9339,5.1348,4.3719,3.8439,3.2487,2.1755,1.4296,1.1002,0.7262
5.8051,4.9901,4.8915,5.0929,0.55875,1.3307,1.6304,2.0716,2.9182,3.7132,4.1748,4.5777,5.1023,5.7237,6.1673,0.085684,0.082176,6.2004,6.144,0.037624,0.25569,0.42752,0.57189,0.72839,0.9382,1.2267,1.5824,2.0812,3.2509,4.0355,4.2019,4.1947,4.1159,4.0075,3.8991,3.8047,3.7089,3.57,3.351,3.0499,2.6917,2.283,1.7975,1.2283,0.63269,0.030417,5.6311,4.8915,4.247,3.6177,2.7628,1.9537,1.4813,1.0328
5.9758,5.7168,5.6617,5.8749,1.4821,1.957,2.1435,2.4606,3.1518,3.9339,4.389,4.7377,5.1505,5.6701,6.1321,0.11957,0.22103,0.2206,0.2462,0.38962,0.60076,0.81426,1.0189,1.2298,1.4632,1.7228,1.9963,2.3023,2.8257,3.7133,4.1922,4.3448,4.3906,4.3894,4.351,4.2733,4.1655,4.0452,3.9046,3.7017,3.3778,2.9156,2.4263,1.9951,1.5268,0.80158,6.2319,5.6769,5.193,4.1854,3.0605,2.6447,2.3594,1.5388
5.7605,0.12608,0.49671,1.1105,2.3071,2.9402,3.2233,3.483,4.0222,4.7108,4.9119,5.0058,5.2084,5.5999,6.1235,0.25913,0.4864,0.56048,0.55286,0.60712,0.794,1.0433,1.2921,1.531,1.7717,2.0234,2.2754,2.4882,2.652,2.9335,3.6458,4.3713,4.7639,5.0243,5.2213,5.3115,5.2001,4.9548,4.7708,4.6391,4.4503,4.0522,3.4223,2.9533,2.6786,2.348,1.3571,0.47885,0.29182,0.31155,3.0183,3.4497,3.6666,4.2106
5.5871,0.56546,1.044,1.571,2.5705,3.463,3.9405,4.3929,5.176,6.024,6.2465,5.9869,5.7042,5.8829,0.20327,0.76404,1.0651,1.1933,1.1576,1.0246,1.0994,1.3609,1.6329,1.8809,2.1282,2.4018,2.7006,2.9088,2.795,2.5376,2.4774,2.4112,5.9312,6.0925,6.2598,0.071571,6.2668,5.9246,5.5469,5.3074,5.1045,4.7757,4.1727,3.5811,3.2404,2.9476,2.2773,1.1948,0.83593,0.74522,0.60973,4.1146,4.2151,4.5098
5.6652,0.87618,1.3819,1.8512,2.7231,3.6887,4.2144,4.6483,5.2846,6.07,0.18222,0.27546,0.31501,0.56713,1.0821,1.5257,1.8053,2.0012,2.1381,2.1346,1.9938,2.0477,2.2222,2.4312,2.6807,3.0074,3.4332,3.8315,3.886,3.356,2.9151,0.82069,0.18629,0.27597,0.40062,0.46938,0.3871,0.088879,6.0023,5.734,5.5102,5.1904,4.6373,4.0418,3.6617,3.3498,2.7556,1.7163,1.2627,1.1127,0.89692,4.6338,4.6123,4.826
6.0138,1.1262,1.7664,2.2131,2.8807,3.7589,4.3309,4.7119,5.1341,5.6993,6.2031,0.25971,0.56698,0.95467,1.4392,1.9047,2.2607,2.5142,2.6702,2.6737,2.5659,2.6049,2.7807,3.0081,3.276,3.6103,4.0249,4.4273,4.6603,4.7343,4.8443,5.1804,5.7966,0.14382,0.54098,0.70598,0.63299,0.35364,0.059028,6.1304,5.9276,5.6101,5.0821,4.5449,4.1929,3.891,3.3287,2.3498,1.8813,1.7306,1.6009,5.2434,5.1902,5.3893
0.13993,1.2201,2.5284,2.8408,3.0956,3.5778,4.3054,4.7283,5.0066,5.3794,5.9202,0.2138,0.70093,1.1416,1.6079,2.1096,2.565,2.8831,3.0011,2.8425,2.6444,2.761,3.0643,3.3937,3.7007,4.0072,4.3529,4.7078,4.9357,5.0314,5.1002,5.1989,5.3522,5.6316,0.14218,1.0798,0.98804,0.61475,0.43698,0.36538,0.26141,6.2661,5.7163,5.2211,4.9472,4.7115,4.2156,3.2522,2.7651,2.5996,2.4443,0.62565,6.1846,6.2113
0.35944,0.071588,3.5668,3.4649,3.3296,3.1748,3.8305,4.9484,5.1413,5.3947,5.8765,0.30416,0.91695,1.3705,1.8083,2.3314,2.8906,3.2947,3.4267,3.133,2.7258,2.8421,3.2784,3.7329,4.0763,4.3574,4.6598,4.9945,5.2055,5.2738,5.3002,5.3217,5.3238,5.2296,4.6828,3.6626,3.2309,1.2523,0.9564,1.001,1.0019,0.80788,0.23505,5.9173,5.609,5.369,4.9165,3.9869,3.3917,3.1336,2.8509,1.6518,0.62495,0.43599
0.43688,6.1586,4.0134,3.6862,3.4855,3.3055,3.871,5.5743,5.6187,5.7557,6.1668,0.67837,1.3341,1.7449,2.1407,2.6819,3.3312,3.7963,4.0066,3.8961,3.214,3.1031,3.7288,4.2751,4.5784,4.8142,5.1004,5.4375,5.6139,5.619,5.5826,5.5479,5.4974,5.3488,4.7508,3.7673,3.4074,1.4421,1.1559,1.2973,1.3696,1.24,0.73922,0.081517,5.9804,5.7003,5.269,4.427,3.7359,3.3871,3.0426,2.1035,0.98627,0.6445
0.48876,0.25893,4.0368,3.6448,3.5962,3.707,4.6778,5.8692,6.1169,0.055105,0.52922,1.3573,1.9355,2.2811,2.6414,3.185,3.8341,4.2743,4.5201,4.682,4.8681,5.2133,5.2675,5.2298,5.2709,5.4024,5.6674,6.0074,6.1767,6.1453,6.0457,5.9614,5.9233,5.9858,0.31949,1.3904,1.2113,0.8344,0.70572,0.82748,1.0671,1.1522,0.84467,0.26552,6.1375,5.8454,5.4693,4.7616,3.9675,3.5188,3.1748,2.5267,1.2421,0.70996
0.59537,0.64443,2.3388,3.5323,3.722,4.0217,4.8732,5.9572,0.13298,0.49495,1.0457,1.8311,2.4036,2.7684,3.1342,3.6557,4.2552,4.6675,4.921,5.1543,5.5302,6.0474,6.2417,6.125,5.9867,5.9934,6.1954,0.21864,0.40749,0.42312,0.33972,0.25038,0.25943,0.51512,1.0078,1.2417,1.1447,0.86844,0.57196,0.36473,0.26531,0.25666,0.22906,6.2541,6.0027,5.8324,5.6111,5.1084,4.1649,3.5993,3.3272,2.9962,1.5474,0.71871
0.7745,0.94241,1.928,3.5203,3.8808,4.2446,4.9877,6.0335,0.32589,0.74706,1.2965,2.0567,2.6754,3.0838,3.4681,3.9894,4.6029,5.0447,5.335,5.6371,6.1308,0.4308,0.70026,0.67254,0.47566,0.32419,0.40044,0.61937,0.77034,0.78992,0.7156,0.61908,0.61158,0.81619,1.1581,1.3212,1.238,0.97382,0.63809,0.34889,0.12707,6.192,5.8476,5.4604,5.5248,5.7207,5.7551,5.4759,4.3479,3.7024,3.5312,3.4071,2.1314,0.78393
0.96818,1.1464,2.0341,3.671,4.0605,4.4173,5.1125,6.1705,0.49549,0.91562,1.4477,2.22,2.8773,3.3033,3.7046,4.2831,4.9862,5.4803,5.8399,6.2818,0.63271,1.1518,1.3999,1.476,1.4123,1.2061,1.045,1.0526,1.0588,0.97733,0.81836,0.65344,0.60665,0.82725,1.2713,1.4933,1.4089,1.1219,0.77532,0.495,0.28221,0.053454,5.9384,5.5143,5.588,5.8306,5.9132,5.6523,4.4347,3.8516,3.7193,3.6315,2.3882,0.95283
1.0952,1.2572,2.3444,3.904,4.2226,4.5584,5.3039,0.13345,0.68598,1.0742,1.6227,2.4813,3.1356,3.5359,3.971,4.719,5.4953,5.9524,0.06789,0.60548,1.1904,1.5814,1.8092,1.9628,2.086,2.1559,2.0282,1.7036,1.3857,1.0357,0.64643,0.34807,0.24366,0.52818,1.5454,1.8781,1.7199,1.3372,0.95118,0.7084,0.57558,0.46432,0.19182,6.071,6.0272,6.0735,6.0209,5.6208,4.4551,3.956,3.8105,3.6681,2.0021,1.0987
1.1192,1.2716,2.9621,4.0686,4.3209,4.6685,5.6255,0.44637,0.89438,1.2765,1.9751,2.9883,3.5323,3.8966,4.4802,5.471,6.0355,0.071693,0.45548,1.002,1.4958,1.8069,2.0218,2.2265,2.4821,2.775,2.9005,2.6471,2.0088,0.89368,0.048307,5.9981,5.8199,5.5879,2.7192,2.4484,2.1299,1.6018,1.1017,0.87864,0.86637,0.97917,0.95831,0.39613,0.052376,6.2165,6.066,5.5824,4.4643,3.9759,3.8035,3.5858,1.7771,1.1364
1.0511,1.2096,3.4449,4.1045,4.3381,4.7416,6.005,0.66756,1.0632,1.5212,2.5235,3.4706,3.9157,4.3546,5.2344,6.0905,0.14808,0.37547,0.73533,1.2769,1.6922,1.9338,2.1299,2.3856,2.8008,3.2989,3.5541,3.4947,3.3247,5.1155,5.4354,5.3451,5.1573,4.5179,3.0896,2.6029,2.2624,1.7096,1.0765,0.81077,0.86609,1.1678,1.3618,0.71951,0.12819,6.2233,6.0525,5.5766,4.4193,3.9042,3.7227,3.4759,1.6099,1.065
0.93771,1.1391,3.5167,4.0498,4.3025,4.7839,6.2275,0.75385,1.158,1.7281,2.8896,3.6937,4.1411,4.6996,5.6915,0.11035,0.41455,0.63357,1.0021,1.5432,1.8475,1.9966,2.1654,2.4996,3.1897,3.8527,4.1167,4.1456,4.1535,4.5919,4.8677,4.8765,4.705,4.0264,2.9079,2.4641,2.1454,1.6067,0.899,0.56246,0.55253,0.83918,1.3115,0.54855,6.1612,6.0665,5.9638,5.5504,4.2336,3.7362,3.5951,3.3923,1.3429,0.91589
0.83831,1.1067,3.4727,3.9767,4.2566,4.8096,0.031338,0.77238,1.1989,1.8636,3.0742,3.8063,4.2807,4.9438,5.9535,0.29565,0.61741,0.89809,1.3753,1.883,1.9859,2.014,2.161,2.6372,3.6687,4.257,4.4784,4.5688,4.5852,4.6308,4.6886,4.6742,4.506,3.8267,2.7726,2.3508,2.038,1.484,0.75618,0.41261,0.35296,0.46734,0.6265,5.6571,5.7084,5.8145,5.8074,5.4138,3.9092,3.5419,3.4641,3.3144,1.0151,0.76961
0.77438,1.0543,3.5382,3.9429,4.2123,4.8052,0.12316,0.78611,1.2078,1.968,3.2647,3.9227,4.4169,5.2111,6.2033,0.44975,0.77538,1.146,1.7586,2.1379,2.096,2.0581,2.2189,2.8831,3.947,4.384,4.5845,4.7212,4.8046,4.8051,4.7797,4.7278,4.5672,3.976,2.8397,2.3501,1.9977,1.3441,0.59539,0.31703,0.30682,0.46821,0.5651,5.6407,5.6602,5.734,5.6944,5.174,3.7639,3.457,3.3759,3.1626,0.90657,0.70813
0.70998,0.79638,3.8172,3.963,4.1342,4.668,0.36411,0.83381,1.1722,2.1147,3.6066,4.0942,4.5849,5.5831,0.18133,0.5716,0.86141,1.2934,1.9448,2.2279,2.1941,2.1719,2.3722,3.1936,4.0638,4.3718,4.5327,4.6991,4.892,4.9775,4.9575,4.8889,4.7457,4.3522,3.2902,2.5137,1.9618,0.79761,0.11809,6.2806,0.1936,1.3477,1.9235,0.52303,6.0591,5.9123,5.7259,5.0833,3.8944,3.5087,3.3316,2.9004,1.0546,0.7359
0.57424,0.16124,4.3028,4.0076,3.9383,3.8229,0.93565,0.92657,1.0033,3.16,4.0836,4.2781,4.7182,5.9859,0.37502,0.6169,0.83786,1.3143,2.0739,2.3465,2.3309,2.3077,2.5469,3.6899,4.2873,4.4175,4.4905,4.6541,4.9366,5.0977,5.0942,5.0117,4.8689,4.6181,4.1467,3.5691,5.8226,5.6878,5.4791,5.1337,4.1238,3.018,2.4929,1.6502,0.45592,6.2292,5.8486,5.1578,4.1366,3.615,3.2823,2.6585,1.298,0.78982
0.31732,5.9742,4.7605,4.0022,3.556,2.8353,1.5904,1.0021,0.53113,5.0419,4.3857,4.3025,4.5431,6.1689,0.4165,0.53537,0.6685,1.1747,2.3128,2.6061,2.5788,2.4982,3.1564,4.8131,4.7334,4.6109,4.5523,4.6685,4.9816,5.1738,5.1574,5.0371,4.8675,4.681,4.6193,5.3044,5.6414,5.4478,5.1233,4.6634,4.0194,3.3266,2.7109,2.0038,1.0528,0.26812,5.9664,5.2695,4.3666,3.6802,3.1703,2.5132,1.505,0.78241
6.2739,5.7964,5.0366,3.8265,3.1546,2.6597,1.9043,0.88091,0.11071,5.3582,4.3776,4.0264,3.9677,5.2931,0.1813,0.25729,0.29717,0.52568,2.9494,3.1289,3.2168,4.531,5.6045,5.495,5.2274,4.916,4.7032,4.7339,5.0338,5.2159,5.1303,4.9164,4.6847,4.5321,4.8836,5.9663,5.8663,5.4988,5.0731,4.6235,4.1135,3.5061,2.8527,2.2118,1.4781,0.55214,6.0204,5.3533,4.5437,3.618,2.9614,2.4141,1.6275,0.61954
5.9698,5.6992,5.1568,3.3817,2.9013,2.644,1.982,0.43461,0.0051129,5.8639,3.84,3.5066,3.54,3.9866,5.5978,5.9906,6.0418,5.8117,4.1503,3.8334,4.351,5.3861,5.7051,5.7045,5.5284,5.1919,4.8427,4.7568,5.0596,5.2076,4.8444,4.3761,4.0502,3.7686,0.79544,0.29629,6.155,5.6184,5.091,4.6469,4.204,3.6316,2.9376,2.3407,1.7897,0.82927,5.9558,5.3702,4.6574,3.2843,2.6535,2.2971,1.6358,0.21217
5.6717,5.5584,5.0526,2.8548,2.7168,2.654,1.5176,6.199,6.2437,0.3263,2.557,2.9743,3.2504,3.7693,4.7795,5.3903,5.6044,5.6046,5.0862,4.3663,4.909,5.5076,5.7092,5.7323,5.6047,5.2119,4.4878,3.7769,2.5365,2.2737,2.7241,2.9105,2.8123,2.2852,1.2066,0.55109,0.048481,5.6935,5.0595,4.6038,4.2011,3.6504,2.906,2.3401,1.9538,1.1619,5.6344,5.2428,4.6498,2.5345,2.2567,2.0829,1.3837,5.9164
5.2605,5.1821,3.2327,2.4531,2.4743,2.6216,5.5478,5.8211,6.1312,0.71983,2.0165,2.5395,2.9644,3.607,4.4497,5.0137,5.3606,5.6905,0.014514,1.0636,1.1307,5.7122,5.4711,5.2756,4.4844,3.2894,2.9155,2.6367,2.3188,2.1687,2.2185,2.2562,2.1354,1.7236,1.029,0.44856,6.2347,5.5637,4.8273,4.3349,3.9414,3.3843,2.5749,2.0347,1.7683,1.3618,4.9277,4.7931,3.5998,1.8165,1.7372,1.6033,0.23053,5.3706
4.6244,4.2209,2.5783,2.1176,2.0512,1.7888,5.3737,5.5344,5.9284,0.80072,1.7517,2.1968,2.6657,3.4253,4.2595,4.7921,5.2314,5.8952,0.65649,1.3166,1.7306,2.2616,2.9229,3.1526,3.0584,2.8974,2.7597,2.6175,2.3987,2.1379,1.9864,1.8865,1.705,1.3096,0.66617,0.067372,5.8305,5.1248,4.3018,3.761,3.3387,2.7449,1.9242,1.3912,1.0979,0.50146,4.4023,4.1596,2.3804,1.2241,1.0671,0.76958,5.6663,4.8562
4.0145,3.4669,2.3951,1.8103,1.4887,5.9793,5.2456,5.2899,5.6733,0.75682,1.55,1.923,2.3838,3.2377,4.1131,4.6347,5.1508,6.1122,0.8239,1.327,1.7365,2.2285,2.6847,2.8928,2.8952,2.8112,2.722,2.6391,2.4833,2.1377,1.7949,1.5823,1.3426,0.90133,0.20664,5.8638,5.3257,4.6075,3.8016,3.265,2.8367,2.261,1.4947,0.95466,0.63489,0.18474,4.1963,3.7955,2.2914,0.65327,0.47286,0.1375,5.3238,4.4004
3.6116,3.0219,2.2022,1.5778,0.99367,5.6855,5.0986,5.0604,5.3966,0.73244,1.3763,1.6737,2.1064,3.0789,3.994,4.4851,5.0665,6.2266,0.76374,1.1804,1.5689,2.0347,2.4483,2.6592,2.7028,2.6652,2.6162,2.5889,2.5392,2.2762,1.76,1.3601,0.99441,0.4277,5.9458,5.3191,4.7613,4.0759,3.379,2.8614,2.4079,1.8381,1.1417,0.59313,0.19757,5.9057,4.1438,3.4469,2.2134,0.436,0.11938,6.0047,5.0999,4.141
3.1437,2.4764,2.0295,1.5161,0.23397,5.3406,4.968,4.7954,4.8402,1.1144,1.2397,1.3115,1.5654,3.0457,3.9361,4.2685,4.8855,6.1499,0.45662,0.77446,1.1187,1.5713,2.003,2.2549,2.3478,2.3508,2.3334,2.3798,2.5597,2.7874,2.8404,2.2248,6.0638,5.4742,4.8709,4.3357,3.8601,3.3634,2.8122,2.2575,1.7395,1.2146,0.61647,6.2535,5.6498,5.0299,4.1358,3.0663,2.2736,1.2494,6.2594,5.6022,5.0746,4.2588
1.7083,1.9416,2.0095,2.1066,5.1201,5.1318,5.0179,4.0604,2.6744,2.4331,1.6834,6.0169,5.8839,5.7936,4.9841,3.5148,4.0005,5.8165,6.1928,0.15498,0.46592,0.90629,1.3818,1.7019,1.8355,1.8326,1.7813,1.9072,2.6269,3.3482,3.6976,3.9754,4.1743,4.1086,3.7684,3.4214,3.1299,2.7772,2.2447,1.6246,1.1358,0.70914,0.14167,5.6715,5.0963,4.6915,4.1071,2.9235,2.3212,2.1153,1.7866,5.2624,5.2671,5.4492
0.94138,1.7574,2.2103,3.3231,4.7655,5.172,5.6002,1.7768,2.3035,2.7006,3.6863,4.9292,5.3965,5.7451,0.057489,1.4672,2.2545,5.165,5.7175,5.9925,0.026431,0.45049,0.93274,1.2865,1.422,1.3566,1.1975,1.2939,3.0466,3.5574,3.731,3.858,3.8879,3.7025,3.3426,3.0394,2.7926,2.4623,1.9172,1.3053,0.86363,0.47463,6.1901,5.4306,4.9102,4.5671,4.0482,2.9005,2.3381,2.2154,2.3014,5.259,5.5021,5.9597
0.69608,1.9546,2.5133,3.4253,4.7434,5.3946,6.1132,1.2772,2.1141,2.6651,3.4636,4.4969,5.1426,5.6125,6.2097,0.90275,1.7201,2.3053,5.3065,5.6748,5.9903,0.11235,0.63483,1.0773,1.2304,1.0341,0.60122,6.2042,3.6595,3.6012,3.6352,3.6688,3.6179,3.3884,3.0494,2.7842,2.5621,2.2473,1.7248,1.1485,0.72704,0.34572,6.0695,5.3315,4.8168,4.4631,3.9302,2.8672,2.2989,2.1163,1.9346,5.6768,5.6279,5.899
5.8298,2.5026,2.7099,3.2172,4.873,5.6518,6.1868,0.82072,1.8795,2.5259,3.1433,3.9852,4.8082,5.4009,5.9708,0.46243,1.3102,1.9143,2.4793,3.581,4.569,4.7883,4.4613,3.8561,3.8693,4.2375,4.4883,4.3139,3.8468,3.5592,3.4461,3.3727,3.2421,2.9879,2.6818,2.4529,2.2623,1.9876,1.5276,0.9941,0.57479,0.19207,5.939,5.2251,4.6753,4.268,3.698,2.7504,2.1461,1.8251,1.2623,5.9967,5.6083,5.5645
4.14,2.9219,2.7274,2.8461,5.1438,5.7831,6.1033,0.41347,1.5374,2.3175,2.844,3.4861,4.3607,5.1196,5.7221,0.13151,0.99113,1.7019,2.2314,2.7334,3.2336,3.6053,3.7925,3.867,3.9244,4.0132,4.1008,4.0752,3.8167,3.4358,3.1675,2.9865,2.7868,2.4966,2.1624,1.9126,1.7422,1.5365,1.1632,0.64966,0.21929,6.14,5.6562,4.9386,4.3104,3.8558,3.3118,2.4853,1.8032,1.3448,0.73603,6.0436,5.4401,5.066
4.057,2.9332,2.5682,2.5426,5.0613,5.6836,5.9399,0.14892,1.2075,2.0918,2.6294,3.215,4.0426,4.8709,5.5193,6.1942,0.73942,1.4857,2.0393,2.5174,2.9712,3.3441,3.5776,3.6948,3.7619,3.8294,3.8935,3.8813,3.6641,3.2447,2.9044,2.6856,2.4581,2.1183,1.7067,1.3976,1.2,0.982,0.55695,6.2563,5.8681,5.5821,5.1255,4.3384,3.743,3.3717,2.9076,2.0987,1.3965,0.97315,0.48053,5.8929,5.1768,4.7512
4.0263,2.4393,2.2769,2.4427,4.1948,5.3154,5.6995,0.0026415,1.0554,1.9033,2.4821,3.1278,3.9574,4.7265,5.3569,6.0182,0.49369,1.1737,1.7026,2.1645,2.5989,2.9506,3.1698,3.2939,3.3914,3.4969,3.5888,3.5857,3.3836,3.0416,2.7747,2.5826,2.3438,1.9518,1.5034,1.2075,1.0139,0.74414,0.20762,5.9345,5.6192,5.3327,4.7886,4.0129,3.5371,3.2034,2.6755,1.7819,1.203,0.86205,0.32524,5.5053,4.9422,4.6897
1.2479,1.7388,1.9666,2.4907,4.1499,4.895,5.3708,6.1701,1.0416,1.7425,2.3233,3.1155,4.0015,4.6377,5.1755,5.7968,0.1815,0.68861,1.0382,1.3389,1.6686,2.0064,2.2768,2.4802,2.6572,2.8315,2.9857,3.0495,2.9807,2.8599,2.759,2.6499,2.4324,1.9879,1.5533,1.3828,1.3006,1.0389,0.40193,6.1784,5.9065,5.5864,4.9146,4.1371,3.727,3.3853,2.6317,1.6073,1.2207,0.97703,6.2598,4.917,4.7819,4.833
1.1126,1.4305,1.7045,2.5593,4.1997,4.6277,4.9839,5.8926,1.0237,1.527,1.9806,2.9629,4.0178,4.4807,4.8586,5.3922,6.0152,0.13279,0.37358,0.607,0.91962,1.2977,1.6368,1.8801,2.0456,2.1675,2.2792,2.4083,2.5451,2.6564,2.737,2.793,2.7992,2.5849,2.3762,2.4542,2.4275,2.1495,1.3273,0.58989,0.24928,6.1937,5.4518,4.5529,4.1698,3.9126,2.8534,1.4882,1.3493,1.4213,4.2582,4.4675,4.6274,5.236
1.2027,1.3107,1.4594,2.2869,4.2163,4.4468,4.6351,5.2,0.74139,1.1422,1.3648,1.9178,3.5388,4.02,4.2974,4.7518,5.4581,5.99,0.030485,0.31713,0.65704,1.0468,1.3913,1.6249,1.7591,1.8314,1.8899,1.9911,2.1519,2.3136,2.4217,2.4872,4.7094,4.9506,4.1136,3.4231,3.0534,2.6505,1.941,1.1755,0.73181,0.36578,6.0097,5.0805,4.6391,4.4973,4.6929,1.2257,1.3669,2.6295,4.0729,4.2352,4.3427,6.2716
1.4739,1.2088,1.1645,1.313,4.0346,4.2208,4.3877,4.8188,6.2201,0.66993,1.0142,1.4832,2.4603,3.3129,3.78,4.2596,4.9581,5.6416,6.0791,0.12731,0.47647,0.86944,1.2143,1.435,1.5499,1.6062,1.6466,1.6982,1.7464,1.7249,1.5693,1.2404,0.7073,6.2544,5.26,4.0695,3.2425,2.6427,2.0657,1.4805,0.94791,0.46621,6.2216,5.5501,4.9054,4.5441,0.27188,0.55626,0.2214,5.436,4.447,4.1165,3.8707,3.1137
3.6824,0.51569,0.75309,1.0684,2.0849,3.6458,4.2157,4.8336,5.7903,0.37244,0.98164,1.5894,2.3048,2.989,3.5345,4.022,4.5452,5.08,5.4644,5.6286,5.6803,5.8565,6.2734,0.44581,0.76948,0.9817,1.1088,1.1499,1.1549,1.1917,1.242,1.262,1.1965,0.9518,0.53812,0.30932,0.38441,0.6547,0.94378,5.666,4.9389,5.0407,5.0874,2.3701,2.2901,2.2838,2.0669,0.3772,6.1716,6.1024,5.9701,3.9827,3.5258,3.5551
4.2683,4.9433,0.1673,1.1225,1.7189,2.5056,3.9798,5.0035,5.7109,0.23032,1.1246,1.8499,2.4152,2.9327,3.4511,3.8985,4.0578,3.8194,3.7211,3.8977,4.2018,4.5562,4.9048,5.1998,5.4077,5.5132,5.5737,5.8352,0.26859,0.92537,1.2862,1.4917,1.5553,1.39,0.97777,0.65149,0.49826,0.33894,6.0938,5.0917,4.72,4.5567,4.1294,2.8542,2.46,2.4075,2.3356,0.82019,0.066274,0.1502,0.37712,1.1261,3.4158,3.8606
4.5451,4.8872,5.6862,1.2891,1.7479,2.0022,2.2885,5.46,5.7508,0.02088,1.7977,2.4675,2.7814,3.0849,3.5004,3.4309,2.8935,3.156,3.4471,3.7693,4.138,4.5299,4.8799,5.1306,5.2617,5.2823,5.2603,5.3421,5.7746,0.78918,1.611,1.9229,2.0098,1.8314,1.3646,0.94987,0.70348,0.43527,6.116,5.2784,4.8783,4.6382,4.1673,3.1539,2.7101,2.6244,2.5769,1.5376,0.38416,0.48467,0.735,1.166,3.387,4.2053
5.0673,5.0804,5.0386,2.2761,1.9809,1.8269,1.6241,1.4587,2.3385,3.8083,3.9413,4.121,4.565,5.6816,0.26396,0.80539,1.6462,2.8081,3.4363,3.8663,4.3016,4.758,5.1323,5.3482,5.4056,5.3386,5.2228,5.131,4.978,4.0384,3.2251,3.0939,2.9849,2.7141,2.1736,1.6012,1.1958,0.76526,0.041007,5.5934,5.1959,4.8814,4.3492,3.5674,3.1788,3.0832,3.0489,2.4669,1.2275,1.2207,1.3494,1.4405,0.85473,5.0795
0.21483,6.1045,4.7453,4.238,3.9336,1.9036,1.7128,1.9693,2.6733,3.7218,4.3428,4.8,5.3323,6.0102,0.35467,0.79777,1.1089,1.2011,5.8428,6.015,0.19612,0.57218,0.83652,1.025,1.1684,1.3241,1.8144,3.1482,3.697,3.9625,4.1214,4.1838,4.1279,3.903,3.5071,3.1257,2.8664,2.5836,1.4132,0.38615,0.21618,0.042186,5.2052,4.572,4.6661,4.842,4.8783,3.8424,2.9179,2.8346,2.785,2.4264,0.74601,0.35752
0.96775,1.0196,5.5237,4.526,4.5509,4.2885,2.3138,2.3596,2.8282,3.9187,4.7746,5.2457,5.6807,6.2234,0.54091,0.88667,0.6182,0.12272,0.16971,0.45467,0.81866,1.1726,1.4681,1.6936,1.8525,1.9578,2.0601,2.284,2.9003,3.963,4.5226,4.7377,4.7646,4.5856,4.202,3.843,3.6343,3.456,2.9443,1.7882,1.4448,1.3764,1.0863,5.8153,5.586,5.6571,5.7062,5.0965,3.5373,3.4828,3.5396,3.5328,1.1043,0.9111
1.3592,1.324,1.0654,4.9467,4.6723,4.3807,3.7689,3.2583,3.3434,5.364,5.8177,6.0379,0.05478,0.67899,1.746,2.3329,5.9851,6.2419,0.26312,0.62387,1.0288,1.4154,1.7224,1.9337,2.0577,2.1127,2.1404,2.2067,2.3832,3.9381,5.339,5.4716,5.4571,5.2725,4.871,4.4323,4.1517,3.9369,3.4677,2.2987,1.8675,1.793,1.6262,0.18659,6.0869,6.1695,6.2524,6.026,4.3116,4.0336,4.0207,3.9726,2.7694,1.4311
