2.6231,2.9164,4.0564,5.0983,5.329,5.4409,5.6315,6.2744,0.79804,1.0402,1.119,1.2223,1.5001,2.0992,2.5228,2.4517,2.0577,1.7081,1.61,1.7917,2.2738,2.689,2.8271,2.8297,2.8417,3.038,3.5181,3.704,2.7308,1.781,1.4753,1.1946,0.78932,0.265,6.0967,5.7733,5.4303,4.5116,3.3179,2.9573,2.5206,0.579,0.34187,0.46953,0.85467,1.775,3.3167,4.5262,5.0977,5.4175,5.7034,0.31317,2.1405,2.4379
2.8106,3.278,4.1355,4.9359,5.2626,5.4231,5.6213,6.0516,0.3814,0.81241,1.0923,1.3581,1.7112,2.1951,2.6101,2.651,2.1429,1.6788,1.5945,1.7212,2.0495,2.5152,2.7861,2.7736,2.699,3.2831,4.4841,4.526,3.9514,2.4097,1.9783,1.7088,1.2911,0.62124,0.061825,6.0155,5.7099,5.1139,4.2052,3.7973,3.6836,3.6031,0.67403,0.81329,1.1019,2.0827,3.7702,4.3808,4.9122,5.4962,6.213,0.97223,1.9036,2.427
3.3079,4.2157,4.5305,4.6931,4.8215,5.0483,5.391,5.8071,0.013961,0.54038,1.0331,1.4777,1.9169,2.4004,2.916,3.2976,1.8445,1.3599,1.5403,1.7717,2.0875,2.9778,5.0214,5.6122,6.0084,6.1897,6.0465,5.4472,4.2648,3.1864,2.7245,2.4596,2.1774,1.6532,0.77286,0.15027,6.0185,5.4896,4.7685,4.2633,3.9973,3.7329,1.9467,1.1653,1.0868,4.243,4.2738,4.3356,4.4267,4.6969,1.3136,1.5013,1.7115,2.1232
6.1047,5.9837,6.0279,2.4181,2.7526,2.9401,3.3652,4.7994,5.6703,6.1432,0.60426,1.6935,2.3587,2.889,3.7566,4.921,5.7015,0.41058,1.5328,2.1274,2.6938,4.2577,5.2239,5.6075,5.9383,0.0090215,0.33894,0.55006,3.7695,3.6536,3.4376,3.1669,2.8896,2.5975,2.2141,1.5618,0.62107,6.1652,5.5791,4.9856,4.4021,3.8777,3.3553,2.5773,0.4543,5.7708,5.1968,4.6027,3.8476,3.1421,2.6829,2.3202,1.6823,0.3144
0.15169,0.2018,0.43654,1.8987,2.713,2.8926,3.0455,3.4297,4.4934,4.9824,4.9015,4.4937,4.0936,4.1679,4.9636,5.56,5.7778,5.9266,2.7436,2.9327,3.1968,3.8615,4.9507,5.5186,5.9127,0.13137,0.74179,1.1831,1.6832,4.2626,4.1802,3.8824,3.4631,3.0655,2.7316,2.3695,1.7579,0.81191,0.18009,6.0323,5.3412,4.1945,3.6926,3.5523,5.2707,6.2299,6.1831,5.9133,3.7578,3.3566,3.2635,3.2014,2.8854,0.17876
0.55049,0.62807,0.79297,1.7552,2.9582,3.0866,3.0574,3.0755,3.5185,4.3174,4.5764,4.6552,4.7502,5.0832,6.249,0.54136,0.61873,3.6998,3.5922,3.4784,3.408,3.4574,3.8548,4.9842,5.838,0.64159,1.434,1.6346,1.2711,5.0647,4.8627,4.586,4.1188,3.5402,3.0706,2.6792,2.1664,1.3475,0.65668,0.24884,6.0699,4.7921,3.9439,3.687,3.302,0.59514,0.49257,0.41316,5.9807,3.8605,3.7938,3.8093,3.9632,0.38521
1.3415,1.3208,1.3518,1.6391,4.2749,4.1929,3.3284,2.3977,2.4803,3.2047,4.1249,4.5529,4.8609,5.9411,1.6801,2.181,2.8417,3.4544,3.7551,3.8261,3.6993,3.3545,2.9788,2.849,2.9091,2.9132,2.7385,2.4184,0.0061612,5.5825,5.3613,5.1301,4.7853,4.2275,3.5604,3.0043,2.4525,1.711,0.98943,0.51055,0.059917,5.412,4.2858,3.7855,3.1334,1.5453,1.0219,0.78017,0.35086,5.0842,4.5021,4.3571,4.26,2.1598
2.6636,2.4411,2.438,4.626,5.5196,5.7591,6.208,0.86417,1.7145,2.2283,2.7268,3.2616,3.2825,2.4185,2.4193,2.7149,3.1454,3.6043,3.9635,4.1802,4.2156,3.7604,2.8883,2.7778,2.9613,3.1973,3.3722,3.5494,5.8617,5.9797,5.8093,5.5939,5.3386,4.9897,4.4399,3.6617,2.8929,2.1642,1.4287,0.80687,0.26408,5.8619,4.8882,4.0608,3.3355,2.4594,1.7266,1.2172,0.67239,6.1721,5.4751,5.0496,4.6146,3.5599
3.3922,3.2109,3.2191,4.5784,5.9359,6.1335,0.10706,0.63268,1.4676,2.0447,2.3704,2.6158,2.8191,2.9566,3.0857,3.2884,3.5852,3.9459,4.2973,4.5789,4.7643,4.751,3.6044,3.0142,3.1609,3.4269,3.6894,3.9772,6.023,0.23305,0.10245,6.1366,5.856,5.5666,5.2231,4.6811,3.746,2.856,2.1692,1.4049,0.62606,0.0013654,5.6611,4.7622,3.7969,3.1519,2.6036,1.9336,1.1213,0.46469,0.0062494,5.868,5.1644,3.9463
3.8598,3.7164,3.7165,4.8584,0.067572,0.20347,0.37102,0.78254,1.5672,2.1364,2.4439,2.7267,3.0826,3.4468,3.7216,3.943,4.1882,4.4827,4.7756,5.0034,5.1463,5.1833,4.9499,4.0755,3.7204,3.8109,3.9664,4.0341,1.5662,1.0437,0.83957,0.53813,0.15623,6.0492,5.6716,5.214,4.4347,3.4382,2.7562,2.1004,1.2204,0.46797,6.2222,5.6002,4.5871,3.7964,3.3289,2.8101,1.8529,0.99292,0.58217,0.26978,5.9262,4.3424
4.3096,4.2452,4.384,5.7622,0.50985,0.72688,0.97979,1.507,2.1401,2.4943,2.7571,3.1091,3.5467,3.9274,4.2196,4.4867,4.7788,5.0809,5.3159,5.4359,5.4483,5.3696,5.1954,4.9137,4.6123,4.4269,4.2913,3.9408,2.5593,1.7734,1.4556,1.1507,0.75957,0.27354,6.0392,5.4855,4.7043,3.6952,2.9769,2.3966,1.694,0.93394,0.35033,6.1111,5.3896,4.5163,3.9322,3.4862,2.7969,1.7043,1.1363,0.85328,0.47871,4.8569
4.9509,5.0818,5.5024,6.2279,0.71549,1.4274,2.0926,2.5524,2.8232,3.0382,3.3513,3.7835,4.1374,4.3871,4.6197,4.8986,5.2392,5.5727,5.7973,5.8695,5.7825,5.5567,5.2972,5.1228,5.0297,4.9152,4.6356,3.9823,2.9581,2.2858,1.8926,1.5763,1.2375,0.79585,0.18978,5.7165,4.7935,3.7896,3.0686,2.5321,1.9853,1.357,0.75125,0.23157,5.976,5.2953,4.6102,4.0989,3.6129,2.8324,1.9762,1.5841,1.4026,0.74835
1.2935,0.17904,0.059837,0.16413,0.5128,1.8828,2.7184,2.9642,3.1381,3.3981,3.9052,4.4342,4.688,4.8305,5.0009,5.2682,5.6294,5.9756,6.2037,0.0073577,6.2082,5.8774,5.4228,5.1995,5.1641,5.1257,4.8964,4.2872,3.4306,2.7599,2.2759,1.9,1.5678,1.2025,0.67356,6.0275,4.8382,3.895,3.2095,2.6992,2.2459,1.755,1.2083,0.68215,0.21117,6.0109,5.4435,4.8637,4.383,3.9296,3.3577,2.7783,2.4285,2.1673
2.2724,1.3839,0.6856,0.40798,0.33221,0.83566,3.1016,3.2123,3.3178,3.5587,4.1537,4.8312,5.1254,5.2601,5.4057,5.6568,6.0182,0.07361,0.29134,0.39475,0.38174,0.13042,5.6967,5.2499,5.2064,5.2169,5.0907,4.7019,4.0342,3.3157,2.6948,2.1891,1.7821,1.409,0.9486,0.087081,5.04,4.1701,3.5271,3.0042,2.5695,2.1573,1.7096,1.2271,0.77059,0.36027,6.2256,5.7432,5.2352,4.783,4.3504,3.8496,3.311,2.8265
2.9742,2.3597,1.4563,0.78286,0.44837,0.20132,4.0052,3.525,3.5128,3.6598,4.1907,5.0841,5.4938,5.6625,5.8122,6.0561,0.13492,0.46429,0.65526,0.73993,0.74863,0.62387,6.2064,5.3344,5.2536,5.3129,5.2865,5.0842,4.6409,3.9449,3.1426,2.4247,1.8668,1.4117,0.93431,0.21619,5.4257,4.5898,3.9869,3.4536,2.9785,2.5636,2.1774,1.7838,1.3756,0.9752,0.5908,0.19667,6.0547,5.6109,5.1507,4.629,4.0353,3.4745
3.5728,3.0821,2.2899,1.2919,0.74907,0.41189,6.08,4.1294,3.802,3.7924,4.12,5.2768,5.8502,6.022,6.1577,0.10825,0.49301,0.84537,1.0143,1.0539,1.0157,0.85873,0.15104,5.4632,5.3765,5.4735,5.5147,5.4228,5.1432,4.5317,3.4192,2.4399,1.8146,1.3365,0.87489,0.29293,5.7684,4.9783,4.3872,3.8804,3.3909,2.9405,2.5629,2.2463,1.9476,1.6186,1.2386,0.83865,0.45421,0.072736,5.9224,5.3581,4.6698,4.0544
4.0376,3.6011,2.9021,1.7564,1.0983,0.72796,0.25565,4.9407,4.1674,3.9909,4.068,5.4544,6.2422,0.058574,0.13346,0.32944,0.75076,1.1733,1.3498,1.357,1.2486,0.90074,6.0968,5.5324,5.5444,5.6849,5.7739,5.7485,5.5852,5.1071,2.9732,2.2169,1.7857,1.3839,0.96129,0.45578,6.0736,5.32,4.6875,4.1762,3.7022,3.2471,2.8692,2.6157,2.4556,2.2846,1.9784,1.5193,1.0541,0.6568,0.2574,6.0024,5.2284,4.5199
4.3981,4.0179,3.4059,2.0614,1.3801,1.064,0.69006,5.3949,4.4454,4.2198,4.1372,5.714,0.41833,0.36966,0.333,0.44585,0.89726,1.4295,1.641,1.6642,1.5435,0.71724,5.6369,5.537,5.6829,5.8968,6.0465,6.0861,6.0556,0.059904,2.2754,2.1293,1.8767,1.5653,1.1893,0.72719,0.14462,5.7121,4.977,4.364,3.8636,3.4253,3.0757,2.9348,2.993,2.9805,2.7456,2.2592,1.6442,1.1384,0.7266,0.24251,5.7377,4.8971
4.6879,4.3878,3.9743,2.2003,1.5357,1.3546,1.2048,5.5932,4.5078,4.3999,4.3245,0.75551,0.91948,0.74533,0.54692,0.48973,0.9634,1.6452,1.8815,1.968,2.0312,5.1832,5.3326,5.5111,5.7753,6.0793,0.029139,0.16462,0.37672,1.7258,2.2679,2.2059,2.034,1.7997,1.493,1.0948,0.6037,0.010005,5.4567,4.3916,3.6515,3.1069,2.4715,0.62951,4.3946,3.8972,3.4948,3.0037,2.2999,1.6119,1.1368,0.70515,6.2674,5.23
4.9116,4.7357,4.6783,1.4084,1.4964,1.5464,1.6781,2.6361,4.2632,4.4543,4.545,1.1306,1.3709,1.3475,1.1657,0.45211,1.3917,1.9883,2.0882,2.2345,2.634,4.316,5.076,5.437,5.8213,6.2306,0.2791,0.55897,1.2352,2.3002,2.4535,2.3677,2.2209,2.0374,1.8035,1.4993,1.1411,0.82568,0.84624,2.3707,2.3848,1.9046,1.1627,0.47889,6.1026,5.2065,4.38,3.8068,3.1468,2.2306,1.5927,1.2071,0.68472,5.5662
4.9613,5.0761,5.3815,0.043687,1.1141,1.58,2.0095,2.757,3.6985,4.2356,4.658,1.2555,1.7185,2.2026,3.0328,3.703,3.8557,3.0987,2.3448,2.4406,3.0197,4.0561,4.7205,5.2013,5.756,0.064472,0.52783,1.0564,2.2716,2.7487,2.7258,2.5898,2.4316,2.2672,2.0856,1.875,1.6633,1.5981,1.91,2.2178,2.1551,1.8323,1.3406,0.82841,0.34326,6.051,5.3332,4.7141,4.2,3.3773,2.3224,1.9112,1.7698,1.4404
3.8985,5.4587,6.0209,0.17517,0.66265,1.3374,2.2453,2.9432,3.3311,3.4856,2.2596,1.5607,1.965,2.7838,3.4368,3.7536,3.8871,3.772,2.9308,2.6559,3.2514,3.8839,4.2484,4.5427,5.0254,6.2642,0.96108,2.3104,3.1249,3.19,3.0632,2.8712,2.675,2.4992,2.3463,2.2223,2.1753,2.3039,2.4959,2.4914,2.3106,2.0064,1.6106,1.1756,0.73138,0.2433,5.9756,5.465,5.0531,4.5755,3.6154,2.9133,2.794,2.9822
3.3661,0.5595,0.41337,0.48233,0.59406,0.86344,2.6292,3.3131,3.3272,2.9434,2.0536,1.7811,2.1063,3.0324,3.6153,3.836,3.9283,3.9171,3.6222,3.1373,3.5078,3.8292,3.9557,3.9881,3.9399,3.7628,3.557,3.6493,3.7044,3.6257,3.4543,3.2237,2.9787,2.7692,2.6381,2.6448,2.8615,3.0982,3.0714,2.8529,2.5526,2.2178,1.86,1.4752,1.0474,0.56749,0.084047,5.9603,5.6249,5.2299,4.4877,3.7332,3.4511,3.3765
3.4983,2.0091,1.0317,0.86549,0.7691,0.58668,4.4543,3.9579,3.6371,2.7893,1.9956,1.8577,2.1366,3.0451,3.6871,3.8984,3.9701,3.9614,3.826,3.5939,3.7115,3.8538,3.894,3.8778,3.832,3.7969,3.8594,4.0233,4.1016,4.0509,3.9139,3.7105,3.4624,3.2481,3.2502,3.6372,3.9127,3.8442,3.5833,3.2097,2.7973,2.41,2.0543,1.6895,1.2593,0.76352,0.32063,0.002258,6.0248,5.6557,4.9164,4.2178,3.9111,3.7411
3.626,1.9666,1.3972,1.2232,1.0667,0.42382,4.7108,4.4643,4.256,2.6167,1.7688,1.7775,2.0542,2.8453,3.5897,3.8619,3.9515,3.9441,3.8271,3.6688,3.7267,3.841,3.8888,3.8901,3.8753,3.8873,3.9956,4.2144,4.4015,4.4785,4.4888,4.489,4.5578,4.8002,5.0049,4.9275,4.7078,4.4175,4.034,3.533,2.9984,2.5477,2.1657,1.7584,1.2412,0.71016,0.35785,0.15682,6.249,5.8141,4.9561,4.442,4.222,4.0429
2.4217,1.5971,1.5122,1.4949,1.5378,4.3654,4.5704,4.6606,4.8689,0.17837,1.2405,1.5177,1.8631,2.5136,3.2562,3.642,3.8047,3.8398,3.7488,3.6046,3.6213,3.7366,3.8267,3.8767,3.9073,3.9582,4.0949,4.3617,4.6677,4.9055,5.0942,5.2824,5.4694,5.5768,5.5325,5.3694,5.1621,4.9256,4.5867,3.96,3.1181,2.5397,2.0403,1.2652,0.49055,0.13596,6.2583,6.1075,5.5821,4.5498,4.3128,4.3113,4.3181,4.2146
1.302,1.3027,1.3848,1.6917,3.5116,4.1485,4.387,4.6824,5.2874,0.032498,0.70844,1.1463,1.6084,2.2045,2.8136,3.245,3.5068,3.6349,3.6132,3.4871,3.4577,3.5507,3.6738,3.7845,3.8826,3.9966,4.19,4.531,4.9508,5.2891,5.523,5.6838,5.7767,5.786,5.7071,5.5831,5.4843,5.4474,5.4881,5.7204,0.55097,0.87758,0.27638,6.1794,6.032,5.9263,5.7158,5.0996,4.2916,3.9877,3.8937,3.8214,3.4176,1.5361
1.3125,1.1597,0.96839,4.9881,4.2568,4.168,4.2252,4.579,5.562,0.033399,0.43823,0.839,1.3705,1.9863,2.4987,2.8732,3.1599,3.3648,3.4249,3.3284,3.2675,3.326,3.453,3.611,3.79,4.0068,4.3211,4.7936,5.2809,5.5992,5.7775,5.8711,5.8996,5.8642,5.7761,5.6963,5.7275,5.9365,6.2744,0.28224,0.37454,0.19051,6.154,5.972,5.8985,5.8051,5.5259,4.8698,4.2834,4.0105,3.8185,3.4647,2.3788,1.5712
1.3467,1.04,0.4139,5.1637,4.4506,4.1501,4.0513,4.3364,5.6704,0.0094179,0.29918,0.64787,1.1943,1.8415,2.3202,2.6412,2.8922,3.0987,3.1963,3.1367,3.0825,3.1238,3.2349,3.4032,3.6455,4.0148,4.5867,5.2278,5.6408,5.8477,5.9451,5.9776,5.9575,5.8856,5.7789,5.7192,5.8839,0.063716,0.43196,0.5486,0.47367,0.21766,6.1865,5.997,5.9053,5.7829,5.4611,4.8559,4.3553,4.0656,3.7927,3.2692,2.284,1.664
1.3612,0.81104,0.0079642,5.4215,4.5916,4.0108,3.7841,3.9565,5.5049,6.2008,0.19162,0.52699,1.0769,1.7468,2.2198,2.5112,2.7193,2.8793,2.9583,2.9417,2.9384,2.9932,3.0931,3.2449,3.5086,4.1183,5.1838,5.7386,5.9593,6.0541,6.0818,6.0609,5.9938,5.8781,5.7287,5.6351,5.9391,0.59475,0.87109,0.834,0.65621,0.36244,0.053286,6.1233,5.9743,5.7727,5.3865,4.8566,4.4338,4.112,3.7237,3.0645,2.2945,1.7806
1.3836,0.23346,6.0341,5.7975,5.1236,3.4778,3.3281,3.5252,4.8106,5.9818,0.060343,0.4329,1.0067,1.6981,2.176,2.4523,2.6223,2.7202,2.7563,2.7864,2.8568,2.9527,3.0651,3.2145,3.5063,4.6558,5.7845,6.0592,6.1731,6.218,6.2095,6.1488,6.0307,5.8491,5.6081,5.3241,2.9479,1.8231,1.5852,1.3284,1.0037,0.63935,0.33246,0.10294,6.1495,5.7828,5.283,4.8651,4.5565,4.1918,3.5328,2.7784,2.3478,2.02
3.7807,5.6091,5.8577,6.1347,0.5222,2.112,2.7228,3.1283,3.8895,5.4262,6.1115,0.33184,0.99035,1.7214,2.211,2.4846,2.6223,2.6492,2.6328,2.6936,2.8285,2.9825,3.1437,3.3474,3.7846,5.231,5.9456,6.1585,6.2633,0.031993,0.033197,6.25,6.0836,5.7633,5.1161,3.5229,2.6945,2.3766,2.1533,1.8893,1.4921,1.0375,0.72346,0.52562,0.26989,5.9296,5.2147,4.9483,4.8434,4.5928,2.9092,2.4552,2.4671,2.6057
4.1321,5.0657,5.7173,0.0094606,0.69258,1.4968,2.2053,2.7848,3.3903,4.2674,5.4338,0.14719,1.1019,1.8973,2.3975,2.6929,2.8171,2.7476,2.6205,2.6533,2.8128,3.0174,3.2434,3.5293,4.0692,5.1849,5.8519,6.1062,6.2355,0.028446,0.065656,0.050117,6.1874,3.8296,3.0723,2.783,2.5741,2.4344,2.3162,2.1428,1.8164,1.3793,1.0857,0.96204,0.8638,0.32821,5.342,5.2111,5.3904,5.8713,1.2622,2.1835,2.6663,3.2397
4.0477,4.7465,5.5785,0.032124,0.63381,1.2087,1.8331,2.4872,3.0806,3.5857,4.0424,4.4993,1.835,2.3236,2.7584,3.0811,3.2331,3.0972,2.7441,2.6355,2.7606,2.9825,3.2469,3.5657,4.0532,4.9046,5.6285,5.9566,6.1105,6.1887,6.2255,6.2411,2.813,2.8743,2.7392,2.5837,2.4567,2.3696,2.2925,2.1639,1.9061,1.5575,1.3284,1.2667,1.2795,1.1536,6.0643,5.6912,5.8825,6.2461,0.62146,1.9461,2.9104,3.4884
3.934,4.4821,5.4089,6.2647,0.52117,0.98639,1.5382,2.2197,2.8379,3.265,3.5341,3.5791,3.0129,2.7773,3.0537,3.3433,3.5107,3.4473,2.9721,2.6047,2.6433,2.8554,3.1305,3.444,3.8555,4.5368,5.331,5.7544,5.9245,5.9674,5.9118,5.5919,3.1055,2.7686,2.5893,2.4492,2.3458,2.2708,2.1965,2.0753,1.8635,1.6169,1.4736,1.4561,1.4866,1.3982,0.58677,6.1634,6.1476,0.021229,0.31383,1.5367,3.1553,3.5627
3.8149,4.2199,5.1676,6.1715,0.38452,0.77549,1.2659,1.9589,2.6194,3.0389,3.2908,3.4094,3.2847,3.0485,3.1834,3.4052,3.5517,3.5485,3.1493,2.5327,2.466,2.6674,2.9477,3.2464,3.5886,4.1172,4.9514,5.5183,5.7058,5.6861,5.4851,4.8369,3.2249,2.6612,2.4379,2.3136,2.2342,2.168,2.083,1.9474,1.7664,1.6148,1.5556,1.5699,1.5835,1.445,0.81781,0.1763,0.018535,0.033881,0.11451,0.32675,3.4112,3.588
3.697,3.9367,4.7775,6.0535,0.22905,0.54836,0.97247,1.6701,2.3972,2.8305,3.0896,3.2744,3.3982,3.3696,3.3261,3.3997,3.4689,3.451,3.1268,2.4236,2.27,2.4696,2.7581,3.0384,3.3111,3.6688,4.3765,5.1825,5.4158,5.291,4.9121,4.255,3.2103,2.5074,2.2403,2.142,2.1091,2.0832,2.0068,1.8498,1.682,1.5962,1.5924,1.6218,1.607,1.3931,0.82052,0.33763,0.14403,0.062047,6.2675,5.8528,3.7622,3.6232
3.6025,3.6012,4.015,5.9855,0.064303,0.27709,0.60679,1.2947,2.1432,2.6057,2.8778,3.1309,3.5097,4.0547,4.0387,3.5368,3.31,3.1721,2.8855,2.3476,2.1358,2.316,2.605,2.8539,3.0478,3.2294,3.5205,4.2421,4.6492,4.3404,3.9477,3.5778,3.024,2.3537,2.0014,1.9121,1.9713,2.1151,2.187,1.9821,1.7178,1.6136,1.6072,1.629,1.5804,1.1843,0.59863,0.39993,0.31246,0.18489,6.2122,5.5213,4.2547,3.7633
3.7002,3.1081,2.5725,0.93727,0.001326,6.2178,0.10321,0.72472,1.8365,2.3592,2.6541,2.9877,3.6056,4.4627,4.8783,4.7601,3.0691,2.662,2.5433,2.3912,2.2549,2.3576,2.5784,2.7302,2.8048,2.8171,2.7695,2.7329,2.9091,3.1111,3.1617,3.0857,2.8357,2.3337,1.8542,1.705,2.0057,3.041,3.4442,3.1372,2.1442,1.7304,1.6644,1.7156,1.8275,5.7785,6.1535,0.37676,0.61496,0.62313,0.15518,5.0268,4.5193,4.1854
4.6598,1.4323,1.5624,1.569,1.1842,5.7526,5.6448,6.0719,1.5289,2.1438,2.4671,2.8856,3.6198,4.4222,4.8917,5.2188,5.9539,1.8994,2.2346,2.5236,2.9655,3.3452,3.2089,2.8635,2.6033,2.3846,2.1867,2.1249,2.2978,2.5629,2.7368,2.7886,2.7095,2.4486,2.0704,2.045,3.0314,3.6042,3.7005,3.5734,2.8184,1.9435,1.8521,2.1268,2.9911,4.1095,5.3317,0.4236,0.86278,1.1012,1.4393,4.2013,4.4221,4.541
5.054,0.11045,0.97899,1.345,1.6911,2.6516,4.2457,4.6269,2.0165,2.0828,2.3807,2.8524,3.5489,4.2093,4.6679,5.0481,5.5711,0.73574,1.9094,2.5954,3.2753,3.7281,3.8926,3.7514,2.744,1.7487,1.5445,1.5853,1.7908,2.0824,2.3432,2.5124,2.5822,2.5594,2.5361,2.7392,3.0886,3.3316,3.4572,3.4415,2.9382,2.1128,2.1763,2.6215,3.1244,3.5384,4.6774,0.61444,0.87603,1.1311,1.6798,3.6696,4.2291,4.5512
5.0043,5.9659,0.54374,1.069,1.5554,2.2267,3.0342,3.5077,3.2579,2.3125,2.4153,2.8607,3.4225,3.9316,4.3529,4.7464,5.2027,5.9176,1.1956,2.466,3.069,3.4308,3.6727,3.8651,4.1745,0.57923,0.87223,1.056,1.2574,1.49,1.7492,2.0288,2.3197,2.5734,2.7227,2.801,2.8715,2.95,3.0218,3.0109,2.4973,2.1263,2.5441,2.8896,3.0977,3.1932,2.2436,0.75334,0.82777,1.0322,1.5518,3.3784,4.0608,4.457
4.8955,5.6677,0.14815,0.76896,1.3609,1.9773,2.534,2.9407,3.1057,2.7111,2.5142,2.8373,3.2371,3.6148,3.9899,4.4,4.8732,5.4338,0.1001,2.0317,2.6581,2.9887,3.2535,3.5283,3.9829,5.8244,0.36909,0.64501,0.81631,0.92872,0.99893,1.0757,1.4176,2.3689,2.6715,2.6791,2.6404,2.583,2.461,2.0475,1.1425,1.8602,2.8636,3.0091,3.0501,2.981,2.0169,0.80319,0.76402,0.92547,1.4008,3.0722,3.878,4.3346
4.7457,5.3868,6.0003,0.37191,1.1082,1.7492,2.2031,2.5416,2.8187,2.8676,2.4613,2.6486,2.9378,3.2355,3.5807,4.0185,4.5578,5.156,5.9948,1.471,2.2078,2.5615,2.8447,3.1412,3.568,4.9499,6.2535,0.31813,0.47324,0.51684,0.47255,0.37945,0.36062,1.3581,2.4042,2.4388,2.3575,2.2017,1.8789,1.1698,0.44684,0.29745,3.0575,2.9982,2.934,2.7776,1.8942,0.73525,0.62838,0.77847,1.2563,2.6039,3.5472,4.1308
4.4482,5.0276,5.4799,6.0452,0.6652,1.4349,1.845,2.1066,2.2995,1.9149,1.281,2.0479,2.4486,2.7616,3.1107,3.5751,4.1884,4.8848,5.842,1.0943,1.802,2.1724,2.4704,2.7773,3.1759,4.0863,5.7502,6.2355,0.12612,0.15998,0.10307,0.010934,6.2697,0.45121,1.7717,1.9759,1.909,1.7098,1.298,0.58019,6.1988,5.3414,2.9654,2.7324,2.6039,2.4273,1.6591,0.34308,0.21931,0.43494,1.0495,2.0247,2.8084,3.6143
3.8325,4.5101,4.8984,5.3355,6.19,0.85969,1.2745,1.4284,1.26,0.47498,0.65898,1.3999,1.8903,2.2403,2.6015,3.0703,3.7,4.4564,5.6475,0.82569,1.4131,1.766,2.0722,2.3998,2.816,3.5483,4.9844,5.6864,5.9257,5.9873,5.9504,5.8867,5.9329,0.20467,1.0607,1.2582,1.2064,0.99963,0.50415,5.8787,5.175,4.244,2.4209,2.0875,1.9484,1.7981,0.82115,5.6313,5.6253,5.9589,0.66867,1.5568,2.0445,2.7088
3.3929,4.0084,4.365,4.7867,5.6501,0.23421,0.55153,0.60091,0.42932,0.25239,0.63271,1.1698,1.5037,1.7806,2.1111,2.5772,3.1846,3.8304,5.0015,0.48426,0.95736,1.2623,1.5625,1.9233,2.4158,3.2167,4.3906,5.0585,5.302,5.3319,5.2218,5.054,5.025,0.029205,0.74418,0.73156,0.58538,0.24531,5.7062,4.8381,4.3502,3.5412,2.068,1.6649,1.4972,1.2882,6.0762,5.154,5.1647,5.4974,0.32626,1.2052,1.6596,2.3237
3.5347,3.7619,3.8955,4.1724,5.6693,0.076386,0.13981,0.062008,6.1758,6.1281,0.73496,1.1449,1.2455,1.3726,1.6244,2.1224,2.8306,3.4232,4.1563,6.0789,0.36187,0.6414,0.91183,1.266,1.8265,2.8809,4.12,4.6597,4.8139,4.7361,4.4974,4.2074,3.9455,3.4549,0.72488,0.49543,0.23308,5.9856,5.0699,4.4446,4.019,3.2394,2.0305,1.5835,1.3749,1.0942,5.7607,5.0601,5.1212,5.6489,0.36714,0.87857,1.266,2.5325
4.1494,3.7658,3.3436,2.702,1.4224,0.50091,0.054755,5.9454,5.3313,4.3966,3.6445,1.4325,0.87464,0.83222,0.98029,1.5141,2.6528,3.3381,3.9669,5.2538,6.0155,0.055519,0.3012,0.58137,1.0067,2.0644,3.9629,4.4306,4.5093,4.3715,4.1191,3.8604,3.6232,3.279,1.3181,0.45128,0.013304,5.5576,4.7289,4.2382,3.804,3.0232,2.0912,1.6608,1.4202,1.0439,5.5791,5.1904,5.8034,0.5154,0.66898,0.48617,5.9884,4.6945
4.7155,4.1231,2.386,1.9168,1.6513,1.3105,0.59888,4.9439,4.1568,3.8708,3.8087,4.1151,5.6188,6.1899,0.11485,0.38025,2.6326,3.4659,3.9981,4.8501,5.527,5.8842,6.1286,0.084154,0.39643,0.90602,3.3098,4.1423,4.2209,4.0982,3.8978,3.6919,3.4873,3.2267,2.6859,1.0741,5.9755,4.9448,4.3898,3.9909,3.464,2.7028,2.1463,1.8782,1.7318,5.3687,5.2265,1.25,1.3631,1.299,1.0338,6.1124,5.1862,4.9278
5.0197,5.5587,1.4997,1.5981,1.6147,1.6745,2.1629,3.3404,3.6086,3.6967,3.8619,4.2633,4.9608,5.5154,5.8138,5.9813,5.6792,3.7343,4.0689,4.6379,5.1414,5.4798,5.7317,5.982,0.049394,0.6564,1.5674,2.7459,3.4817,3.6582,3.6313,3.5228,3.3709,3.1963,3.0542,3.067,3.2911,3.4569,3.3059,2.7316,2.1465,1.9091,1.9392,3.3969,4.4044,4.479,2.6281,1.5811,1.5575,1.5358,1.3773,5.1608,4.9699,4.9651
5.1526,0.54101,1.1091,1.2343,1.3555,1.6952,2.4549,2.9941,3.2575,3.5049,3.8695,4.3852,4.8882,5.2539,5.5279,5.7762,6.0079,3.7981,4.0243,4.4105,4.7023,4.9259,5.1364,5.4169,6.0163,0.9696,1.681,2.0404,2.2723,2.3907,2.3888,2.3269,2.5235,3.1665,3.4134,3.3865,3.2099,2.8261,2.2072,1.6715,1.3372,1.0235,0.18281,5.1259,4.7845,4.6271,1.9769,1.6006,1.573,1.5844,2.1328,4.6942,4.7501,4.8406
2.3949,1.8032,0.90293,0.15334,6.1121,5.9717,2.7244,2.7265,2.7763,2.9635,3.6298,4.641,5.004,5.1523,5.3128,5.9053,1.079,1.5094,2.1013,3.5325,3.8529,3.8827,3.8261,3.6656,3.1925,2.4234,2.1691,2.1251,1.9997,1.7183,1.3424,0.97177,0.60399,0.081655,5.2426,4.1389,3.4387,2.7322,2.1025,1.6362,1.2232,0.70526,0.0024773,5.6753,5.2955,4.9856,1.8786,1.5259,0.76978,5.5578,5.033,4.6564,4.0462,3.0893
2.4759,2.5347,4.2164,5.3961,5.4462,5.4651,5.5676,1.2472,1.6994,1.5611,1.2714,0.84861,0.27595,4.7787,2.92,2.2882,1.8573,1.6272,1.6287,2.051,2.7691,3.0547,3.0879,3.0286,2.9446,2.8964,2.8729,2.6276,2.0838,1.6139,1.2776,0.9671,0.59935,0.13022,5.8881,5.3621,4.5826,3.0857,2.3838,1.9514,1.3677,0.59732,0.13157,6.2654,0.11797,1.3093,2.5287,4.722,5.2313,5.3338,5.3506,5.1451,2.5766,2.4751
