1.6914,3.0735,3.6645,4.0412,4.5734,5.5393,0.0058801,0.35832,0.52204,4.7936,4.7404,5.4287,6.0599,0.11599,0.33161,0.54305,0.81309,1.1125,1.3456,1.4679,1.4124,0.18861,5.5353,5.4873,5.5169,5.4682,5.2076,4.8343,4.5493,4.2588,3.7468,3.0163,2.5093,2.1753,1.8026,1.2523,0.69091,0.3505,0.1447,6.1474,5.0942,4.5799,5.1137,5.7637,6.0612,6.1356,3.766,3.5186,3.5912,3.74,4.6679,0.44751,0.70232,0.99078
2.1237,3.0175,3.6727,4.244,4.9044,5.6533,0.032497,0.59645,1.1791,1.8604,2.569,3.2408,4.1564,5.5719,0.079084,0.57852,1.0132,1.3631,1.5474,1.5437,1.4273,1.3275,1.3058,1.3453,1.3944,1.3981,1.344,1.3341,2.236,3.267,3.2072,2.981,2.6704,2.3006,1.8942,1.468,1.0333,0.59739,0.1504,5.945,5.4132,4.9224,4.529,4.1391,3.4097,2.5491,2.4058,2.7295,3.4813,4.5093,5.6121,0.13993,0.70983,1.2982
2.6719,2.6752,3.3767,4.5003,5.1026,5.6205,6.2525,0.66201,1.2756,1.8319,2.4106,3.0227,3.6057,4.1598,4.9249,0.33968,1.2262,1.6176,1.6389,1.3083,1.246,1.3696,1.5342,1.6926,1.8131,1.8538,1.7872,1.6814,1.6599,1.7806,2.1178,2.7641,3.1658,2.7748,2.0636,1.7475,1.4992,0.99464,0.06936,5.7759,5.4398,4.9955,4.1759,3.4805,3.11,2.7449,1.9825,1.024,0.57743,0.24515,5.9091,4.8365,4.1079,3.2893
3.8078,1.3628,1.1682,0.34167,5.3399,5.5029,6.1278,0.72162,1.3393,1.8255,2.3666,2.9864,3.5208,3.8858,4.1049,4.1277,3.9306,4.2781,4.968,6.1858,0.97453,1.4044,1.6611,1.8557,2.0021,2.0673,1.9994,1.8429,1.7327,1.6893,1.6277,0.69834,5.3161,5.192,4.9658,3.117,2.6358,2.6583,5.3853,5.5277,5.4432,5.0508,3.9481,3.3587,3.1329,2.8581,1.8868,0.87843,0.62971,0.49458,6.1911,4.2393,4.0764,4.0342
4.9876,0.35908,0.84408,1.0819,1.3786,4.124,5.3609,1.2261,1.5604,1.9156,2.4371,3.0649,3.5135,3.7425,3.8401,3.9297,4.188,4.5852,4.9628,5.4549,0.67851,1.6209,1.9462,2.1712,2.3573,2.4727,2.4232,2.1848,1.9412,1.7428,1.3008,6.1682,5.6324,5.4441,5.2045,4.6168,3.8821,3.6955,4.0752,5.151,5.5521,5.32,3.8718,3.4234,3.3123,3.155,2.0797,0.91294,0.79191,0.81458,0.9984,4.0014,4.1487,4.3587
5.4441,5.9456,0.3687,1.1478,1.7717,2.2626,2.7091,3.1928,3.7781,4.3973,4.8816,5.18,4.4949,3.0104,3.2615,3.6672,4.1518,4.5922,4.9065,5.031,3.8169,2.9903,3.095,3.2965,3.5152,3.6959,3.7843,3.7541,3.6754,4.0849,5.6757,5.8057,5.7549,5.619,5.3529,4.9114,4.4367,4.1095,3.8722,3.0818,0.96813,0.70575,0.076664,4.8521,4.5214,4.4263,4.2888,2.669,1.8683,1.8961,2.0966,2.7865,4.4684,5.0416
5.7023,5.2127,5.2219,0.32799,1.6643,2.0244,2.488,3.2423,4.0616,4.6632,5.2005,5.8352,0.30379,1.035,1.8082,2.9025,3.8541,4.3497,4.4307,3.7221,3.5946,3.8173,4.0657,4.2817,4.4513,4.5627,4.6097,4.6229,4.6718,4.8086,5.0614,5.445,5.8409,5.9454,5.5792,5.1453,4.9291,4.7165,2.6293,1.9165,1.6591,1.1821,0.37784,6.095,5.7539,5.3612,4.6603,3.898,3.445,3.0472,2.3682,1.4932,0.95481,0.38748
5.9293,4.8208,4.8726,5.358,1.3275,1.8407,2.3418,3.1863,4.0911,4.7067,5.2704,5.9515,0.38608,0.96783,1.4891,2.1964,3.1377,3.4125,2.9602,3.0667,3.5496,4.0191,4.3638,4.6158,4.8038,4.9259,4.9632,4.9368,4.9257,4.9686,5.0545,5.1859,5.9657,1.9963,2.1247,0.11361,5.917,0.42415,1.5217,1.8022,1.7515,1.302,0.46794,0.0039899,6.0291,5.667,4.8204,4.0463,3.7232,3.4412,2.5509,1.4108,1.1439,0.9897
2.0339,4.7331,4.9624,5.4775,0.93532,1.7682,2.3476,3.212,4.1487,4.8079,5.4176,6.132,0.54664,1.0893,1.564,2.134,2.741,2.7649,2.6626,2.9859,3.6054,4.1987,4.6077,4.9002,5.1296,5.2977,5.363,5.3146,5.25,5.2383,5.2566,5.2056,2.7549,2.5259,2.5111,2.307,1.4109,1.2898,1.64,1.8771,1.8762,1.4676,0.65989,0.22813,0.0056255,5.9669,5.0824,4.2726,4.0004,3.8026,2.8921,1.5317,1.3918,1.427
2.7278,5.0898,5.4971,5.9793,0.82817,2.0611,2.7758,3.5586,4.47,5.2577,5.9556,0.37339,1.0318,1.6072,2.157,2.7325,3.0842,2.6952,2.6646,3.1263,3.8786,4.5786,5.0602,5.4227,5.7303,5.9803,6.1146,6.0887,5.9851,5.93,5.9527,6.0867,2.6366,2.8346,2.8581,2.691,2.1832,1.924,2.0416,2.1993,2.2049,1.8585,1.1509,0.73479,0.52935,0.25783,5.7587,4.886,4.6096,4.4726,3.9074,2.1346,2.0178,2.1371
2.7668,0.34597,0.35656,0.55253,1.6548,3.4617,3.8982,4.5029,5.6329,0.23408,0.80739,1.4181,2.1705,2.8793,3.4426,3.9793,4.6542,5.4723,4.8168,4.3402,4.9593,5.5856,6.0741,0.15062,0.41895,0.6048,0.69467,0.69067,0.6477,0.62815,0.64593,0.68516,0.72316,3.8785,3.7967,3.468,2.9213,2.7236,2.8245,2.979,2.9815,2.6318,2.0554,1.7076,1.4864,1.1602,0.43212,5.9834,5.6521,5.3984,4.6901,3.4363,3.1297,3.0475
2.5005,0.78713,0.87957,1.1739,2.9439,3.9529,4.3839,5.083,6.2617,0.73757,1.2848,1.9488,2.7541,3.4051,3.901,4.421,5.1073,5.6946,5.7511,5.5417,5.7923,0.055686,0.50626,0.80243,1.0002,1.1187,1.1517,1.1197,1.0833,1.0685,1.0433,0.91558,0.33794,5.5622,5.1574,4.7826,3.8862,3.517,3.6244,3.7793,3.7482,3.2987,2.647,2.3084,2.0841,1.7058,0.86048,0.18436,6.1774,5.898,4.9089,3.8423,3.6365,3.5744
0.77831,0.93035,1.1146,1.5255,3.2063,4.1154,4.5957,5.3514,0.20984,0.94837,1.5194,2.2199,3.0208,3.6453,4.135,4.6589,5.3084,5.8119,5.8422,5.6612,5.9346,0.29715,0.80856,1.1199,1.3226,1.4382,1.4497,1.385,1.3288,1.3021,1.2539,1.0662,0.44589,5.9733,5.6818,5.4763,4.8099,4.1509,4.1422,4.2293,4.1638,3.6886,2.9642,2.6039,2.3825,2.0007,1.0796,0.40632,0.14976,6.1785,5.0079,4.0037,3.8763,3.8928
0.10411,1.0754,1.3282,1.7923,3.3476,4.2994,4.8267,5.6187,0.46472,1.2146,1.8146,2.526,3.2955,3.9069,4.404,4.9194,5.5103,5.9771,5.8806,5.3319,5.5412,0.24383,1.0648,1.4554,1.6959,1.8282,1.8172,1.6994,1.6009,1.5499,1.4856,1.2897,0.7361,0.090052,6.1135,5.9831,5.5587,4.7583,4.5888,4.6017,4.5082,4.0345,3.2601,2.8754,2.6588,2.2906,1.3138,0.62793,0.40169,0.19362,5.1812,4.1744,4.11,4.207
5.5346,1.4161,1.685,2.0492,3.4727,4.7964,5.3428,6.1522,1.0608,1.8201,2.4001,3.0454,3.7477,4.3525,4.8446,5.3042,5.8047,0.13364,3.3972,3.9511,4.2312,4.2661,3.5806,2.8491,2.728,2.6624,2.4877,2.2398,2.0593,1.9615,1.874,1.692,1.272,0.74851,0.48447,0.375,0.092193,5.5357,5.1851,5.1336,5.0232,4.5565,3.7362,3.334,3.1313,2.8014,1.8013,1.064,0.85931,0.71586,5.9029,4.5691,4.5231,4.6346
4.7105,2.4976,2.332,2.2392,0.60988,6.2164,0.17785,1.0102,2.1591,2.7228,3.1619,3.6974,4.3639,4.964,5.4056,5.7737,6.2419,2.5258,3.3073,3.7488,4.0677,4.2114,4.1827,4.0347,3.8213,3.5312,3.1455,2.7953,2.5933,2.4871,2.3879,2.209,1.8953,1.5672,1.402,1.3706,1.2766,0.53748,6.2039,6.0999,5.9872,5.5206,4.5574,4.1052,3.8929,3.5728,2.6185,1.7977,1.5368,1.3431,0.5855,5.3812,5.1409,5.0543
4.6229,3.2678,2.7474,2.097,0.84,0.60516,0.85438,1.7996,2.765,3.2182,3.6087,4.1272,4.7973,5.3712,5.7593,6.0574,0.14463,3.2275,3.6309,4.0054,4.3064,4.4589,4.4767,4.4016,4.2358,3.9043,3.3908,3.0086,2.8504,2.7849,2.7092,2.5464,2.2851,2.0761,2.0598,2.2072,2.3523,2.0915,1.1446,0.76718,0.58597,0.16554,5.2417,4.6356,4.3869,4.0379,3.0372,2.191,1.895,1.639,0.848,5.8252,5.4656,5.2302
4.8635,3.5068,2.4713,1.8409,1.2739,1.0707,1.3398,2.4107,3.153,3.5153,3.8712,4.3658,4.991,5.5118,5.8469,6.0393,5.8795,4.2629,4.2534,4.5145,4.7512,4.8843,4.9147,4.8606,4.6966,4.2403,3.4067,2.983,2.863,2.8212,2.7651,2.64,2.4549,2.3663,2.5273,2.8289,3.0092,2.9015,2.2406,1.5033,1.188,0.8878,5.7842,4.7924,4.5481,4.2299,3.1011,2.1858,1.9238,1.7066,1.003,5.797,5.4299,5.2298
5.362,0.31398,1.5854,1.7663,1.861,2.0412,2.6026,3.3433,3.6784,3.8913,4.1534,4.5377,5.0162,5.4378,5.7103,5.8077,5.6171,5.1425,4.9492,5.0289,5.19,5.3445,5.4595,5.5253,5.531,5.3702,3.1816,2.7637,2.6918,2.6439,2.5788,2.4833,2.4063,2.5919,3.1652,3.4448,3.4665,3.3404,2.9927,2.3625,1.8766,1.6948,1.7986,4.1983,4.4338,4.3987,2.3413,1.7057,1.6824,1.6895,1.5839,5.1102,5.1022,5.1767
5.8997,0.41789,1.119,1.7502,2.3414,2.9064,3.4653,4.0096,4.455,4.7042,4.746,4.7267,4.8351,5.0905,5.3853,5.5945,5.6471,5.5356,5.3812,5.3484,5.4563,5.6408,5.8327,5.9895,6.106,6.2331,0.52507,2.0998,2.2652,2.2145,2.1115,1.9749,1.8005,4.1846,4.2987,4.0099,3.7733,3.5805,3.3682,3.0382,2.596,2.3056,2.2408,2.2788,2.1695,0.68087,0.3702,0.54126,0.87563,1.64,3.1972,3.9508,4.4895,5.1155
6.2435,0.46755,0.94911,1.7131,2.6045,3.1906,3.6512,4.2126,4.9508,5.4979,5.5944,4.9397,4.5121,4.6972,5.1334,5.5572,5.787,5.8055,5.6575,5.5201,5.562,5.7559,5.9866,6.1708,0.011802,0.11953,0.39828,1.2971,1.7604,1.7768,1.6814,1.5085,1.1084,5.9172,4.8107,4.2273,3.8122,3.5806,3.447,3.277,2.933,2.5497,2.3366,2.1861,1.8556,0.91405,0.28271,0.12554,0.085516,5.0956,3.5517,3.6814,4.0009,5.0184
0.13436,0.53459,0.90688,1.6213,2.6835,3.2811,3.6742,4.1584,4.9762,5.6586,5.7194,4.905,4.5308,4.7181,5.1781,5.6921,6.0103,6.0956,5.9269,5.6052,5.5104,5.6933,5.9694,6.1943,0.061028,0.19412,0.51493,1.336,1.7279,1.7351,1.6376,1.4809,1.2009,0.043319,4.3557,3.7866,3.4302,3.2255,3.0968,2.9358,2.6489,2.4206,2.3279,2.2204,1.8732,0.92818,0.32074,0.12885,6.2786,5.0534,3.7094,3.7071,3.8937,4.8299
0.16253,0.64995,0.9701,1.4973,2.5316,3.2623,3.6201,3.919,4.3784,5.0227,5.0614,4.8155,4.8047,5.0122,5.4199,5.9276,0.031046,0.21769,0.11537,5.5986,5.1251,5.2762,5.6562,6.0353,0.037157,0.34144,1.0685,1.8935,2.0658,2.0113,1.8844,1.7347,1.6386,2.7259,3.6015,3.4433,3.2222,2.9763,2.656,2.2291,1.892,1.8859,2.1504,2.3593,2.1262,0.92474,0.47591,0.38502,0.33614,5.9249,3.8998,3.916,4.077,4.6825
6.1727,0.8203,1.1027,1.4102,2.0871,3.0975,3.5377,3.7055,3.8213,4.08,4.5398,4.8577,5.0647,5.3017,5.6593,6.1638,0.38564,0.76706,1.1216,3.1064,4.1237,4.3789,4.6484,5.0791,5.8868,1.0832,2.0237,2.3117,2.3682,2.3115,2.1869,2.0439,2.0896,3.2694,3.6224,3.5121,3.3156,3.0398,2.6332,2.1308,1.7449,1.5819,1.7066,2.6156,3.4303,0.83457,0.76716,0.79797,0.82099,0.75523,4.2634,4.2532,4.3581,4.6458
5.3535,0.91752,1.1753,1.3637,1.749,2.8059,3.5106,3.7139,3.8178,4.026,4.54,5.0426,5.3023,5.5099,5.8158,0.0701,0.75655,1.3172,1.8985,2.8622,3.6431,3.9782,4.146,4.2288,4.1046,2.7929,2.3858,2.4398,2.4803,2.4432,2.3304,2.1988,2.5405,3.931,3.905,3.7219,3.4951,3.2003,2.7906,2.2964,1.8775,1.6077,1.4511,1.3734,4.5209,5.4554,0.9463,1.0207,1.0196,0.92258,4.8921,4.4841,4.4894,4.6014
5.025,0.63482,1.0496,1.2991,1.7103,2.7128,3.5482,3.8784,4.1009,4.4336,5.1372,5.6239,5.683,5.7001,5.8972,0.26325,1.2024,1.7805,2.297,2.9566,3.5617,3.9298,4.1425,4.2712,4.3223,3.9842,2.119,2.0105,2.0097,1.8916,1.5957,0.83235,5.1704,4.5988,4.2704,3.978,3.6788,3.349,2.9673,2.5345,2.1058,1.7498,1.4709,1.1839,0.52486,6.1797,0.33344,0.66561,0.79037,0.81048,5.0626,4.2943,4.3347,4.4727
5.116,0.13373,0.725,1.1761,1.8037,2.786,3.5635,4.0581,4.5505,5.3256,6.2756,0.53343,0.80503,0.79234,5.0534,1.6975,1.9255,2.2073,2.5932,3.086,3.5852,3.9834,4.2834,4.5418,4.8633,5.5061,6.2165,0.12755,0.13491,0.10865,0.022777,6.0364,5.4854,4.9533,4.5872,4.2398,3.8422,3.4478,3.1048,2.7685,2.3633,1.9085,1.5393,1.2723,0.94496,0.2522,5.9833,5.9304,6.095,0.14382,3.0106,3.471,3.784,4.195
5.3072,6.1648,0.39131,1.0053,1.9266,2.8541,3.5409,4.1941,4.9954,5.9052,0.40276,1.0724,1.7476,2.4417,2.9986,3.1762,2.7552,2.5983,2.8267,3.1954,3.618,4.0437,4.4477,4.8506,5.3216,5.8529,6.1897,0.01355,0.034804,0.02513,6.2422,6.0359,5.6009,5.1304,4.8182,4.5048,3.9997,3.4923,3.2054,2.9854,2.63,2.0604,1.6049,1.346,1.0673,0.38374,5.8415,5.5739,5.5085,5.3048,2.98,2.9846,3.2176,3.7785
5.4837,6.075,0.1892,0.85386,2.0698,2.915,3.5291,4.331,5.3663,6.1855,0.59388,1.3243,2.0294,2.602,3.0541,3.3589,3.254,2.8943,2.9702,3.2452,3.6118,4.0648,4.5965,5.1602,5.6972,6.1106,0.028746,0.082749,0.089551,0.075239,0.010914,6.1059,5.7081,5.2702,5.0348,4.8696,4.3337,3.552,3.3506,3.2553,2.963,2.2586,1.6978,1.4362,1.172,0.48466,5.8265,5.5007,5.37,4.998,2.993,2.8431,2.9676,3.4304
5.6481,6.0735,0.12147,0.82707,2.3197,3.0445,3.6267,4.6154,5.7186,0.12253,0.77061,1.5277,2.2178,2.7374,3.1693,3.5595,3.6911,3.0315,2.9345,3.1585,3.4862,3.9815,4.8215,5.7171,6.2434,0.21303,0.2701,0.24059,0.21063,0.18534,0.12697,6.2473,5.8934,5.5125,5.4197,5.575,5.6715,4.471,3.8552,3.7402,3.4844,2.676,1.8995,1.5966,1.3353,0.65016,5.8771,5.5224,5.3734,4.9633,2.9987,2.8113,2.8904,3.2707
5.8947,6.1966,0.23319,1.2277,2.8127,3.3743,4.0205,5.1454,6.0375,0.34266,0.96696,1.7125,2.3841,2.9031,3.3819,3.9738,4.9195,0.71945,2.0113,2.4864,2.7235,2.5042,0.72727,0.66422,0.74001,0.74507,0.62887,0.48049,0.39835,0.37263,0.35331,0.27434,0.054802,6.1018,6.1115,6.2098,6.16,5.6512,4.744,4.3207,4.0187,3.3655,2.3434,1.896,1.619,1.0015,6.0473,5.6337,5.4784,5.0865,3.0366,2.8531,2.9156,3.2665
0.079331,0.32883,0.84424,2.4505,3.3204,3.8489,4.5623,5.4924,6.2175,0.50238,1.1088,1.8216,2.5109,3.1026,3.7363,4.7515,5.9445,0.39334,0.92065,1.2889,1.4114,1.2965,1.1621,1.1269,1.1291,1.0747,0.90087,0.69092,0.598,0.63302,0.73948,0.83348,0.76697,0.51095,0.30131,0.15585,6.2214,5.752,5.0753,4.6077,4.2706,3.7618,2.8656,2.2636,1.941,1.4609,0.19668,5.878,5.6835,5.3272,3.2805,3.0417,3.0788,3.4009
0.56657,0.86286,1.5545,2.7877,3.5328,4.0813,4.7388,5.5379,6.2432,0.53771,1.1199,1.8056,2.5543,3.2713,4.0975,5.2659,6.1598,0.39251,0.7532,1.009,1.1397,1.1561,1.1419,1.1466,1.1414,1.0601,0.85525,0.64263,0.617,0.79337,1.0575,1.2144,1.1067,0.77133,0.45759,0.22465,6.2388,5.7825,5.1622,4.6853,4.3297,3.8565,3.0635,2.4207,2.0529,1.6078,0.5786,6.1102,5.8085,5.3418,3.8443,3.4214,3.3828,0.59585
0.73223,0.94578,1.5092,2.7127,3.5264,4.0481,4.6371,5.4098,6.1569,0.46006,1.0125,1.6833,2.5124,3.3375,4.2411,5.3871,6.1848,0.36117,0.68226,0.91731,1.0457,1.0515,1.0042,0.96476,0.90217,0.74336,0.4762,0.29438,0.36947,0.68429,1.0471,1.2136,1.1023,0.77971,0.46029,0.21818,6.2387,5.8027,5.1693,4.6565,4.2825,3.7923,2.9613,2.2992,1.9099,1.4213,0.4704,6.0564,5.687,5.0952,3.9854,3.5498,3.4049,1.1391
0.63653,0.75638,1.1551,2.3444,3.3491,3.8435,4.3617,5.1271,5.9636,0.28722,0.81063,1.4782,2.4311,3.3337,4.2026,5.3044,6.0908,0.25076,0.56425,0.81461,0.9652,0.90951,0.71842,0.56976,0.42116,0.1928,6.2281,6.1472,0.04745,0.46421,0.85775,1.0136,0.91714,0.6342,0.34009,0.1173,6.1692,5.7644,5.0872,4.5171,4.1176,3.5501,2.6049,1.9949,1.6111,1.0453,0.15689,5.8765,5.5022,4.8247,3.8286,3.4455,3.2874,1.6769
0.35885,0.50715,0.83283,1.7856,2.9933,3.5164,3.9709,4.6656,5.6043,6.2708,0.48307,1.1312,2.352,3.3575,4.1336,5.124,5.8856,0.026233,0.32062,0.58274,0.82145,0.70757,0.022999,6.1033,5.9697,5.7773,5.6109,5.6109,5.929,0.29351,0.70337,0.78165,0.64428,0.36128,0.062547,6.1105,5.8796,5.481,4.7487,4.1181,3.6503,2.8982,2.0409,1.5901,1.1954,0.54713,6.1275,5.7183,5.3457,4.4798,3.5836,3.3326,3.2751,2.2002
6.2601,0.26682,0.63489,1.4346,2.5443,3.124,3.5507,4.1209,5.0121,5.7593,6.2161,0.38185,2.3618,3.5315,4.1499,4.9682,5.6347,6.0183,6.2774,0.24034,0.69003,2.8688,3.7804,4.4312,4.7426,4.7609,4.6676,4.5763,4.6025,0.08465,0.68741,0.59063,0.36095,0.033311,5.9459,5.589,5.2275,4.7575,4.0499,3.2364,2.5058,1.8584,1.3572,0.90174,0.31625,6.0449,5.7381,5.539,5.0889,3.6284,3.2367,3.235,3.4181,5.1853
5.8618,6.2741,0.48515,1.2842,2.1597,2.7148,3.1399,3.6407,4.3667,5.0721,5.4808,5.6379,5.0637,4.0219,4.2866,4.9041,5.4451,5.7959,6.0689,0.1174,0.93232,2.3082,2.8659,3.2536,3.5969,3.7933,3.8174,3.7305,3.5766,3.3,1.4832,0.40216,0.075219,6.018,5.6025,5.1565,4.7528,4.3768,3.8545,2.5847,1.5708,1.0094,0.12147,5.4374,5.0523,4.8896,4.7573,3.8478,2.3923,2.4259,2.6528,3.0613,4.0042,5.2767
5.4349,5.7966,0.17797,1.1284,1.8071,2.2513,2.6502,3.1385,3.8055,4.4475,4.8377,5.0011,4.8771,4.4278,4.4231,4.875,5.3259,5.6703,6.0035,0.19681,1.038,1.8668,2.3479,2.6962,2.9996,3.2236,3.3201,3.3077,3.2382,3.1442,3.0079,6.1956,5.9694,5.7149,5.3482,4.9148,4.5524,4.3128,4.1923,6.0032,0.30259,6.0652,5.183,4.6625,4.386,4.1144,3.5652,2.5515,2.0398,1.8767,1.8351,1.8535,5.0838,5.2176
4.8451,5.0442,5.5348,0.38357,1.1967,1.5991,1.9281,2.3361,2.9846,3.7311,4.1632,4.3216,4.2618,4.076,4.1845,4.6868,5.1596,5.5301,5.9381,0.25139,0.99346,1.5567,1.9338,2.2362,2.5093,2.7318,2.8574,2.8825,2.8548,2.836,2.9559,4.9046,5.3487,5.262,5.009,4.6221,4.2792,4.1944,4.6827,5.4943,5.5979,5.2774,4.66,4.1456,3.8265,3.5369,3.0624,2.2209,1.6118,1.3448,1.184,0.87205,5.1303,4.7982
4.1234,4.6718,5.2368,5.8266,0.25446,0.87999,1.2549,1.5112,1.8164,2.3635,2.9683,3.2291,3.2796,3.3033,3.4927,4.0466,4.6814,5.1186,5.5904,0.050309,0.78398,1.2103,1.4862,1.7177,1.9357,2.1151,2.1985,2.1634,2.0573,1.9453,1.8604,4.8929,4.808,4.6657,4.3829,3.8152,3.1942,2.9847,4.8925,5.3028,5.2036,4.8948,4.1667,3.4366,3.0998,2.8858,2.5035,1.1893,0.56766,0.49992,0.64716,1.5004,3.179,3.6673
3.6302,4.8131,5.4998,5.8253,6.2007,0.54918,1.0034,1.1022,1.1639,1.4208,1.9538,2.4429,2.7133,2.8857,3.0921,3.4803,4.0036,4.3896,4.7316,5.3753,0.094302,0.61976,0.88409,1.0813,1.2594,1.3976,1.4336,1.3446,1.1903,1.0106,0.68503,5.4936,4.5685,4.2586,3.8664,3.1607,2.534,2.2759,2.4283,4.7857,4.7788,4.4355,3.3028,2.6006,2.3676,2.1555,1.3874,0.023794,6.0552,6.0306,6.1684,2.7271,2.9339,3.1421
3.336,5.2857,5.7721,6.0085,0.10475,1.3566,1.9503,0.71881,0.38125,0.6397,1.2171,1.8741,2.2975,2.5757,2.8535,3.2511,3.7066,4.0291,4.2933,4.692,5.3873,6.0536,0.15665,0.40702,0.6095,0.77415,0.85649,0.82822,0.73362,0.61155,0.406,5.9159,4.4527,4.0275,3.6635,3.0676,2.4867,2.2798,2.4791,3.3382,3.7881,3.3764,2.379,1.9791,1.7854,1.496,0.5704,5.9293,5.6707,5.5489,5.1168,2.9182,2.8227,2.917
2.9125,5.5549,5.8341,6.2179,1.2138,2.4228,3.0758,4.1739,5.2076,5.8218,0.2308,1.0837,1.6981,2.1076,2.5186,3.0645,3.5807,3.8942,4.1444,4.4897,4.9803,5.4666,5.8229,6.0822,0.013307,0.1992,0.32551,0.35057,0.30099,0.22896,0.1199,6.0052,4.2076,3.7512,3.537,3.1702,2.6133,2.4062,2.6047,2.8794,2.9317,2.5752,1.8798,1.4508,1.2046,0.88288,0.11183,5.5511,5.2147,5.0046,4.3703,2.7684,2.5328,2.5578
0.92748,5.037,4.9311,3.8264,2.0895,2.3715,3.0281,4.055,4.6933,5.1551,5.7351,0.24552,0.90244,1.352,1.83,2.63,3.376,3.7195,3.9716,4.3195,4.7369,5.083,5.333,5.5277,5.6939,5.8275,5.8868,5.8387,5.751,5.7027,5.6828,5.5306,3.0199,2.9546,3.0865,3.5511,4.7629,3.1109,2.7811,2.7344,2.6199,2.2782,1.4752,0.82145,0.51538,0.23175,5.8147,4.7098,4.312,4.1218,3.6931,1.7625,1.4295,1.3315
0.54065,3.805,3.7332,3.5,2.4918,1.8879,2.3632,3.9728,4.4366,4.7726,5.2809,6.0437,0.37868,0.75725,1.0938,1.6872,2.655,3.0891,3.3093,3.7516,4.3107,4.643,4.8343,4.9753,5.0917,5.1647,5.1412,5.0198,4.9,4.8168,4.6974,4.1093,2.3807,2.0212,1.6064,0.083473,5.7772,5.5998,4.5779,2.5712,2.4056,2.049,0.85247,0.11544,6.1485,5.8708,4.8794,3.7991,3.5391,3.3928,2.7502,0.77626,0.62483,0.59471
0.50496,3.5536,3.6195,3.6909,3.8705,0.68597,0.84322,2.486,4.0204,4.324,4.8242,5.6783,0.063513,0.43329,0.74286,1.2015,1.8452,2.1631,2.2447,2.4651,3.1342,3.84,4.1811,4.3713,4.5101,4.6127,4.648,4.6033,4.5311,4.4549,4.3222,3.8694,2.3813,1.7491,1.2746,0.36802,5.9884,5.7867,5.8494,1.3365,1.8929,1.4159,6.2082,5.8169,5.6298,5.2865,4.1934,3.4104,3.1714,2.9726,1.9,0.54534,0.40237,0.39318
3.6623,3.4963,3.6221,3.9528,5.5288,0.16856,0.54295,1.1789,2.7039,3.4323,3.9921,5.0453,5.9847,0.15671,0.55748,1.1269,1.7024,1.9462,2.0149,2.1443,2.4858,2.9921,3.4074,3.6751,3.8674,4.0369,4.1903,4.2773,4.2816,4.2442,4.1657,3.9372,2.755,1.6428,1.2493,0.67191,6.2392,5.9696,6.0738,0.17107,0.42467,0.028317,5.63,5.3069,5.0763,4.6673,3.7928,3.127,2.8221,2.4934,1.3437,0.41425,0.23307,0.19253
3.7666,3.4756,3.6303,4.9767,5.9507,0.031314,0.47524,1.258,2.0921,2.6164,3.072,3.7975,4.9559,5.7537,0.27884,1.3378,1.8591,2.0318,2.0828,2.1571,2.3404,2.5883,2.8161,2.9947,3.1279,3.2185,3.2629,3.2981,3.4514,3.7118,3.9904,4.3029,4.7117,5.3542,1.3313,2.2888,2.5219,1.8728,0.3478,0.19808,0.077807,6.0591,5.3411,4.6316,4.2584,3.9332,3.3572,2.4437,1.8459,1.4319,0.86514,0.040081,5.6172,4.7469
3.911,1.1435,0.6116,0.41765,0.18434,0.071582,0.59286,1.7293,2.079,2.3009,2.6301,3.2489,3.9539,4.2934,4.1793,2.8337,2.4118,2.4346,2.515,2.4989,2.4132,2.3961,2.4352,2.4908,2.528,2.4902,2.2975,2.0118,1.8384,1.7516,1.4431,5.4926,5.2066,4.9888,4.4746,3.6373,3.1647,2.9139,2.5275,0.90148,0.23163,6.2494,5.1485,3.6915,3.474,3.2815,2.4621,1.0067,0.74503,0.62847,0.33505,4.2996,4.0381,3.9698
4.1448,0.42615,0.65027,0.74742,0.91185,2.3248,3.3384,3.2148,2.706,2.2285,2.2571,3.0628,3.774,3.9434,3.9112,3.75,3.6293,3.9182,4.3406,4.4729,4.1239,2.4218,2.1348,2.1058,2.112,2.0864,1.973,1.8065,1.6687,1.5217,1.1714,6.2561,5.3937,5.0013,4.5389,3.914,3.4069,3.095,2.8228,2.2859,1.1795,0.82276,1.8238,2.8992,2.9759,2.7754,1.4152,0.60089,0.4436,0.33483,5.9209,3.998,3.8921,3.9213
4.7678,0.4902,0.744,1.0066,1.621,2.8353,3.4224,3.7363,4.1233,4.9949,5.8581,6.044,5.2491,4.0799,3.9897,4.1586,4.5903,4.9685,5.0438,5.0065,4.9944,5.0923,5.4975,0.19328,0.82264,1.2485,1.8326,2.0701,1.9254,1.6506,1.2441,0.40268,5.608,5.0272,4.5914,4.1368,3.6795,3.2832,2.9372,2.5663,2.1111,1.709,1.6089,1.848,2.0718,1.7312,0.8038,0.41523,0.25713,0.040928,4.9469,3.9928,3.9057,3.9841
0.66299,0.84963,1.1609,1.669,2.332,2.9514,3.465,3.9499,4.4773,5.0451,5.5651,5.9773,0.001286,0.17841,0.02476,5.8844,5.8575,5.9206,5.8094,5.4287,5.1218,5.0827,5.1874,5.33,5.4178,5.3377,4.9975,4.5918,4.3412,4.1274,3.5166,2.2627,1.9777,2.3732,4.424,4.5167,4.3261,3.7192,2.9573,2.595,2.3805,2.058,1.25,0.49809,0.25013,0.14994,6.1959,4.1909,3.9175,4.0022,4.2174,4.7503,6.1238,0.45794
1.2682,2.7916,3.4775,3.6564,3.684,3.6057,3.9109,4.4185,4.7174,5.0158,5.4037,5.8716,0.0012777,0.25663,0.3618,0.38919,0.4667,0.64729,0.83903,0.84328,5.597,5.0975,5.1475,5.2475,5.3159,5.267,5.0269,4.7221,4.5123,4.314,3.8684,2.9281,2.3672,2.1026,1.7599,0.91493,0.1905,0.024518,0.25224,2.1607,2.5854,2.5184,0.26536,6.2588,6.2285,6.1491,4.8649,3.6644,3.6247,3.6961,4.0374,0.44093,0.64593,0.83952
