0.130931
0.130931
0.130931
0.130931
0.130931
0.130931
0.130931
0.130931
0.130931
0.130931
0.130931
0.130931
0.130931
0.130931
0.130931
0.130931
0.130931
0.130931
0.130931
0.130931
0.130931
0.130931
0.130931
0.130931
0.130931
0.130931
0.130931
0.130931
0.130931
0.130931
0.130931
0.130931
0.130931
0.130931
0.130931
0.130931
0.144166
0.144166
0.144166
0.144166
0.144166
0.144166
0.144166
0.144166
0.144166
0.144166
0.144166
0.144166
0.144166
0.144166
0.144166
0.144166
0.144166
0.144166
0.144166
0.144166
0.144166
0.144166
0.144166
0.144166
0.144166
0.144166
0.144166
0.144166
0.144166
0.144166
0.144166
0.144166
0.144166
0.144166
0.144166
0.144166
0.152573
0.152573
0.152573
0.152573
0.152573
0.152573
0.152573
0.152573
0.152573
0.152573
0.152573
0.152573
0.152573
0.152573
0.152573
0.152573
0.152573
0.152573
0.152573
0.152573
0.152573
0.152573
0.152573
0.152573
0.152573
0.152573
0.152573
0.152573
0.152573
0.152573
0.152573
0.152573
0.152573
0.152573
0.152573
0.152573
0.161849
0.161849
0.161849
0.161849
0.161849
0.161849
0.161849
0.161849
0.161849
0.161849
0.161849
0.161849
0.161849
0.161849
0.161849
0.161849
0.161849
0.161849
0.161849
0.161849
0.161849
0.161849
0.161849
0.161849
0.161849
0.161849
0.161849
0.161849
0.161849
0.161849
0.161849
0.161849
0.161849
0.161849
0.161849
0.161849
0.172320
0.172320
0.172320
0.172320
0.172320
0.172320
0.172320
0.172320
0.172320
0.172320
0.172320
0.172320
0.172320
0.172320
0.172320
0.172320
0.172320
0.172320
0.172320
0.172320
0.172320
0.172320
0.172320
0.172320
0.172320
0.172320
0.172320
0.172320
0.172320
0.172320
0.172320
0.172320
0.172320
0.172320
0.172320
0.172320
0.180044
0.180044
0.180044
0.180044
0.180044
0.180044
0.180044
0.180044
0.180044
0.180044
0.180044
0.180044
0.180044
0.180044
0.180044
0.180044
0.180044
0.180044
0.180044
0.180044
0.180044
0.180044
0.180044
0.180044
0.180044
0.180044
0.180044
0.180044
0.180044
0.180044
0.180044
0.180044
0.180044
0.180044
0.180044
0.180044
0.185381
0.185381
0.185381
0.185381
0.185381
0.185381
0.185381
0.185381
0.185381
0.185381
0.185381
0.185381
0.185381
0.185381
0.185381
0.185381
0.185381
0.185381
0.185381
0.185381
0.185381
0.185381
0.185381
0.185381
0.185381
0.185381
0.185381
0.185381
0.185381
0.185381
0.185381
0.185381
0.185381
0.185381
0.185381
0.185381
0.112845
0.112845
0.112845
0.112845
0.112845
0.112845
0.112845
0.112845
0.112845
0.112845
0.112845
0.112845
0.112845
0.112845
0.112845
0.112845
0.112845
0.112845
0.112845
0.112845
0.112845
0.112845
0.112845
0.112845
0.112845
0.112845
0.112845
0.112845
0.112845
0.112845
0.112845
0.112845
0.112845
0.112845
0.112845
0.112845
0.134489
0.134489
0.134489
0.134489
0.134489
0.134489
0.134489
0.134489
0.134489
0.134489
0.134489
0.134489
0.134489
0.134489
0.134489
0.134489
0.134489
0.134489
0.134489
0.134489
0.134489
0.134489
0.134489
0.134489
0.134489
0.134489
0.134489
0.134489
0.134489
0.134489
0.134489
0.134489
0.134489
0.134489
0.134489
0.134489
0.146081
0.146081
0.146081
0.146081
0.146081
0.146081
0.146081
0.146081
0.146081
0.146081
0.146081
0.146081
0.146081
0.146081
0.146081
0.146081
0.146081
0.146081
0.146081
0.146081
0.146081
0.146081
0.146081
0.146081
0.146081
0.146081
0.146081
0.146081
0.146081
0.146081
0.146081
0.146081
0.146081
0.146081
0.146081
0.146081
0.154306
0.154306
0.154306
0.154306
0.154306
0.154306
0.154306
0.154306
0.154306
0.154306
0.154306
0.154306
0.154306
0.154306
0.154306
0.154306
0.154306
0.154306
0.154306
0.154306
0.154306
0.154306
0.154306
0.154306
0.154306
0.154306
0.154306
0.154306
0.154306
0.154306
0.154306
0.154306
0.154306
0.154306
0.154306
0.154306
0.164109
0.164109
0.164109
0.164109
0.164109
0.164109
0.164109
0.164109
0.164109
0.164109
0.164109
0.164109
0.164109
0.164109
0.164109
0.164109
0.164109
0.164109
0.164109
0.164109
0.164109
0.164109
0.164109
0.164109
0.164109
0.164109
0.164109
0.164109
0.164109
0.164109
0.164109
0.164109
0.164109
0.164109
0.164109
0.164109
0.174182
0.174182
0.174182
0.174182
0.174182
0.174182
0.174182
0.174182
0.174182
0.174182
0.174182
0.174182
0.174182
0.174182
0.174182
0.174182
0.174182
0.174182
0.174182
0.174182
0.174182
0.174182
0.174182
0.174182
0.174182
0.174182
0.174182
0.174182
0.174182
0.174182
0.174182
0.174182
0.174182
0.174182
0.174182
0.174182
0.181332
0.181332
0.181332
0.181332
0.181332
0.181332
0.181332
0.181332
0.181332
0.181332
0.181332
0.181332
0.181332
0.181332
0.181332
0.181332
0.181332
0.181332
0.181332
0.181332
0.181332
0.181332
0.181332
0.181332
0.181332
0.181332
0.181332
0.181332
0.181332
0.181332
0.181332
0.181332
0.181332
0.181332
0.181332
0.181332
0.000000
0.000000
0.000000
0.000000
0.000000
0.000000
0.000000
0.000000
0.000000
0.000000
0.000000
0.000000
0.000000
0.000000
0.000000
0.000000
0.000000
0.000000
0.000000
0.000000
0.000000
0.000000
0.000000
0.000000
0.000000
0.000000
0.000000
0.000000
0.000000
0.000000
0.000000
0.000000
0.000000
0.000000
0.000000
0.000000
0.118316
0.118316
0.118316
0.118316
0.118316
0.118316
0.118316
0.118316
0.118316
0.118316
0.118316
0.118316
0.118316
0.118316
0.118316
0.118316
0.118316
0.118316
0.118316
0.118316
0.118316
0.118316
0.118316
0.118316
0.118316
0.118316
0.118316
0.118316
0.118316
0.118316
0.118316
0.118316
0.118316
0.118316
0.118316
0.118316
0.137558
0.137558
0.137558
0.137558
0.137558
0.137558
0.137558
0.137558
0.137558
0.137558
0.137558
0.137558
0.137558
0.137558
0.137558
0.137558
0.137558
0.137558
0.137558
0.137558
0.137558
0.137558
0.137558
0.137558
0.137558
0.137558
0.137558
0.137558
0.137558
0.137558
0.137558
0.137558
0.137558
0.137558
0.137558
0.137558
0.147859
0.147859
0.147859
0.147859
0.147859
0.147859
0.147859
0.147859
0.147859
0.147859
0.147859
0.147859
0.147859
0.147859
0.147859
0.147859
0.147859
0.147859
0.147859
0.147859
0.147859
0.147859
0.147859
0.147859
0.147859
0.147859
0.147859
0.147859
0.147859
0.147859
0.147859
0.147859
0.147859
0.147859
0.147859
0.147859
0.156123
0.156123
0.156123
0.156123
0.156123
0.156123
0.156123
0.156123
0.156123
0.156123
0.156123
0.156123
0.156123
0.156123
0.156123
0.156123
0.156123
0.156123
0.156123
0.156123
0.156123
0.156123
0.156123
0.156123
0.156123
0.156123
0.156123
0.156123
0.156123
0.156123
0.156123
0.156123
0.156123
0.156123
0.156123
0.156123
0.166395
0.166395
0.166395
0.166395
0.166395
0.166395
0.166395
0.166395
0.166395
0.166395
0.166395
0.166395
0.166395
0.166395
0.166395
0.166395
0.166395
0.166395
0.166395
0.166395
0.166395
0.166395
0.166395
0.166395
0.166395
0.166395
0.166395
0.166395
0.166395
0.166395
0.166395
0.166395
0.166395
0.166395
0.166395
0.166395
0.175899
0.175899
0.175899
0.175899
0.175899
0.175899
0.175899
0.175899
0.175899
0.175899
0.175899
0.175899
0.175899
0.175899
0.175899
0.175899
0.175899
0.175899
0.175899
0.175899
0.175899
0.175899
0.175899
0.175899
0.175899
0.175899
0.175899
0.175899
0.175899
0.175899
0.175899
0.175899
0.175899
0.175899
0.175899
0.175899
0.182550
0.182550
0.182550
0.182550
0.182550
0.182550
0.182550
0.182550
0.182550
0.182550
0.182550
0.182550
0.182550
0.182550
0.182550
0.182550
0.182550
0.182550
0.182550
0.182550
0.182550
0.182550
0.182550
0.182550
0.182550
0.182550
0.182550
0.182550
0.182550
0.182550
0.182550
0.182550
0.182550
0.182550
0.182550
0.182550
0.000000
0.000000
0.000000
0.000000
0.000000
0.000000
0.000000
0.000000
0.000000
0.000000
0.000000
0.000000
0.000000
0.000000
0.000000
0.000000
0.000000
0.000000
0.000000
0.000000
0.000000
0.000000
0.000000
0.000000
0.000000
0.000000
0.000000
0.000000
0.000000
0.000000
0.000000
0.000000
0.000000
0.000000
0.000000
0.000000
0.123294
0.123294
0.123294
0.123294
0.123294
0.123294
0.123294
0.123294
0.123294
0.123294
0.123294
0.123294
0.123294
0.123294
0.123294
0.123294
0.123294
0.123294
0.123294
0.123294
0.123294
0.123294
0.123294
0.123294
0.123294
0.123294
0.123294
0.123294
0.123294
0.123294
0.123294
0.123294
0.123294
0.123294
0.123294
0.123294
0.140215
0.140215
0.140215
0.140215
0.140215
0.140215
0.140215
0.140215
0.140215
0.140215
0.140215
0.140215
0.140215
0.140215
0.140215
0.140215
0.140215
0.140215
0.140215
0.140215
0.140215
0.140215
0.140215
0.140215
0.140215
0.140215
0.140215
0.140215
0.140215
0.140215
0.140215
0.140215
0.140215
0.140215
0.140215
0.140215
0.149560
0.149560
0.149560
0.149560
0.149560
0.149560
0.149560
0.149560
0.149560
0.149560
0.149560
0.149560
0.149560
0.149560
0.149560
0.149560
0.149560
0.149560
0.149560
0.149560
0.149560
0.149560
0.149560
0.149560
0.149560
0.149560
0.149560
0.149560
0.149560
0.149560
0.149560
0.149560
0.149560
0.149560
0.149560
0.149560
0.158060
0.158060
0.158060
0.158060
0.158060
0.158060
0.158060
0.158060
0.158060
0.158060
0.158060
0.158060
0.158060
0.158060
0.158060
0.158060
0.158060
0.158060
0.158060
0.158060
0.158060
0.158060
0.158060
0.158060
0.158060
0.158060
0.158060
0.158060
0.158060
0.158060
0.158060
0.158060
0.158060
0.158060
0.158060
0.158060
0.168626
0.168626
0.168626
0.168626
0.168626
0.168626
0.168626
0.168626
0.168626
0.168626
0.168626
0.168626
0.168626
0.168626
0.168626
0.168626
0.168626
0.168626
0.168626
0.168626
0.168626
0.168626
0.168626
0.168626
0.168626
0.168626
0.168626
0.168626
0.168626
0.168626
0.168626
0.168626
0.168626
0.168626
0.168626
0.168626
0.177468
0.177468
0.177468
0.177468
0.177468
0.177468
0.177468
0.177468
0.177468
0.177468
0.177468
0.177468
0.177468
0.177468
0.177468
0.177468
0.177468
0.177468
0.177468
0.177468
0.177468
0.177468
0.177468
0.177468
0.177468
0.177468
0.177468
0.177468
0.177468
0.177468
0.177468
0.177468
0.177468
0.177468
0.177468
0.177468
0.183691
0.183691
0.183691
0.183691
0.183691
0.183691
0.183691
0.183691
0.183691
0.183691
0.183691
0.183691
0.183691
0.183691
0.183691
0.183691
0.183691
0.183691
0.183691
0.183691
0.183691
0.183691
0.183691
0.183691
0.183691
0.183691
0.183691
0.183691
0.183691
0.183691
0.183691
0.183691
0.183691
0.183691
0.183691
0.183691
0.101838
0.101838
0.101838
0.101838
0.101838
0.101838
0.101838
0.101838
0.101838
0.101838
0.101838
0.101838
0.101838
0.101838
0.101838
0.101838
0.101838
0.101838
0.101838
0.101838
0.101838
0.101838
0.101838
0.101838
0.101838
0.101838
0.101838
0.101838
0.101838
0.101838
0.101838
0.101838
0.101838
0.101838
0.101838
0.101838
0.127784
0.127784
0.127784
0.127784
0.127784
0.127784
0.127784
0.127784
0.127784
0.127784
0.127784
0.127784
0.127784
0.127784
0.127784
0.127784
0.127784
0.127784
0.127784
0.127784
0.127784
0.127784
0.127784
0.127784
0.127784
0.127784
0.127784
0.127784
0.127784
0.127784
0.127784
0.127784
0.127784
0.127784
0.127784
0.127784
0.142518
0.142518
0.142518
0.142518
0.142518
0.142518
0.142518
0.142518
0.142518
0.142518
0.142518
0.142518
0.142518
0.142518
0.142518
0.142518
0.142518
0.142518
0.142518
0.142518
0.142518
0.142518
0.142518
0.142518
0.142518
0.142518
0.142518
0.142518
0.142518
0.142518
0.142518
0.142518
0.142518
0.142518
0.142518
0.142518
0.151242
0.151242
0.151242
0.151242
0.151242
0.151242
0.151242
0.151242
0.151242
0.151242
0.151242
0.151242
0.151242
0.151242
0.151242
0.151242
0.151242
0.151242
0.151242
0.151242
0.151242
0.151242
0.151242
0.151242
0.151242
0.151242
0.151242
0.151242
0.151242
0.151242
0.151242
0.151242
0.151242
0.151242
0.151242
0.151242
0.160133
0.160133
0.160133
0.160133
0.160133
0.160133
0.160133
0.160133
0.160133
0.160133
0.160133
0.160133
0.160133
0.160133
0.160133
0.160133
0.160133
0.160133
0.160133
0.160133
0.160133
0.160133
0.160133
0.160133
0.160133
0.160133
0.160133
0.160133
0.160133
0.160133
0.160133
0.160133
0.160133
0.160133
0.160133
0.160133
0.170746
0.170746
0.170746
0.170746
0.170746
0.170746
0.170746
0.170746
0.170746
0.170746
0.170746
0.170746
0.170746
0.170746
0.170746
0.170746
0.170746
0.170746
0.170746
0.170746
0.170746
0.170746
0.170746
0.170746
0.170746
0.170746
0.170746
0.170746
0.170746
0.170746
0.170746
0.170746
0.170746
0.170746
0.170746
0.170746
0.178935
0.178935
0.178935
0.178935
0.178935
0.178935
0.178935
0.178935
0.178935
0.178935
0.178935
0.178935
0.178935
0.178935
0.178935
0.178935
0.178935
0.178935
0.178935
0.178935
0.178935
0.178935
0.178935
0.178935
0.178935
0.178935
0.178935
0.178935
0.178935
0.178935
0.178935
0.178935
0.178935
0.178935
0.178935
0.178935
0.184665
0.184665
0.184665
0.184665
0.184665
0.184665
0.184665
0.184665
0.184665
0.184665
0.184665
0.184665
0.184665
0.184665
0.184665
0.184665
0.184665
0.184665
0.184665
0.184665
0.184665
0.184665
0.184665
0.184665
0.184665
0.184665
0.184665
0.184665
0.184665
0.184665
0.184665
0.184665
0.184665
0.184665
0.184665
0.184665
0.108207
0.108207
0.108207
0.108207
0.108207
0.108207
0.108207
0.108207
0.108207
0.108207
0.108207
0.108207
0.108207
0.108207
0.108207
0.108207
0.108207
0.108207
0.108207
0.108207
0.108207
0.108207
0.108207
0.108207
0.108207
0.108207
0.108207
0.108207
0.108207
0.108207
0.108207
0.108207
0.108207
0.108207
0.108207
0.108207
0.131747
0.131747
0.131747
0.131747
0.131747
0.131747
0.131747
0.131747
0.131747
0.131747
0.131747
0.131747
0.131747
0.131747
0.131747
0.131747
0.131747
0.131747
0.131747
0.131747
0.131747
0.131747
0.131747
0.131747
0.131747
0.131747
0.131747
0.131747
0.131747
0.131747
0.131747
0.131747
0.131747
0.131747
0.131747
0.131747
0.144578
0.144578
0.144578
0.144578
0.144578
0.144578
0.144578
0.144578
0.144578
0.144578
0.144578
0.144578
0.144578
0.144578
0.144578
0.144578
0.144578
0.144578
0.144578
0.144578
0.144578
0.144578
0.144578
0.144578
0.144578
0.144578
0.144578
0.144578
0.144578
0.144578
0.144578
0.144578
0.144578
0.144578
0.144578
0.144578
0.152942
0.152942
0.152942
0.152942
0.152942
0.152942
0.152942
0.152942
0.152942
0.152942
0.152942
0.152942
0.152942
0.152942
0.152942
0.152942
0.152942
0.152942
0.152942
0.152942
0.152942
0.152942
0.152942
0.152942
0.152942
0.152942
0.152942
0.152942
0.152942
0.152942
0.152942
0.152942
0.152942
0.152942
0.152942
0.152942
0.162329
0.162329
0.162329
0.162329
0.162329
0.162329
0.162329
0.162329
0.162329
0.162329
0.162329
0.162329
0.162329
0.162329
0.162329
0.162329
0.162329
0.162329
0.162329
0.162329
0.162329
0.162329
0.162329
0.162329
0.162329
0.162329
0.162329
0.162329
0.162329
0.162329
0.162329
0.162329
0.162329
0.162329
0.162329
0.162329
0.172723
0.172723
0.172723
0.172723
0.172723
0.172723
0.172723
0.172723
0.172723
0.172723
0.172723
0.172723
0.172723
0.172723
0.172723
0.172723
0.172723
0.172723
0.172723
0.172723
0.172723
0.172723
0.172723
0.172723
0.172723
0.172723
0.172723
0.172723
0.172723
0.172723
0.172723
0.172723
0.172723
0.172723
0.172723
0.172723
0.180321
0.180321
0.180321
0.180321
0.180321
0.180321
0.180321
0.180321
0.180321
0.180321
0.180321
0.180321
0.180321
0.180321
0.180321
0.180321
0.180321
0.180321
0.180321
0.180321
0.180321
0.180321
0.180321
0.180321
0.180321
0.180321
0.180321
0.180321
0.180321
0.180321
0.180321
0.180321
0.180321
0.180321
0.180321
0.180321
0.185577
0.185577
0.185577
0.185577
0.185577
0.185577
0.185577
0.185577
0.185577
0.185577
0.185577
0.185577
0.185577
0.185577
0.185577
0.185577
0.185577
0.185577
0.185577
0.185577
0.185577
0.185577
0.185577
0.185577
0.185577
0.185577
0.185577
0.185577
0.185577
0.185577
0.185577
0.185577
0.185577
0.185577
0.185577
0.185577
0.114066
0.114066
0.114066
0.114066
0.114066
0.114066
0.114066
0.114066
0.114066
0.114066
0.114066
0.114066
0.114066
0.114066
0.114066
0.114066
0.114066
0.114066
0.114066
0.114066
0.114066
0.114066
0.114066
0.114066
0.114066
0.114066
0.114066
0.114066
0.114066
0.114066
0.114066
0.114066
0.114066
0.114066
0.114066
0.114066
0.135182
0.135182
0.135182
0.135182
0.135182
0.135182
0.135182
0.135182
0.135182
0.135182
0.135182
0.135182
0.135182
0.135182
0.135182
0.135182
0.135182
0.135182
0.135182
0.135182
0.135182
0.135182
0.135182
0.135182
0.135182
0.135182
0.135182
0.135182
0.135182
0.135182
0.135182
0.135182
0.135182
0.135182
0.135182
0.135182
0.146462
0.146462
0.146462
0.146462
0.146462
0.146462
0.146462
0.146462
0.146462
0.146462
0.146462
0.146462
0.146462
0.146462
0.146462
0.146462
0.146462
0.146462
0.146462
0.146462
0.146462
0.146462
0.146462
0.146462
0.146462
0.146462
0.146462
0.146462
0.146462
0.146462
0.146462
0.146462
0.146462
0.146462
0.146462
0.146462
0.154695
0.154695
0.154695
0.154695
0.154695
0.154695
0.154695
0.154695
0.154695
0.154695
0.154695
0.154695
0.154695
0.154695
0.154695
0.154695
0.154695
0.154695
0.154695
0.154695
0.154695
0.154695
0.154695
0.154695
0.154695
0.154695
0.154695
0.154695
0.154695
0.154695
0.154695
0.154695
0.154695
0.154695
0.154695
0.154695
0.164601
0.164601
0.164601
0.164601
0.164601
0.164601
0.164601
0.164601
0.164601
0.164601
0.164601
0.164601
0.164601
0.164601
0.164601
0.164601
0.164601
0.164601
0.164601
0.164601
0.164601
0.164601
0.164601
0.164601
0.164601
0.164601
0.164601
0.164601
0.164601
0.164601
0.164601
0.164601
0.164601
0.164601
0.164601
0.164601
0.174551
0.174551
0.174551
0.174551
0.174551
0.174551
0.174551
0.174551
0.174551
0.174551
0.174551
0.174551
0.174551
0.174551
0.174551
0.174551
0.174551
0.174551
0.174551
0.174551
0.174551
0.174551
0.174551
0.174551
0.174551
0.174551
0.174551
0.174551
0.174551
0.174551
0.174551
0.174551
0.174551
0.174551
0.174551
0.174551
0.181609
0.181609
0.181609
0.181609
0.181609
0.181609
0.181609
0.181609
0.181609
0.181609
0.181609
0.181609
0.181609
0.181609
0.181609
0.181609
0.181609
0.181609
0.181609
0.181609
0.181609
0.181609
0.181609
0.181609
0.181609
0.181609
0.181609
0.181609
0.181609
0.181609
0.181609
0.181609
0.181609
0.181609
0.181609
0.181609
0.000000
0.000000
0.000000
0.000000
0.000000
0.000000
0.000000
0.000000
0.000000
0.000000
0.000000
0.000000
0.000000
0.000000
0.000000
0.000000
0.000000
0.000000
0.000000
0.000000
0.000000
0.000000
0.000000
0.000000
0.000000
0.000000
0.000000
0.000000
0.000000
0.000000
0.000000
0.000000
0.000000
0.000000
0.000000
0.000000
0.119423
0.119423
0.119423
0.119423
0.119423
0.119423
0.119423
0.119423
0.119423
0.119423
0.119423
0.119423
0.119423
0.119423
0.119423
0.119423
0.119423
0.119423
0.119423
0.119423
0.119423
0.119423
0.119423
0.119423
0.119423
0.119423
0.119423
0.119423
0.119423
0.119423
0.119423
0.119423
0.119423
0.119423
0.119423
0.119423
0.138168
0.138168
0.138168
0.138168
0.138168
0.138168
0.138168
0.138168
0.138168
0.138168
0.138168
0.138168
0.138168
0.138168
0.138168
0.138168
0.138168
0.138168
0.138168
0.138168
0.138168
0.138168
0.138168
0.138168
0.138168
0.138168
0.138168
0.138168
0.138168
0.138168
0.138168
0.138168
0.138168
0.138168
0.138168
0.138168
0.148229
0.148229
0.148229
0.148229
0.148229
0.148229
0.148229
0.148229
0.148229
0.148229
0.148229
0.148229
0.148229
0.148229
0.148229
0.148229
0.148229
0.148229
0.148229
0.148229
0.148229
0.148229
0.148229
0.148229
0.148229
0.148229
0.148229
0.148229
0.148229
0.148229
0.148229
0.148229
0.148229
0.148229
0.148229
0.148229
0.156538
0.156538
0.156538
0.156538
0.156538
0.156538
0.156538
0.156538
0.156538
0.156538
0.156538
0.156538
0.156538
0.156538
0.156538
0.156538
0.156538
0.156538
0.156538
0.156538
0.156538
0.156538
0.156538
0.156538
0.156538
0.156538
0.156538
0.156538
0.156538
0.156538
0.156538
0.156538
0.156538
0.156538
0.156538
0.156538
0.166879
0.166879
0.166879
0.166879
0.166879
0.166879
0.166879
0.166879
0.166879
0.166879
0.166879
0.166879
0.166879
0.166879
0.166879
0.166879
0.166879
0.166879
0.166879
0.166879
0.166879
0.166879
0.166879
0.166879
0.166879
0.166879
0.166879
0.166879
0.166879
0.166879
0.166879
0.166879
0.166879
0.166879
0.166879
0.166879
0.176243
0.176243
0.176243
0.176243
0.176243
0.176243
0.176243
0.176243
0.176243
0.176243
0.176243
0.176243
0.176243
0.176243
0.176243
0.176243
0.176243
0.176243
0.176243
0.176243
0.176243
0.176243
0.176243
0.176243
0.176243
0.176243
0.176243
0.176243
0.176243
0.176243
0.176243
0.176243
0.176243
0.176243
0.176243
0.176243
0.182794
0.182794
0.182794
0.182794
0.182794
0.182794
0.182794
0.182794
0.182794
0.182794
0.182794
0.182794
0.182794
0.182794
0.182794
0.182794
0.182794
0.182794
0.182794
0.182794
0.182794
0.182794
0.182794
0.182794
0.182794
0.182794
0.182794
0.182794
0.182794
0.182794
0.182794
0.182794
0.182794
0.182794
0.182794
0.182794
0.000000
0.000000
0.000000
0.000000
0.000000
0.000000
0.000000
0.000000
0.000000
0.000000
0.000000
0.000000
0.000000
0.000000
0.000000
0.000000
0.000000
0.000000
0.000000
0.000000
0.000000
0.000000
0.000000
0.000000
0.000000
0.000000
0.000000
0.000000
0.000000
0.000000
0.000000
0.000000
0.000000
0.000000
0.000000
0.000000
0.124303
0.124303
0.124303
0.124303
0.124303
0.124303
0.124303
0.124303
0.124303
0.124303
0.124303
0.124303
0.124303
0.124303
0.124303
0.124303
0.124303
0.124303
0.124303
0.124303
0.124303
0.124303
0.124303
0.124303
0.124303
0.124303
0.124303
0.124303
0.124303
0.124303
0.124303
0.124303
0.124303
0.124303
0.124303
0.124303
0.140722
0.140722
0.140722
0.140722
0.140722
0.140722
0.140722
0.140722
0.140722
0.140722
0.140722
0.140722
0.140722
0.140722
0.140722
0.140722
0.140722
0.140722
0.140722
0.140722
0.140722
0.140722
0.140722
0.140722
0.140722
0.140722
0.140722
0.140722
0.140722
0.140722
0.140722
0.140722
0.140722
0.140722
0.140722
0.140722
0.149924
0.149924
0.149924
0.149924
0.149924
0.149924
0.149924
0.149924
0.149924
0.149924
0.149924
0.149924
0.149924
0.149924
0.149924
0.149924
0.149924
0.149924
0.149924
0.149924
0.149924
0.149924
0.149924
0.149924
0.149924
0.149924
0.149924
0.149924
0.149924
0.149924
0.149924
0.149924
0.149924
0.149924
0.149924
0.149924
0.158503
0.158503
0.158503
0.158503
0.158503
0.158503
0.158503
0.158503
0.158503
0.158503
0.158503
0.158503
0.158503
0.158503
0.158503
0.158503
0.158503
0.158503
0.158503
0.158503
0.158503
0.158503
0.158503
0.158503
0.158503
0.158503
0.158503
0.158503
0.158503
0.158503
0.158503
0.158503
0.158503
0.158503
0.158503
0.158503
0.169091
0.169091
0.169091
0.169091
0.169091
0.169091
0.169091
0.169091
0.169091
0.169091
0.169091
0.169091
0.169091
0.169091
0.169091
0.169091
0.169091
0.169091
0.169091
0.169091
0.169091
0.169091
0.169091
0.169091
0.169091
0.169091
0.169091
0.169091
0.169091
0.169091
0.169091
0.169091
0.169091
0.169091
0.169091
0.169091
0.177802
0.177802
0.177802
0.177802
0.177802
0.177802
0.177802
0.177802
0.177802
0.177802
0.177802
0.177802
0.177802
0.177802
0.177802
0.177802
0.177802
0.177802
0.177802
0.177802
0.177802
0.177802
0.177802
0.177802
0.177802
0.177802
0.177802
0.177802
0.177802
0.177802
0.177802
0.177802
0.177802
0.177802
0.177802
0.177802
0.183936
0.183936
0.183936
0.183936
0.183936
0.183936
0.183936
0.183936
0.183936
0.183936
0.183936
0.183936
0.183936
0.183936
0.183936
0.183936
0.183936
0.183936
0.183936
0.183936
0.183936
0.183936
0.183936
0.183936
0.183936
0.183936
0.183936
0.183936
0.183936
0.183936
0.183936
0.183936
0.183936
0.183936
0.183936
0.183936
0.103245
0.103245
0.103245
0.103245
0.103245
0.103245
0.103245
0.103245
0.103245
0.103245
0.103245
0.103245
0.103245
0.103245
0.103245
0.103245
0.103245
0.103245
0.103245
0.103245
0.103245
0.103245
0.103245
0.103245
0.103245
0.103245
0.103245
0.103245
0.103245
0.103245
0.103245
0.103245
0.103245
0.103245
0.103245
0.103245
0.128670
0.128670
0.128670
0.128670
0.128670
0.128670
0.128670
0.128670
0.128670
0.128670
0.128670
0.128670
0.128670
0.128670
0.128670
0.128670
0.128670
0.128670
0.128670
0.128670
0.128670
0.128670
0.128670
0.128670
0.128670
0.128670
0.128670
0.128670
0.128670
0.128670
0.128670
0.128670
0.128670
0.128670
0.128670
0.128670
0.142973
0.142973
0.142973
0.142973
0.142973
0.142973
0.142973
0.142973
0.142973
0.142973
0.142973
0.142973
0.142973
0.142973
0.142973
0.142973
0.142973
0.142973
0.142973
0.142973
0.142973
0.142973
0.142973
0.142973
0.142973
0.142973
0.142973
0.142973
0.142973
0.142973
0.142973
0.142973
0.142973
0.142973
0.142973
0.142973
0.151602
0.151602
0.151602
0.151602
0.151602
0.151602
0.151602
0.151602
0.151602
0.151602
0.151602
0.151602
0.151602
0.151602
0.151602
0.151602
0.151602
0.151602
0.151602
0.151602
0.151602
0.151602
0.151602
0.151602
0.151602
0.151602
0.151602
0.151602
0.151602
0.151602
0.151602
0.151602
0.151602
0.151602
0.151602
0.151602
0.160601
0.160601
0.160601
0.160601
0.160601
0.160601
0.160601
0.160601
0.160601
0.160601
0.160601
0.160601
0.160601
0.160601
0.160601
0.160601
0.160601
0.160601
0.160601
0.160601
0.160601
0.160601
0.160601
0.160601
0.160601
0.160601
0.160601
0.160601
0.160601
0.160601
0.160601
0.160601
0.160601
0.160601
0.160601
0.160601
0.171183
0.171183
0.171183
0.171183
0.171183
0.171183
0.171183
0.171183
0.171183
0.171183
0.171183
0.171183
0.171183
0.171183
0.171183
0.171183
0.171183
0.171183
0.171183
0.171183
0.171183
0.171183
0.171183
0.171183
0.171183
0.171183
0.171183
0.171183
0.171183
0.171183
0.171183
0.171183
0.171183
0.171183
0.171183
0.171183
0.179239
0.179239
0.179239
0.179239
0.179239
0.179239
0.179239
0.179239
0.179239
0.179239
0.179239
0.179239
0.179239
0.179239
0.179239
0.179239
0.179239
0.179239
0.179239
0.179239
0.179239
0.179239
0.179239
0.179239
0.179239
0.179239
0.179239
0.179239
0.179239
0.179239
0.179239
0.179239
0.179239
0.179239
0.179239
0.179239
0.184861
0.184861
0.184861
0.184861
0.184861
0.184861
0.184861
0.184861
0.184861
0.184861
0.184861
0.184861
0.184861
0.184861
0.184861
0.184861
0.184861
0.184861
0.184861
0.184861
0.184861
0.184861
0.184861
0.184861
0.184861
0.184861
0.184861
0.184861
0.184861
0.184861
0.184861
0.184861
0.184861
0.184861
0.184861
0.184861
0.109504
0.109504
0.109504
0.109504
0.109504
0.109504
0.109504
0.109504
0.109504
0.109504
0.109504
0.109504
0.109504
0.109504
0.109504
0.109504
0.109504
0.109504
0.109504
0.109504
0.109504
0.109504
0.109504
0.109504
0.109504
0.109504
0.109504
0.109504
0.109504
0.109504
0.109504
0.109504
0.109504
0.109504
0.109504
0.109504
0.132522
0.132522
0.132522
0.132522
0.132522
0.132522
0.132522
0.132522
0.132522
0.132522
0.132522
0.132522
0.132522
0.132522
0.132522
0.132522
0.132522
0.132522
0.132522
0.132522
0.132522
0.132522
0.132522
0.132522
0.132522
0.132522
0.132522
0.132522
0.132522
0.132522
0.132522
0.132522
0.132522
0.132522
0.132522
0.132522
0.144990
0.144990
0.144990
0.144990
0.144990
0.144990
0.144990
0.144990
0.144990
0.144990
0.144990
0.144990
0.144990
0.144990
0.144990
0.144990
0.144990
0.144990
0.144990
0.144990
0.144990
0.144990
0.144990
0.144990
0.144990
0.144990
0.144990
0.144990
0.144990
0.144990
0.144990
0.144990
0.144990
0.144990
0.144990
0.144990
0.153310
0.153310
0.153310
0.153310
0.153310
0.153310
0.153310
0.153310
0.153310
0.153310
0.153310
0.153310
0.153310
0.153310
0.153310
0.153310
0.153310
0.153310
0.153310
0.153310
0.153310
0.153310
0.153310
0.153310
0.153310
0.153310
0.153310
0.153310
0.153310
0.153310
0.153310
0.153310
0.153310
0.153310
0.153310
0.153310
0.162815
0.162815
0.162815
0.162815
0.162815
0.162815
0.162815
0.162815
0.162815
0.162815
0.162815
0.162815
0.162815
0.162815
0.162815
0.162815
0.162815
0.162815
0.162815
0.162815
0.162815
0.162815
0.162815
0.162815
0.162815
0.162815
0.162815
0.162815
0.162815
0.162815
0.162815
0.162815
0.162815
0.162815
0.162815
0.162815
0.173126
0.173126
0.173126
0.173126
0.173126
0.173126
0.173126
0.173126
0.173126
0.173126
0.173126
0.173126
0.173126
0.173126
0.173126
0.173126
0.173126
0.173126
0.173126
0.173126
0.173126
0.173126
0.173126
0.173126
0.173126
0.173126
0.173126
0.173126
0.173126
0.173126
0.173126
0.173126
0.173126
0.173126
0.173126
0.173126
0.180597
0.180597
0.180597
0.180597
0.180597
0.180597
0.180597
0.180597
0.180597
0.180597
0.180597
0.180597
0.180597
0.180597
0.180597
0.180597
0.180597
0.180597
0.180597
0.180597
0.180597
0.180597
0.180597
0.180597
0.180597
0.180597
0.180597
0.180597
0.180597
0.180597
0.180597
0.180597
0.180597
0.180597
0.180597
0.180597
0.185773
0.185773
0.185773
0.185773
0.185773
0.185773
0.185773
0.185773
0.185773
0.185773
0.185773
0.185773
0.185773
0.185773
0.185773
0.185773
0.185773
0.185773
0.185773
0.185773
0.185773
0.185773
0.185773
0.185773
0.185773
0.185773
0.185773
0.185773
0.185773
0.185773
0.185773
0.185773
0.185773
0.185773
0.185773
0.185773
0.115251
0.115251
0.115251
0.115251
0.115251
0.115251
0.115251
0.115251
0.115251
0.115251
0.115251
0.115251
0.115251
0.115251
0.115251
0.115251
0.115251
0.115251
0.115251
0.115251
0.115251
0.115251
0.115251
0.115251
0.115251
0.115251
0.115251
0.115251
0.115251
0.115251
0.115251
0.115251
0.115251
0.115251
0.115251
0.115251
0.135874
0.135874
0.135874
0.135874
0.135874
0.135874
0.135874
0.135874
0.135874
0.135874
0.135874
0.135874
0.135874
0.135874
0.135874
0.135874
0.135874
0.135874
0.135874
0.135874
0.135874
0.135874
0.135874
0.135874
0.135874
0.135874
0.135874
0.135874
0.135874
0.135874
0.135874
0.135874
0.135874
0.135874
0.135874
0.135874
0.146844
0.146844
0.146844
0.146844
0.146844
0.146844
0.146844
0.146844
0.146844
0.146844
0.146844
0.146844
0.146844
0.146844
0.146844
0.146844
0.146844
0.146844
0.146844
0.146844
0.146844
0.146844
0.146844
0.146844
0.146844
0.146844
0.146844
0.146844
0.146844
0.146844
0.146844
0.146844
0.146844
0.146844
0.146844
0.146844
0.155083
0.155083
0.155083
0.155083
0.155083
0.155083
0.155083
0.155083
0.155083
0.155083
0.155083
0.155083
0.155083
0.155083
0.155083
0.155083
0.155083
0.155083
0.155083
0.155083
0.155083
0.155083
0.155083
0.155083
0.155083
0.155083
0.155083
0.155083
0.155083
0.155083
0.155083
0.155083
0.155083
0.155083
0.155083
0.155083
0.165092
0.165092
0.165092
0.165092
0.165092
0.165092
0.165092
0.165092
0.165092
0.165092
0.165092
0.165092
0.165092
0.165092
0.165092
0.165092
0.165092
0.165092
0.165092
0.165092
0.165092
0.165092
0.165092
0.165092
0.165092
0.165092
0.165092
0.165092
0.165092
0.165092
0.165092
0.165092
0.165092
0.165092
0.165092
0.165092
0.174919
0.174919
0.174919
0.174919
0.174919
0.174919
0.174919
0.174919
0.174919
0.174919
0.174919
0.174919
0.174919
0.174919
0.174919
0.174919
0.174919
0.174919
0.174919
0.174919
0.174919
0.174919
0.174919
0.174919
0.174919
0.174919
0.174919
0.174919
0.174919
0.174919
0.174919
0.174919
0.174919
0.174919
0.174919
0.174919
0.181885
0.181885
0.181885
0.181885
0.181885
0.181885
0.181885
0.181885
0.181885
0.181885
0.181885
0.181885
0.181885
0.181885
0.181885
0.181885
0.181885
0.181885
0.181885
0.181885
0.181885
0.181885
0.181885
0.181885
0.181885
0.181885
0.181885
0.181885
0.181885
0.181885
0.181885
0.181885
0.181885
0.181885
0.181885
0.181885
0.000000
0.000000
0.000000
0.000000
0.000000
0.000000
0.000000
0.000000
0.000000
0.000000
0.000000
0.000000
0.000000
0.000000
0.000000
0.000000
0.000000
0.000000
0.000000
0.000000
0.000000
0.000000
0.000000
0.000000
0.000000
0.000000
0.000000
0.000000
0.000000
0.000000
0.000000
0.000000
0.000000
0.000000
0.000000
0.000000
0.120511
0.120511
0.120511
0.120511
0.120511
0.120511
0.120511
0.120511
0.120511
0.120511
0.120511
0.120511
0.120511
0.120511
0.120511
0.120511
0.120511
0.120511
0.120511
0.120511
0.120511
0.120511
0.120511
0.120511
0.120511
0.120511
0.120511
0.120511
0.120511
0.120511
0.120511
0.120511
0.120511
0.120511
0.120511
0.120511
0.138734
0.138734
0.138734
0.138734
0.138734
0.138734
0.138734
0.138734
0.138734
0.138734
0.138734
0.138734
0.138734
0.138734
0.138734
0.138734
0.138734
0.138734
0.138734
0.138734
0.138734
0.138734
0.138734
0.138734
0.138734
0.138734
0.138734
0.138734
0.138734
0.138734
0.138734
0.138734
0.138734
0.138734
0.138734
0.138734
0.148593
0.148593
0.148593
0.148593
0.148593
0.148593
0.148593
0.148593
0.148593
0.148593
0.148593
0.148593
0.148593
0.148593
0.148593
0.148593
0.148593
0.148593
0.148593
0.148593
0.148593
0.148593
0.148593
0.148593
0.148593
0.148593
0.148593
0.148593
0.148593
0.148593
0.148593
0.148593
0.148593
0.148593
0.148593
0.148593
0.156953
0.156953
0.156953
0.156953
0.156953
0.156953
0.156953
0.156953
0.156953
0.156953
0.156953
0.156953
0.156953
0.156953
0.156953
0.156953
0.156953
0.156953
0.156953
0.156953
0.156953
0.156953
0.156953
0.156953
0.156953
0.156953
0.156953
0.156953
0.156953
0.156953
0.156953
0.156953
0.156953
0.156953
0.156953
0.156953
0.167363
0.167363
0.167363
0.167363
0.167363
0.167363
0.167363
0.167363
0.167363
0.167363
0.167363
0.167363
0.167363
0.167363
0.167363
0.167363
0.167363
0.167363
0.167363
0.167363
0.167363
0.167363
0.167363
0.167363
0.167363
0.167363
0.167363
0.167363
0.167363
0.167363
0.167363
0.167363
0.167363
0.167363
0.167363
0.167363
0.176577
0.176577
0.176577
0.176577
0.176577
0.176577
0.176577
0.176577
0.176577
0.176577
0.176577
0.176577
0.176577
0.176577
0.176577
0.176577
0.176577
0.176577
0.176577
0.176577
0.176577
0.176577
0.176577
0.176577
0.176577
0.176577
0.176577
0.176577
0.176577
0.176577
0.176577
0.176577
0.176577
0.176577
0.176577
0.176577
0.183039
0.183039
0.183039
0.183039
0.183039
0.183039
0.183039
0.183039
0.183039
0.183039
0.183039
0.183039
0.183039
0.183039
0.183039
0.183039
0.183039
0.183039
0.183039
0.183039
0.183039
0.183039
0.183039
0.183039
0.183039
0.183039
0.183039
0.183039
0.183039
0.183039
0.183039
0.183039
0.183039
0.183039
0.183039
0.183039
0.000000
0.000000
0.000000
0.000000
0.000000
0.000000
0.000000
0.000000
0.000000
0.000000
0.000000
0.000000
0.000000
0.000000
0.000000
0.000000
0.000000
0.000000
0.000000
0.000000
0.000000
0.000000
0.000000
0.000000
0.000000
0.000000
0.000000
0.000000
0.000000
0.000000
0.000000
0.000000
0.000000
0.000000
0.000000
0.000000
0.125280
0.125280
0.125280
0.125280
0.125280
0.125280
0.125280
0.125280
0.125280
0.125280
0.125280
0.125280
0.125280
0.125280
0.125280
0.125280
0.125280
0.125280
0.125280
0.125280
0.125280
0.125280
0.125280
0.125280
0.125280
0.125280
0.125280
0.125280
0.125280
0.125280
0.125280
0.125280
0.125280
0.125280
0.125280
0.125280
0.141228
0.141228
0.141228
0.141228
0.141228
0.141228
0.141228
0.141228
0.141228
0.141228
0.141228
0.141228
0.141228
0.141228
0.141228
0.141228
0.141228
0.141228
0.141228
0.141228
0.141228
0.141228
0.141228
0.141228
0.141228
0.141228
0.141228
0.141228
0.141228
0.141228
0.141228
0.141228
0.141228
0.141228
0.141228
0.141228
0.150285
0.150285
0.150285
0.150285
0.150285
0.150285
0.150285
0.150285
0.150285
0.150285
0.150285
0.150285
0.150285
0.150285
0.150285
0.150285
0.150285
0.150285
0.150285
0.150285
0.150285
0.150285
0.150285
0.150285
0.150285
0.150285
0.150285
0.150285
0.150285
0.150285
0.150285
0.150285
0.150285
0.150285
0.150285
0.150285
0.158946
0.158946
0.158946
0.158946
0.158946
0.158946
0.158946
0.158946
0.158946
0.158946
0.158946
0.158946
0.158946
0.158946
0.158946
0.158946
0.158946
0.158946
0.158946
0.158946
0.158946
0.158946
0.158946
0.158946
0.158946
0.158946
0.158946
0.158946
0.158946
0.158946
0.158946
0.158946
0.158946
0.158946
0.158946
0.158946
0.169557
0.169557
0.169557
0.169557
0.169557
0.169557
0.169557
0.169557
0.169557
0.169557
0.169557
0.169557
0.169557
0.169557
0.169557
0.169557
0.169557
0.169557
0.169557
0.169557
0.169557
0.169557
0.169557
0.169557
0.169557
0.169557
0.169557
0.169557
0.169557
0.169557
0.169557
0.169557
0.169557
0.169557
0.169557
0.169557
0.178125
0.178125
0.178125
0.178125
0.178125
0.178125
0.178125
0.178125
0.178125
0.178125
0.178125
0.178125
0.178125
0.178125
0.178125
0.178125
0.178125
0.178125
0.178125
0.178125
0.178125
0.178125
0.178125
0.178125
0.178125
0.178125
0.178125
0.178125
0.178125
0.178125
0.178125
0.178125
0.178125
0.178125
0.178125
0.178125
0.184144
0.184144
0.184144
0.184144
0.184144
0.184144
0.184144
0.184144
0.184144
0.184144
0.184144
0.184144
0.184144
0.184144
0.184144
0.184144
0.184144
0.184144
0.184144
0.184144
0.184144
0.184144
0.184144
0.184144
0.184144
0.184144
0.184144
0.184144
0.184144
0.184144
0.184144
0.184144
0.184144
0.184144
0.184144
0.184144
