0.184910
0.121215
0.143964
0.156654
0.168941
0.180510
0.101433
0.128658
0.146850
0.157641
0.168766
0.179396
0.093120
0.120165
0.139545
0.151528
0.160293
0.170170
0.179094
0.184919
0.111619
0.129931
0.143550
0.152258
0.159145
0.166571
0.174264
0.180309
0.184518
0.103435
0.118256
0.130277
0.139918
0.146865
0.151946
0.156110
0.160023
0.164009
0.168053
0.171846
0.175087
0.177746
0.179864
0.181520
0.182812
0.183850
0.184555
0.185080
0.185455
0.185680
0.185755
0.185680
0.185455
0.185080
0.184555
0.183850
0.182812
0.181520
0.179864
0.177746
0.175087
0.171846
0.168053
0.164009
0.160023
0.156110
0.151946
0.146865
0.139918
0.130277
0.118256
0.103435
0.184518
0.180309
0.174264
0.166571
0.159145
0.152258
0.143550
0.129931
0.111619
0.184919
0.179094
0.170170
0.160293
0.151528
0.139545
0.120165
0.093120
0.179396
0.168766
0.157641
0.146850
0.128658
0.101433
0.180510
0.168941
0.156654
0.143964
0.121215
