0.116374
0.120415
0.123807
0.126665
0.129117
0.131234
0.133074
0.134684
0.136100
0.137324
0.138398
0.139319
0.140105
0.140748
0.141263
0.141648
0.141906
0.142034
0.142034
0.141906
0.141648
0.141263
0.140748
0.140105
0.139319
0.138398
0.137324
0.136100
0.134684
0.133074
0.131234
0.129117
0.126665
0.123807
0.120415
0.116374
0.114848
0.119067
0.122597
0.125579
0.128125
0.130303
0.132197
0.133844
0.135273
0.136529
0.137617
0.138550
0.139339
0.139997
0.140512
0.140897
0.141155
0.141283
0.141283
0.141155
0.140897
0.140512
0.139997
0.139339
0.138550
0.137617
0.136529
0.135273
0.133844
0.132197
0.130303
0.128125
0.125579
0.122597
0.119067
0.114848
0.112981
0.117426
0.121128
0.124255
0.126894
0.129163
0.131120
0.132818
0.134300
0.135580
0.136686
0.137638
0.138440
0.139098
0.139624
0.140018
0.140276
0.140404
0.140404
0.140276
0.140018
0.139624
0.139098
0.138440
0.137638
0.136686
0.135580
0.134300
0.132818
0.131120
0.129163
0.126894
0.124255
0.121128
0.117426
0.112981
0.110722
0.115440
0.119361
0.122652
0.125439
0.127823
0.129865
0.131621
0.133141
0.134465
0.135603
0.136572
0.137389
0.138067
0.138594
0.138988
0.139252
0.139383
0.139383
0.139252
0.138988
0.138594
0.138067
0.137389
0.136572
0.135603
0.134465
0.133141
0.131621
0.129865
0.127823
0.125439
0.122652
0.119361
0.115440
0.110722
0.108016
0.113053
0.117244
0.120749
0.123713
0.126225
0.128368
0.130216
0.131806
0.133166
0.134346
0.135342
0.136187
0.136868
0.137413
0.137821
0.138090
0.138222
0.138222
0.138090
0.137821
0.137413
0.136868
0.136187
0.135342
0.134346
0.133166
0.131806
0.130216
0.128368
0.126225
0.123713
0.120749
0.117244
0.113053
0.108016
0.104752
0.110212
0.114722
0.118492
0.121662
0.124340
0.126615
0.128565
0.130243
0.131674
0.132892
0.133941
0.134798
0.135509
0.136075
0.136484
0.136756
0.136892
0.136892
0.136756
0.136484
0.136075
0.135509
0.134798
0.133941
0.132892
0.131674
0.130243
0.128565
0.126615
0.124340
0.121662
0.118492
0.114722
0.110212
0.104752
0.100869
0.106805
0.111725
0.115816
0.119231
0.122128
0.124564
0.126645
0.128424
0.129949
0.131224
0.132318
0.133218
0.133968
0.134539
0.134966
0.135251
0.135393
0.135393
0.135251
0.134966
0.134539
0.133968
0.133218
0.132318
0.131224
0.129949
0.128424
0.126645
0.124564
0.122128
0.119231
0.115816
0.111725
0.106805
0.100869
0.112627
0.102749
0.108147
0.112618
0.116363
0.119503
0.122162
0.124404
0.126314
0.127942
0.129301
0.130458
0.131412
0.132196
0.132796
0.133246
0.133546
0.133696
0.133696
0.133546
0.133246
0.132796
0.132196
0.131412
0.130458
0.129301
0.127942
0.126314
0.124404
0.122162
0.119503
0.116363
0.112618
0.108147
0.102749
0.112627
0.129673
0.107129
0.103873
0.108815
0.112942
0.116404
0.119308
0.121771
0.123849
0.125598
0.127071
0.128316
0.129333
0.130169
0.130806
0.131283
0.131602
0.131761
0.131761
0.131602
0.131283
0.130806
0.130169
0.129333
0.128316
0.127071
0.125598
0.123849
0.121771
0.119308
0.116404
0.112942
0.108815
0.103873
0.107129
0.129673
0.148044
0.125497
0.104272
0.104274
0.108865
0.112710
0.115946
0.118647
0.120930
0.122854
0.124474
0.125827
0.126924
0.127829
0.128518
0.129026
0.129366
0.129535
0.129535
0.129366
0.129026
0.128518
0.127829
0.126924
0.125827
0.124474
0.122854
0.120930
0.118647
0.115946
0.112710
0.108865
0.104274
0.104272
0.125497
0.148044
0.167739
0.145190
0.123962
0.104056
0.103989
0.108299
0.111917
0.114937
0.117487
0.119627
0.121411
0.122893
0.124124
0.125091
0.125864
0.126416
0.126778
0.126959
0.126959
0.126778
0.126416
0.125864
0.125091
0.124124
0.122893
0.121411
0.119627
0.117487
0.114937
0.111917
0.108299
0.103989
0.104056
0.123962
0.145190
0.167739
0.188760
0.166208
0.144978
0.125071
0.106487
0.102980
0.107069
0.110498
0.113368
0.115778
0.117783
0.119437
0.120793
0.121894
0.122727
0.123347
0.123760
0.123967
0.123967
0.123760
0.123347
0.122727
0.121894
0.120793
0.119437
0.117783
0.115778
0.113368
0.110498
0.107069
0.102980
0.106487
0.125071
0.144978
0.166208
0.188760
0.192251
0.188553
0.167321
0.147412
0.128826
0.111565
0.101227
0.105135
0.108411
0.111142
0.113421
0.115301
0.116836
0.118077
0.119015
0.119718
0.120176
0.120397
0.120397
0.120176
0.119718
0.119015
0.118077
0.116836
0.115301
0.113421
0.111142
0.108411
0.105135
0.101227
0.111565
0.128826
0.147412
0.167321
0.188553
0.192251
0.189946
0.192136
0.190990
0.171080
0.152493
0.135230
0.119293
0.104681
0.102397
0.105541
0.108161
0.110316
0.112080
0.113477
0.114562
0.115354
0.115883
0.116138
0.116138
0.115883
0.115354
0.114562
0.113477
0.112080
0.110316
0.108161
0.105541
0.102397
0.104681
0.119293
0.135230
0.152493
0.171080
0.190990
0.192136
0.189946
0.187688
0.189723
0.191764
0.193788
0.177486
0.160223
0.144285
0.129672
0.116386
0.104427
0.101741
0.104242
0.106278
0.107908
0.109154
0.110081
0.110670
0.110965
0.110965
0.110670
0.110081
0.109154
0.107908
0.106278
0.104242
0.101741
0.104427
0.116386
0.129672
0.144285
0.160223
0.177486
0.193788
0.191764
0.189723
0.187688
0.185486
0.187367
0.189259
0.191143
0.192997
0.186544
0.170605
0.155992
0.142705
0.130745
0.120113
0.110809
0.102834
0.101070
0.102539
0.103611
0.104311
0.104653
0.104653
0.104311
0.103611
0.102539
0.101070
0.102834
0.110809
0.120113
0.130745
0.142705
0.155992
0.170605
0.186544
0.192997
0.191143
0.189259
0.187367
0.185486
0.183344
0.185083
0.186821
0.188553
0.190264
0.191938
0.193565
0.183639
0.170352
0.158393
0.147760
0.138456
0.130480
0.123833
0.118515
0.114527
0.111868
0.110538
0.110538
0.111868
0.114527
0.118515
0.123833
0.130480
0.138456
0.147760
0.158393
0.170352
0.183639
0.193565
0.191938
0.190264
0.188553
0.186821
0.185083
0.183344
0.181250
0.182870
0.184470
0.186049
0.187632
0.189180
0.190674
0.192096
0.193455
0.187369
0.176736
0.167432
0.159456
0.152809
0.147491
0.143502
0.140843
0.139513
0.139513
0.140843
0.143502
0.147491
0.152809
0.159456
0.167432
0.176736
0.187369
0.193455
0.192096
0.190674
0.189180
0.187632
0.186049
0.184470
0.182870
0.181250
0.179175
0.180711
0.182201
0.183671
0.185119
0.186522
0.187879
0.189203
0.190441
0.191601
0.192666
0.193618
0.189761
0.183114
0.177796
0.173807
0.171148
0.169818
0.169818
0.171148
0.173807
0.177796
0.183114
0.189761
0.193618
0.192666
0.191601
0.190441
0.189203
0.187879
0.186522
0.185119
0.183671
0.182201
0.180711
0.179175
0.177075
0.178568
0.179988
0.181374
0.182708
0.183983
0.185243
0.186430
0.187561
0.188620
0.189590
0.190467
0.191240
0.191884
0.192422
0.192830
0.193102
0.193238
0.193238
0.193102
0.192830
0.192422
0.191884
0.191240
0.190467
0.189590
0.188620
0.187561
0.186430
0.185243
0.183983
0.182708
0.181374
0.179988
0.178568
0.177075
0.174897
0.176391
0.177788
0.179116
0.180373
0.181575
0.182726
0.183805
0.184842
0.185789
0.186678
0.187470
0.188160
0.188766
0.189251
0.189615
0.189857
0.189979
0.189979
0.189857
0.189615
0.189251
0.188766
0.188160
0.187470
0.186678
0.185789
0.184842
0.183805
0.182726
0.181575
0.180373
0.179116
0.177788
0.176391
0.174897
0.172573
0.174118
0.175528
0.176842
0.178066
0.179220
0.180297
0.181315
0.182254
0.183137
0.183922
0.184653
0.185284
0.185810
0.186248
0.186588
0.186814
0.186927
0.186927
0.186814
0.186588
0.186248
0.185810
0.185284
0.184653
0.183922
0.183137
0.182254
0.181315
0.180297
0.179220
0.178066
0.176842
0.175528
0.174118
0.172573
0.170028
0.171659
0.173135
0.174486
0.175720
0.176858
0.177906
0.178881
0.179769
0.180592
0.181332
0.181980
0.182568
0.183058
0.183451
0.183745
0.183942
0.184043
0.184043
0.183942
0.183745
0.183451
0.183058
0.182568
0.181980
0.181332
0.180592
0.179769
0.178881
0.177906
0.176858
0.175720
0.174486
0.173135
0.171659
0.170028
0.167130
0.168922
0.170523
0.171963
0.173241
0.174413
0.175471
0.176437
0.177311
0.178099
0.178809
0.179431
0.179964
0.180426
0.180796
0.181073
0.181258
0.181351
0.181351
0.181258
0.181073
0.180796
0.180426
0.179964
0.179431
0.178809
0.178099
0.177311
0.176437
0.175471
0.174413
0.173241
0.171963
0.170523
0.168922
0.167130
0.000000
0.165828
0.167584
0.169143
0.170539
0.171788
0.172893
0.173896
0.174782
0.175576
0.176279
0.176891
0.177415
0.177852
0.178205
0.178472
0.178649
0.178738
0.178738
0.178649
0.178472
0.178205
0.177852
0.177415
0.176891
0.176279
0.175576
0.174782
0.173896
0.172893
0.171788
0.170539
0.169143
0.167584
0.165828
0.000000
0.160123
0.000000
0.164223
0.165963
0.167493
0.168854
0.170076
0.171132
0.172089
0.172910
0.173640
0.174269
0.174799
0.175240
0.175593
0.175858
0.176034
0.176121
0.176121
0.176034
0.175858
0.175593
0.175240
0.174799
0.174269
0.173640
0.172910
0.172089
0.171132
0.170076
0.168854
0.167493
0.165963
0.164223
0.000000
0.160123
0.156052
0.158311
0.160398
0.000000
0.164010
0.165519
0.166857
0.168054
0.169077
0.169997
0.170766
0.171439
0.172015
0.172471
0.172836
0.173110
0.173292
0.173383
0.173383
0.173292
0.173110
0.172836
0.172471
0.172015
0.171439
0.170766
0.169997
0.169077
0.168054
0.166857
0.165519
0.164010
0.000000
0.160398
0.158311
0.156052
0.151810
0.154068
0.156206
0.158200
0.160036
0.161694
0.000000
0.164494
0.165655
0.166658
0.167532
0.168277
0.168891
0.169402
0.169812
0.170111
0.170304
0.170400
0.170400
0.170304
0.170111
0.169812
0.169402
0.168891
0.168277
0.167532
0.166658
0.165655
0.164494
0.000000
0.161694
0.160036
0.158200
0.156206
0.154068
0.151810
0.147535
0.149731
0.151830
0.153822
0.155693
0.157426
0.159009
0.160440
0.161716
0.000000
0.000000
0.164631
0.165328
0.165909
0.166351
0.166679
0.166897
0.167006
0.167006
0.166897
0.166679
0.166351
0.165909
0.165328
0.164631
0.000000
0.000000
0.161716
0.160440
0.159009
0.157426
0.155693
0.153822
0.151830
0.149731
0.147535
0.143224
0.145383
0.147425
0.149362
0.151193
0.152912
0.154511
0.155982
0.157315
0.158507
0.159557
0.160463
0.161228
0.161866
0.000000
0.000000
0.000000
0.000000
0.000000
0.000000
0.000000
0.000000
0.161866
0.161228
0.160463
0.159557
0.158507
0.157315
0.155982
0.154511
0.152912
0.151193
0.149362
0.147425
0.145383
0.143224
0.138730
0.140942
0.142987
0.144893
0.146677
0.148345
0.149901
0.151346
0.152668
0.153866
0.154935
0.155872
0.156672
0.157339
0.157872
0.158268
0.158530
0.158662
0.158662
0.158530
0.158268
0.157872
0.157339
0.156672
0.155872
0.154935
0.153866
0.152668
0.151346
0.149901
0.148345
0.146677
0.144893
0.142987
0.140942
0.138730
0.133774
0.136191
0.138354
0.140318
0.142116
0.143769
0.145294
0.146697
0.147977
0.149144
0.150184
0.151105
0.151894
0.152558
0.153090
0.153490
0.153756
0.153889
0.153889
0.153756
0.153490
0.153090
0.152558
0.151894
0.151105
0.150184
0.149144
0.147977
0.146697
0.145294
0.143769
0.142116
0.140318
0.138354
0.136191
0.133774
0.127895
0.130728
0.133195
0.135367
0.137298
0.139030
0.140594
0.142009
0.143280
0.144425
0.145442
0.146334
0.147102
0.147743
0.148258
0.148648
0.148907
0.149037
0.149037
0.148907
0.148648
0.148258
0.147743
0.147102
0.146334
0.145442
0.144425
0.143280
0.142009
0.140594
0.139030
0.137298
0.135367
0.133195
0.130728
0.127895
0.120400
0.124000
0.127016
0.129614
0.131861
0.133815
0.135530
0.137046
0.138393
0.139576
0.140615
0.141515
0.142284
0.142920
0.143429
0.143810
0.144065
0.144192
0.144192
0.144065
0.143810
0.143429
0.142920
0.142284
0.141515
0.140615
0.139576
0.138393
0.137046
0.135530
0.133815
0.131861
0.129614
0.127016
0.124000
0.120400
0.110338
0.115094
0.119053
0.122379
0.125182
0.127582
0.129638
0.131407
0.132939
0.134272
0.135409
0.136387
0.137203
0.137884
0.138414
0.138808
0.139072
0.139203
0.139203
0.139072
0.138808
0.138414
0.137884
0.137203
0.136387
0.135409
0.134272
0.132939
0.131407
0.129638
0.127582
0.125182
0.122379
0.119053
0.115094
0.110338
0.112218
0.102851
0.108228
0.112686
0.116418
0.119551
0.122201
0.124437
0.126343
0.127969
0.129325
0.130478
0.131431
0.132213
0.132812
0.133262
0.133561
0.133711
0.133711
0.133561
0.133262
0.132812
0.132213
0.131431
0.130478
0.129325
0.127969
0.126343
0.124437
0.122201
0.119551
0.116418
0.112686
0.108228
0.102851
0.112218
