0.175670
0.179442
0.182460
0.184781
0.000000
0.103956
0.114601
0.123005
0.129513
0.134396
0.138022
0.140687
0.142714
0.144264
0.145409
0.146248
0.146778
0.147043
0.147043
0.146778
0.146248
0.145409
0.144264
0.142714
0.140687
0.138022
0.134396
0.129513
0.123005
0.114601
0.103956
0.000000
0.184781
0.182460
0.179442
0.175670
0.177477
0.180967
0.183771
0.185833
0.098883
0.111105
0.120747
0.128236
0.133855
0.137985
0.141008
0.143321
0.145103
0.146496
0.147557
0.148337
0.148843
0.149097
0.149097
0.148843
0.148337
0.147557
0.146496
0.145103
0.143321
0.141008
0.137985
0.133855
0.128236
0.120747
0.111105
0.098883
0.185833
0.183771
0.180967
0.177477
0.178939
0.182228
0.184735
0.000000
0.105576
0.116819
0.125596
0.132235
0.137076
0.140630
0.143300
0.145373
0.147013
0.148325
0.149339
0.150099
0.150601
0.150852
0.150852
0.150601
0.150099
0.149339
0.148325
0.147013
0.145373
0.143300
0.140630
0.137076
0.132235
0.125596
0.116819
0.105576
0.000000
0.184735
0.182228
0.178939
0.180137
0.183209
0.185522
0.000000
0.110890
0.121322
0.129329
0.135226
0.139498
0.142649
0.145071
0.147001
0.148570
0.149839
0.150846
0.151600
0.152105
0.152363
0.152363
0.152105
0.151600
0.150846
0.149839
0.148570
0.147001
0.145071
0.142649
0.139498
0.135226
0.129329
0.121322
0.110890
0.000000
0.185522
0.183209
0.180137
0.181053
0.184020
0.000000
0.102473
0.115030
0.124792
0.132150
0.137452
0.141294
0.144198
0.146461
0.148309
0.149834
0.151093
0.152102
0.152876
0.153392
0.153651
0.153651
0.153392
0.152876
0.152102
0.151093
0.149834
0.148309
0.146461
0.144198
0.141294
0.137452
0.132150
0.124792
0.115030
0.102473
0.000000
0.184020
0.181053
0.181783
0.184540
0.000000
0.106190
0.118162
0.127378
0.134200
0.139062
0.142621
0.145339
0.147520
0.149323
0.150841
0.152103
0.153136
0.153911
0.154450
0.154722
0.154722
0.154450
0.153911
0.153136
0.152103
0.150841
0.149323
0.147520
0.145339
0.142621
0.139062
0.134200
0.127378
0.118162
0.106190
0.000000
0.184540
0.181783
0.182289
0.184928
0.000000
0.108850
0.120393
0.129198
0.135622
0.140206
0.143565
0.146184
0.148303
0.150085
0.151598
0.152881
0.153915
0.154728
0.155273
0.155546
0.155546
0.155273
0.154728
0.153915
0.152881
0.151598
0.150085
0.148303
0.146184
0.143565
0.140206
0.135622
0.129198
0.120393
0.108850
0.000000
0.184928
0.182289
0.182605
0.185183
0.000000
0.110561
0.121827
0.130359
0.136517
0.140905
0.144178
0.146716
0.148814
0.150593
0.152110
0.153405
0.154464
0.155282
0.155828
0.156108
0.156108
0.155828
0.155282
0.154464
0.153405
0.152110
0.150593
0.148814
0.146716
0.144178
0.140905
0.136517
0.130359
0.121827
0.110561
0.000000
0.185183
0.182605
0.182753
0.185305
0.000000
0.111376
0.122508
0.130906
0.136944
0.141254
0.144466
0.146985
0.149073
0.150852
0.152377
0.153673
0.154748
0.155568
0.156122
0.156414
0.156414
0.156122
0.155568
0.154748
0.153673
0.152377
0.150852
0.149073
0.146985
0.144466
0.141254
0.136944
0.130906
0.122508
0.111376
0.000000
0.185305
0.182753
0.182734
0.185292
0.000000
0.111324
0.122477
0.130889
0.136938
0.141253
0.144468
0.146990
0.149080
0.150860
0.152388
0.153685
0.154762
0.155582
0.156138
0.156431
0.156431
0.156138
0.155582
0.154762
0.153685
0.152388
0.150860
0.149080
0.146990
0.144468
0.141253
0.136938
0.130889
0.122477
0.111324
0.000000
0.185292
0.182734
0.182547
0.185145
0.000000
0.110404
0.121729
0.130308
0.136495
0.140900
0.144184
0.146730
0.148834
0.150618
0.152142
0.153440
0.154505
0.155326
0.155874
0.156158
0.156158
0.155874
0.155326
0.154505
0.153440
0.152142
0.150618
0.148834
0.146730
0.144184
0.140900
0.136495
0.130308
0.121729
0.110404
0.000000
0.185145
0.182547
0.182192
0.184863
0.000000
0.108572
0.120221
0.129101
0.135577
0.140194
0.143572
0.146203
0.148334
0.150125
0.151646
0.152937
0.153978
0.154799
0.155347
0.155621
0.155621
0.155347
0.154799
0.153978
0.152937
0.151646
0.150125
0.148334
0.146203
0.143572
0.140194
0.135577
0.129101
0.120221
0.108572
0.000000
0.184863
0.182192
0.181626
0.184446
0.000000
0.105762
0.117891
0.127219
0.134125
0.139035
0.142624
0.145362
0.147558
0.149373
0.150902
0.152176
0.153217
0.153998
0.154547
0.154821
0.154821
0.154547
0.153998
0.153217
0.152176
0.150902
0.149373
0.147558
0.145362
0.142624
0.139035
0.134125
0.127219
0.117891
0.105762
0.000000
0.184446
0.181626
0.180843
0.183867
0.000000
0.101861
0.114630
0.124549
0.132025
0.137396
0.141284
0.144216
0.146499
0.148364
0.149904
0.151175
0.152197
0.152978
0.153500
0.153760
0.153760
0.153500
0.152978
0.152197
0.151175
0.149904
0.148364
0.146499
0.144216
0.141284
0.137396
0.132025
0.124549
0.114630
0.101861
0.000000
0.183867
0.180843
0.179856
0.183006
0.185386
0.000000
0.110317
0.120954
0.129115
0.135121
0.139461
0.142654
0.145104
0.147055
0.148640
0.149925
0.150943
0.151706
0.152220
0.152481
0.152481
0.152220
0.151706
0.150943
0.149925
0.148640
0.147055
0.145104
0.142654
0.139461
0.135121
0.129115
0.120954
0.110317
0.000000
0.185386
0.183006
0.179856
0.178573
0.181971
0.184563
0.000000
0.104761
0.116283
0.125256
0.132055
0.136990
0.140607
0.143315
0.145416
0.147076
0.148404
0.149433
0.150203
0.150712
0.150967
0.150967
0.150712
0.150203
0.149433
0.148404
0.147076
0.145416
0.143315
0.140607
0.136990
0.132055
0.125256
0.116283
0.104761
0.000000
0.184563
0.181971
0.178573
0.176987
0.180615
0.183503
0.185652
0.000000
0.110326
0.120235
0.127922
0.133675
0.137900
0.140987
0.143339
0.145148
0.146560
0.147639
0.148428
0.148943
0.149201
0.149201
0.148943
0.148428
0.147639
0.146560
0.145148
0.143339
0.140987
0.137900
0.133675
0.127922
0.120235
0.110326
0.000000
0.185652
0.183503
0.180615
0.176987
0.175021
0.178971
0.182131
0.184556
0.000000
0.102829
0.113828
0.122489
0.129186
0.134218
0.137930
0.140657
0.142723
0.144300
0.145467
0.146316
0.146856
0.147126
0.147126
0.146856
0.146316
0.145467
0.144300
0.142723
0.140657
0.137930
0.134218
0.129186
0.122489
0.113828
0.102829
0.000000
0.184556
0.182131
0.178971
0.175021
0.172577
0.176960
0.180407
0.183153
0.185240
0.000000
0.105760
0.115529
0.123243
0.129221
0.133741
0.137076
0.139567
0.141404
0.142752
0.143718
0.144328
0.144620
0.144620
0.144328
0.143718
0.142752
0.141404
0.139567
0.137076
0.133741
0.129221
0.123243
0.115529
0.105760
0.000000
0.185240
0.183153
0.180407
0.176960
0.172577
0.169541
0.174479
0.178318
0.181367
0.183837
0.185652
0.000000
0.106736
0.115568
0.122564
0.128030
0.132180
0.135269
0.137558
0.139203
0.140362
0.141080
0.141439
0.141439
0.141080
0.140362
0.139203
0.137558
0.135269
0.132180
0.128030
0.122564
0.115568
0.106736
0.000000
0.185652
0.183837
0.181367
0.178318
0.174479
0.169541
0.165878
0.171374
0.175752
0.179163
0.181945
0.184145
0.185792
0.000000
0.105837
0.113943
0.120381
0.125433
0.129312
0.132225
0.134333
0.135803
0.136711
0.137156
0.137156
0.136711
0.135803
0.134333
0.132225
0.129312
0.125433
0.120381
0.113943
0.105837
0.000000
0.185792
0.184145
0.181945
0.179163
0.175752
0.171374
0.165878
0.161790
0.167542
0.172534
0.176469
0.179586
0.182124
0.184147
0.185659
0.000000
0.102973
0.110505
0.116492
0.121189
0.124799
0.127482
0.129366
0.130563
0.131141
0.131141
0.130563
0.129366
0.127482
0.124799
0.121189
0.116492
0.110505
0.102973
0.000000
0.185659
0.184147
0.182124
0.179586
0.176469
0.172534
0.167542
0.161790
0.157691
0.163111
0.168517
0.173088
0.176699
0.179586
0.181949
0.183845
0.185252
0.000000
0.000000
0.104987
0.110567
0.114899
0.118170
0.120500
0.122007
0.122731
0.122731
0.122007
0.120500
0.118170
0.114899
0.110567
0.104987
0.000000
0.000000
0.185252
0.183845
0.181949
0.179586
0.176699
0.173088
0.168517
0.163111
0.157691
0.153801
0.158571
0.163769
0.168829
0.173082
0.176464
0.179162
0.181371
0.183163
0.184570
0.185672
0.000000
0.000000
0.102114
0.106024
0.108825
0.110639
0.111530
0.111530
0.110639
0.108825
0.106024
0.102114
0.000000
0.000000
0.185672
0.184570
0.183163
0.181371
0.179162
0.176464
0.173082
0.168829
0.163769
0.158571
0.153801
0.149995
0.154309
0.158861
0.163755
0.168496
0.172515
0.175738
0.178311
0.180406
0.182137
0.183515
0.184577
0.185404
0.000000
0.000000
0.000000
0.000000
0.000000
0.000000
0.000000
0.000000
0.000000
0.000000
0.185404
0.184577
0.183515
0.182137
0.180406
0.178311
0.175738
0.172515
0.168496
0.163755
0.158861
0.154309
0.149995
0.145826
0.150223
0.154291
0.158537
0.163066
0.167495
0.171334
0.174450
0.176938
0.178958
0.180607
0.181968
0.183006
0.183869
0.184447
0.184861
0.185137
0.185275
0.185275
0.185137
0.184861
0.184447
0.183869
0.183006
0.181968
0.180607
0.178958
0.176938
0.174450
0.171334
0.167495
0.163066
0.158537
0.154291
0.150223
0.145826
0.140474
0.145800
0.149954
0.153749
0.157624
0.161711
0.165795
0.169466
0.172517
0.174971
0.176945
0.178538
0.179822
0.180811
0.181589
0.182154
0.182499
0.182671
0.182671
0.182499
0.182154
0.181589
0.180811
0.179822
0.178538
0.176945
0.174971
0.172517
0.169466
0.165795
0.161711
0.157624
0.153749
0.149954
0.145800
0.140474
0.132499
0.140087
0.145204
0.149179
0.152710
0.156168
0.159754
0.163393
0.166814
0.169794
0.172239
0.174202
0.175754
0.176953
0.177895
0.178547
0.178976
0.179190
0.179190
0.178976
0.178547
0.177895
0.176953
0.175754
0.174202
0.172239
0.169794
0.166814
0.163393
0.159754
0.156168
0.152710
0.149179
0.145204
0.140087
0.132499
0.120240
0.131347
0.138884
0.144037
0.147894
0.151178
0.154254
0.157318
0.160390
0.163392
0.166137
0.168494
0.170426
0.171960
0.173097
0.173947
0.174470
0.174729
0.174729
0.174470
0.173947
0.173097
0.171960
0.170426
0.168494
0.166137
0.163392
0.160390
0.157318
0.154254
0.151178
0.147894
0.144037
0.138884
0.131347
0.120240
0.103020
0.117855
0.128958
0.136765
0.142123
0.146022
0.149152
0.151920
0.154517
0.157024
0.159437
0.161702
0.163735
0.165455
0.166823
0.167842
0.168502
0.168829
0.168829
0.168502
0.167842
0.166823
0.165455
0.163735
0.161702
0.159437
0.157024
0.154517
0.151920
0.149152
0.146022
0.142123
0.136765
0.128958
0.117855
0.103020
0.185431
0.098922
0.113716
0.125052
0.133389
0.139214
0.143367
0.146540
0.149142
0.151411
0.153457
0.155328
0.157022
0.158507
0.159749
0.160720
0.161377
0.161706
0.161706
0.161377
0.160720
0.159749
0.158507
0.157022
0.155328
0.153457
0.151411
0.149142
0.146540
0.143367
0.139214
0.133389
0.125052
0.113716
0.098922
0.185431
0.182059
0.184737
0.000000
0.107488
0.119224
0.128239
0.134845
0.139581
0.143034
0.145710
0.147859
0.149643
0.151155
0.152423
0.153454
0.154240
0.154784
0.155055
0.155055
0.154784
0.154240
0.153454
0.152423
0.151155
0.149643
0.147859
0.145710
0.143034
0.139581
0.134845
0.128239
0.119224
0.107488
0.000000
0.184737
0.182059
0.177376
0.180895
0.183718
0.185798
0.098670
0.110965
0.120662
0.128191
0.133836
0.137983
0.141018
0.143338
0.145125
0.146521
0.147586
0.148368
0.148876
0.149130
0.149130
0.148876
0.148368
0.147586
0.146521
0.145125
0.143338
0.141018
0.137983
0.133836
0.128191
0.120662
0.110965
0.098670
0.185798
0.183718
0.180895
0.177376
0.171089
0.175699
0.179278
0.182175
0.184430
0.000000
0.099577
0.110009
0.118319
0.124879
0.129972
0.133805
0.136649
0.138754
0.140297
0.141357
0.142058
0.142375
0.142375
0.142058
0.141357
0.140297
0.138754
0.136649
0.133805
0.129972
0.124879
0.118319
0.110009
0.099577
0.000000
0.184430
0.182175
0.179278
0.175699
0.171089
0.162902
0.168547
0.173320
0.177067
0.180076
0.182489
0.184413
0.185901
0.000000
0.104399
0.111683
0.117474
0.122029
0.125514
0.128113
0.129937
0.131079
0.131647
0.131647
0.131079
0.129937
0.128113
0.125514
0.122029
0.117474
0.111683
0.104399
0.000000
0.185901
0.184413
0.182489
0.180076
0.177067
0.173320
0.168547
0.162902
0.155049
0.159922
0.165174
0.170077
0.174094
0.177261
0.179843
0.181955
0.183651
0.184939
0.000000
0.000000
0.099387
0.104321
0.108063
0.110743
0.112479
0.113329
0.113329
0.112479
0.110743
0.108063
0.104321
0.099387
0.000000
0.000000
0.184939
0.183651
0.181955
0.179843
0.177261
0.174094
0.170077
0.165174
0.159922
0.155049
