1.010000e-01 1 0.0000
1.020000e-01 1 -0.0635
1.030000e-01 1 -0.1269
1.040000e-01 1 -0.1904
1.050000e-01 1 -0.2539
1.060000e-01 1 -0.3173
1.070000e-01 1 -0.3808
1.080000e-01 1 -0.4443
1.090000e-01 1 -0.5077
1.100000e-01 1 -0.5712
1.110000e-01 1 -0.6347
1.120000e-01 1 -0.6981
1.130000e-01 1 -0.7616
1.140000e-01 1 -0.8251
1.150000e-01 1 -0.8885
1.160000e-01 1 -0.9520
1.170000e-01 1 -1.0155
1.180000e-01 1 -1.0789
1.190000e-01 1 -1.1424
1.200000e-01 1 -1.2059
1.210000e-01 1 -1.2693
1.220000e-01 1 -1.3328
1.230000e-01 1 -1.3963
1.240000e-01 1 -1.4597
1.250000e-01 1 -1.5232
1.260000e-01 1 -1.5867
1.270000e-01 1 -1.6501
1.280000e-01 1 -1.7136
1.290000e-01 1 -1.7771
1.300000e-01 1 -1.8405
1.310000e-01 1 -1.9040
1.320000e-01 1 -1.9675
1.330000e-01 1 -2.0309
1.340000e-01 1 -2.0944
1.350000e-01 1 -2.1579
1.360000e-01 1 -2.2213
1.370000e-01 1 -2.2848
1.380000e-01 1 -2.3483
1.390000e-01 1 -2.4117
1.400000e-01 1 -2.4752
1.410000e-01 1 -2.5387
1.420000e-01 1 -2.6021
1.430000e-01 1 -2.6656
1.440000e-01 1 -2.7291
1.450000e-01 1 -2.7925
1.460000e-01 1 -2.8560
1.470000e-01 1 -2.9195
1.480000e-01 1 -2.9829
1.490000e-01 1 -3.0464
1.500000e-01 1 -3.1099
1.510000e-01 1 -3.1733
1.520000e-01 1 -3.2368
1.530000e-01 1 -3.3003
1.540000e-01 1 -3.3637
1.550000e-01 1 -3.4272
1.560000e-01 1 -3.4907
1.570000e-01 1 -3.5541
1.580000e-01 1 -3.6176
1.590000e-01 1 -3.6811
1.600000e-01 1 -3.7445
1.610000e-01 1 -3.8080
1.620000e-01 1 -3.8715
1.630000e-01 1 -3.9349
1.640000e-01 1 -3.9984
1.650000e-01 1 -4.0619
1.660000e-01 1 -4.1253
1.670000e-01 1 -4.1888
1.680000e-01 1 -4.2523
1.690000e-01 1 -4.3157
1.700000e-01 1 -4.3792
1.710000e-01 1 -4.4427
1.720000e-01 1 -4.5061
1.730000e-01 1 -4.5696
1.740000e-01 1 -4.6331
1.750000e-01 1 -4.6965
1.760000e-01 1 -4.7600
1.770000e-01 1 -4.8235
1.780000e-01 1 -4.8869
1.790000e-01 1 -4.9504
1.800000e-01 1 -5.0139
1.810000e-01 1 -5.0773
1.820000e-01 1 -5.1408
1.830000e-01 1 -5.2043
1.840000e-01 1 -5.2677
1.850000e-01 1 -5.3312
1.860000e-01 1 -5.3947
1.870000e-01 1 -5.4581
1.880000e-01 1 -5.5216
1.890000e-01 1 -5.5851
1.900000e-01 1 -5.6485
1.910000e-01 1 -5.7120
1.920000e-01 1 -5.7755
1.930000e-01 1 -5.8389
1.940000e-01 1 -5.9024
1.950000e-01 1 -5.9659
1.960000e-01 1 -6.0293
1.970000e-01 1 -6.0928
1.980000e-01 1 -6.1563
1.990000e-01 1 -6.2197
2.000000e-01 1 -6.2832
