0.128662
0.129723
0.130689
0.131584
0.132398
0.133133
0.133812
0.134408
0.134939
0.135417
0.135843
0.136199
0.136495
0.136742
0.136939
0.137087
0.137186
0.137236
0.137236
0.137186
0.137087
0.136939
0.136742
0.136495
0.136199
0.135843
0.135417
0.134939
0.134408
0.133812
0.133133
0.132398
0.131584
0.130689
0.129723
0.128662
0.129785
0.130816
0.131778
0.132644
0.133442
0.134173
0.134815
0.135404
0.135940
0.136391
0.136789
0.137137
0.137436
0.137685
0.137884
0.138031
0.138122
0.138168
0.138168
0.138122
0.138031
0.137884
0.137685
0.137436
0.137137
0.136789
0.136391
0.135940
0.135404
0.134815
0.134173
0.133442
0.132644
0.131778
0.130816
0.129785
0.130864
0.131894
0.132818
0.133680
0.134455
0.135156
0.135804
0.136369
0.136870
0.137322
0.137723
0.138068
0.138345
0.138575
0.138759
0.138897
0.138989
0.139036
0.139036
0.138989
0.138897
0.138759
0.138575
0.138345
0.138068
0.137723
0.137322
0.136870
0.136369
0.135804
0.135156
0.134455
0.133680
0.132818
0.131894
0.130864
0.131931
0.132918
0.133845
0.134670
0.135431
0.136129
0.136735
0.137290
0.137796
0.138231
0.138602
0.138927
0.139206
0.139438
0.139624
0.139764
0.139857
0.139903
0.139903
0.139857
0.139764
0.139624
0.139438
0.139206
0.138927
0.138602
0.138231
0.137796
0.137290
0.136735
0.136129
0.135431
0.134670
0.133845
0.132918
0.131931
0.132943
0.133935
0.134815
0.135638
0.136376
0.137038
0.137650
0.138193
0.138661
0.139082
0.139457
0.139785
0.140061
0.140273
0.140444
0.140572
0.140657
0.140699
0.140699
0.140657
0.140572
0.140444
0.140273
0.140061
0.139785
0.139457
0.139082
0.138661
0.138193
0.137650
0.137038
0.136376
0.135638
0.134815
0.133935
0.132943
0.133949
0.134890
0.135774
0.136560
0.137279
0.137947
0.138517
0.139036
0.139508
0.139934
0.140283
0.140584
0.140841
0.141056
0.141228
0.141357
0.141443
0.141486
0.141486
0.141443
0.141357
0.141228
0.141056
0.140841
0.140584
0.140283
0.139934
0.139508
0.139036
0.138517
0.137947
0.137279
0.136560
0.135774
0.134890
0.133949
0.134892
0.135839
0.136678
0.137454
0.138165
0.138783
0.139354
0.139878
0.140322
0.140712
0.141058
0.141362
0.141622
0.141839
0.142011
0.142129
0.142207
0.142246
0.142246
0.142207
0.142129
0.142011
0.141839
0.141622
0.141362
0.141058
0.140712
0.140322
0.139878
0.139354
0.138783
0.138165
0.137454
0.136678
0.135839
0.134892
0.135831
0.136729
0.137564
0.138319
0.138990
0.139614
0.140173
0.140653
0.141089
0.141483
0.141833
0.142126
0.142362
0.142560
0.142718
0.142836
0.142915
0.142955
0.142955
0.142915
0.142836
0.142718
0.142560
0.142362
0.142126
0.141833
0.141483
0.141089
0.140653
0.140173
0.139614
0.138990
0.138319
0.137564
0.136729
0.135831
0.136711
0.137605
0.138411
0.139136
0.139814
0.140402
0.140931
0.141415
0.141857
0.142229
0.142547
0.142826
0.143065
0.143264
0.143424
0.143543
0.143623
0.143663
0.143663
0.143623
0.143543
0.143424
0.143264
0.143065
0.142826
0.142547
0.142229
0.141857
0.141415
0.140931
0.140402
0.139814
0.139136
0.138411
0.137605
0.136711
0.137577
0.138440
0.139220
0.139952
0.140577
0.141155
0.141688
0.142160
0.142561
0.142923
0.143244
0.143526
0.143767
0.143969
0.144117
0.144225
0.144298
0.144334
0.144334
0.144298
0.144225
0.144117
0.143969
0.143767
0.143526
0.143244
0.142923
0.142561
0.142160
0.141688
0.141155
0.140577
0.139952
0.139220
0.138440
0.137577
0.138404
0.139240
0.140025
0.140696
0.141323
0.141906
0.142400
0.142846
0.143251
0.143616
0.143941
0.144203
0.144422
0.144605
0.144751
0.144861
0.144934
0.144970
0.144970
0.144934
0.144861
0.144751
0.144605
0.144422
0.144203
0.143941
0.143616
0.143251
0.142846
0.142400
0.141906
0.141323
0.140696
0.140025
0.139240
0.138404
0.139194
0.140035
0.140756
0.141434
0.142061
0.142591
0.143081
0.143531
0.143941
0.144278
0.144573
0.144831
0.145053
0.145237
0.145385
0.145496
0.145570
0.145607
0.145607
0.145570
0.145496
0.145385
0.145237
0.145053
0.144831
0.144573
0.144278
0.143941
0.143531
0.143081
0.142591
0.142061
0.141434
0.140756
0.140035
0.139194
0.139983
0.140758
0.141487
0.142154
0.142730
0.143266
0.143761
0.144194
0.144566
0.144901
0.145199
0.145460
0.145683
0.145870
0.146018
0.146119
0.146186
0.146220
0.146220
0.146186
0.146119
0.146018
0.145870
0.145683
0.145460
0.145199
0.144901
0.144566
0.144194
0.143761
0.143266
0.142730
0.142154
0.141487
0.140758
0.139983
0.140698
0.141479
0.142194
0.142817
0.143399
0.143940
0.144396
0.144809
0.145185
0.145523
0.145824
0.146079
0.146284
0.146454
0.146591
0.146693
0.146762
0.146796
0.146796
0.146762
0.146693
0.146591
0.146454
0.146284
0.146079
0.145824
0.145523
0.145185
0.144809
0.144396
0.143940
0.143399
0.142817
0.142194
0.141479
0.140698
0.141410
0.142179
0.142849
0.143479
0.144060
0.144552
0.145006
0.145423
0.145803
0.146131
0.146406
0.146647
0.146854
0.147026
0.147164
0.147268
0.147337
0.147371
0.147371
0.147337
0.147268
0.147164
0.147026
0.146854
0.146647
0.146406
0.146131
0.145803
0.145423
0.145006
0.144552
0.144060
0.143479
0.142849
0.142179
0.141410
0.142108
0.142826
0.143504
0.144125
0.144660
0.145156
0.145616
0.146034
0.146381
0.146693
0.146971
0.147215
0.147424
0.147598
0.147737
0.147842
0.147912
0.147947
0.147947
0.147912
0.147842
0.147737
0.147598
0.147424
0.147215
0.146971
0.146693
0.146381
0.146034
0.145616
0.145156
0.144660
0.144125
0.143504
0.142826
0.142108
0.142746
0.143472
0.144141
0.144718
0.145258
0.145760
0.146203
0.146588
0.146939
0.147255
0.147536
0.147782
0.147993
0.148156
0.148285
0.148382
0.148447
0.148480
0.148480
0.148447
0.148382
0.148285
0.148156
0.147993
0.147782
0.147536
0.147255
0.146939
0.146588
0.146203
0.145760
0.145258
0.144718
0.144141
0.143472
0.142746
0.143383
0.144105
0.144726
0.145310
0.145856
0.146329
0.146753
0.147142
0.147497
0.147816
0.148092
0.148321
0.148517
0.148681
0.148812
0.148910
0.148976
0.149008
0.149008
0.148976
0.148910
0.148812
0.148681
0.148517
0.148321
0.148092
0.147816
0.147497
0.147142
0.146753
0.146329
0.145856
0.145310
0.144726
0.144105
0.143383
0.144016
0.144682
0.145311
0.145901
0.146409
0.146873
0.147302
0.147696
0.148050
0.148347
0.148611
0.148842
0.149040
0.149206
0.149338
0.149438
0.149504
0.149537
0.149537
0.149504
0.149438
0.149338
0.149206
0.149040
0.148842
0.148611
0.148347
0.148050
0.147696
0.147302
0.146873
0.146409
0.145901
0.145311
0.144682
0.144016
0.144585
0.145259
0.145894
0.146444
0.146948
0.147417
0.147851
0.148229
0.148562
0.148862
0.149129
0.149363
0.149563
0.149731
0.149865
0.149965
0.150030
0.150062
0.150062
0.150030
0.149965
0.149865
0.149731
0.149563
0.149363
0.149129
0.148862
0.148562
0.148229
0.147851
0.147417
0.146948
0.146444
0.145894
0.145259
0.144585
0.145153
0.145834
0.146430
0.146976
0.147486
0.147960
0.148367
0.148736
0.149073
0.149377
0.149647
0.149883
0.150082
0.150241
0.150369
0.150465
0.150529
0.150561
0.150561
0.150529
0.150465
0.150369
0.150241
0.150082
0.149883
0.149647
0.149377
0.149073
0.148736
0.148367
0.147960
0.147486
0.146976
0.146430
0.145834
0.145153
0.145719
0.146368
0.146956
0.147507
0.148021
0.148462
0.148870
0.149244
0.149584
0.149891
0.150155
0.150381
0.150575
0.150737
0.150866
0.150963
0.151028
0.151060
0.151060
0.151028
0.150963
0.150866
0.150737
0.150575
0.150381
0.150155
0.149891
0.149584
0.149244
0.148870
0.148462
0.148021
0.147507
0.146956
0.146368
0.145719
0.146256
0.146886
0.147479
0.148034
0.148514
0.148960
0.149372
0.149750
0.150090
0.150383
0.150644
0.150872
0.151068
0.151232
0.151363
0.151461
0.151526
0.151559
0.151559
0.151526
0.151461
0.151363
0.151232
0.151068
0.150872
0.150644
0.150383
0.150090
0.149750
0.149372
0.148960
0.148514
0.148034
0.147479
0.146886
0.146256
0.146765
0.147401
0.148002
0.148520
0.149005
0.149457
0.149874
0.150242
0.150571
0.150868
0.151132
0.151363
0.151562
0.151727
0.151859
0.151959
0.152025
0.152057
0.152057
0.152025
0.151959
0.151859
0.151727
0.151562
0.151363
0.151132
0.150868
0.150571
0.150242
0.149874
0.149457
0.149005
0.148520
0.148002
0.147401
0.146765
0.147272
0.147916
0.148481
0.149006
0.149496
0.149953
0.150354
0.150720
0.151053
0.151353
0.151620
0.151854
0.152053
0.152217
0.152348
0.152446
0.152512
0.152545
0.152545
0.152512
0.152446
0.152348
0.152217
0.152053
0.151854
0.151620
0.151353
0.151053
0.150720
0.150354
0.149953
0.149496
0.149006
0.148481
0.147916
0.147272
0.147777
0.148394
0.148959
0.149490
0.149986
0.150423
0.150826
0.151196
0.151533
0.151837
0.152105
0.152337
0.152535
0.152701
0.152833
0.152933
0.152999
0.153033
0.153033
0.152999
0.152933
0.152833
0.152701
0.152535
0.152337
0.152105
0.151837
0.151533
0.151196
0.150826
0.150423
0.149986
0.149490
0.148959
0.148394
0.147777
0.148258
0.148864
0.149436
0.149973
0.150449
0.150890
0.151298
0.151673
0.152013
0.152314
0.152582
0.152816
0.153017
0.153185
0.153319
0.153420
0.153487
0.153520
0.153520
0.153487
0.153420
0.153319
0.153185
0.153017
0.152816
0.152582
0.152314
0.152013
0.151673
0.151298
0.150890
0.150449
0.149973
0.149436
0.148864
0.148258
0.148720
0.149333
0.149911
0.150429
0.150909
0.151356
0.151769
0.152145
0.152483
0.152787
0.153058
0.153295
0.153498
0.153668
0.153804
0.153906
0.153974
0.154008
0.154008
0.153974
0.153906
0.153804
0.153668
0.153498
0.153295
0.153058
0.152787
0.152483
0.152145
0.151769
0.151356
0.150909
0.150429
0.149911
0.149333
0.148720
0.149179
0.149800
0.150364
0.150883
0.151369
0.151821
0.152234
0.152609
0.152951
0.153259
0.153533
0.153774
0.153980
0.154154
0.154293
0.154398
0.154468
0.154502
0.154502
0.154468
0.154398
0.154293
0.154154
0.153980
0.153774
0.153533
0.153259
0.152951
0.152609
0.152234
0.151821
0.151369
0.150883
0.150364
0.149800
0.149179
0.149637
0.150251
0.150810
0.151336
0.151828
0.152279
0.152693
0.153073
0.153419
0.153731
0.154009
0.154255
0.154467
0.154643
0.154785
0.154891
0.154961
0.154997
0.154997
0.154961
0.154891
0.154785
0.154643
0.154467
0.154255
0.154009
0.153731
0.153419
0.153073
0.152693
0.152279
0.151828
0.151336
0.150810
0.150251
0.149637
0.150088
0.150689
0.151255
0.151788
0.152279
0.152732
0.153151
0.153536
0.153887
0.154205
0.154490
0.154740
0.154954
0.155133
0.155276
0.155384
0.155455
0.155491
0.155491
0.155455
0.155384
0.155276
0.155133
0.154954
0.154740
0.154490
0.154205
0.153887
0.153536
0.153151
0.152732
0.152279
0.151788
0.151255
0.150689
0.150088
0.150517
0.151125
0.151699
0.152232
0.152726
0.153184
0.153609
0.153999
0.154359
0.154683
0.154972
0.155225
0.155442
0.155623
0.155768
0.155877
0.155949
0.155985
0.155985
0.155949
0.155877
0.155768
0.155623
0.155442
0.155225
0.154972
0.154683
0.154359
0.153999
0.153609
0.153184
0.152726
0.152232
0.151699
0.151125
0.150517
0.150944
0.151560
0.152138
0.152671
0.153171
0.153636
0.154066
0.154467
0.154831
0.155160
0.155453
0.155709
0.155929
0.156117
0.156271
0.156386
0.156463
0.156501
0.156501
0.156463
0.156386
0.156271
0.156117
0.155929
0.155709
0.155453
0.155160
0.154831
0.154467
0.154066
0.153636
0.153171
0.152671
0.152138
0.151560
0.150944
0.151369
0.151993
0.152568
0.153109
0.153615
0.154087
0.154529
0.154934
0.155303
0.155637
0.155933
0.156201
0.156434
0.156628
0.156784
0.156900
0.156978
0.157017
0.157017
0.156978
0.156900
0.156784
0.156628
0.156434
0.156201
0.155933
0.155637
0.155303
0.154934
0.154529
0.154087
0.153615
0.153109
0.152568
0.151993
0.151369
0.151793
0.152415
0.152997
0.153545
0.154059
0.154542
0.154990
0.155401
0.155775
0.156118
0.156431
0.156706
0.156942
0.157139
0.157297
0.157415
0.157494
0.157533
0.157533
0.157494
0.157415
0.157297
0.157139
0.156942
0.156706
0.156431
0.156118
0.155775
0.155401
0.154990
0.154542
0.154059
0.153545
0.152997
0.152415
0.151793
0.152209
0.152835
0.153425
0.153980
0.154506
0.154996
0.155450
0.155867
0.156257
0.156614
0.156932
0.157211
0.157450
0.157650
0.157810
0.157930
0.158010
0.158053
0.158053
0.158010
0.157930
0.157810
0.157650
0.157450
0.157211
0.156932
0.156614
0.156257
0.155867
0.155450
0.154996
0.154506
0.153980
0.153425
0.152835
0.152209
0.152619
0.153253
0.153851
0.154419
0.154953
0.155450
0.155909
0.156346
0.156748
0.157110
0.157433
0.157715
0.157958
0.158171
0.158343
0.158472
0.158558
0.158602
0.158602
0.158558
0.158472
0.158343
0.158171
0.157958
0.157715
0.157433
0.157110
0.156748
0.156346
0.155909
0.155450
0.154953
0.154419
0.153851
0.153253
0.152619
0.153026
0.153669
0.154279
0.154857
0.155398
0.155901
0.156384
0.156831
0.157238
0.157606
0.157933
0.158233
0.158495
0.158713
0.158888
0.159019
0.159107
0.159151
0.159151
0.159107
0.159019
0.158888
0.158713
0.158495
0.158233
0.157933
0.157606
0.157238
0.156831
0.156384
0.155901
0.155398
0.154857
0.154279
0.153669
0.153026
0.153432
0.154084
0.154707
0.155293
0.155841
0.156368
0.156861
0.157315
0.157728
0.158107
0.158460
0.158769
0.159035
0.159256
0.159433
0.159566
0.159655
0.159699
0.159699
0.159655
0.159566
0.159433
0.159256
0.159035
0.158769
0.158460
0.158107
0.157728
0.157315
0.156861
0.156368
0.155841
0.155293
0.154707
0.154084
0.153432
0.153835
0.154501
0.155133
0.155727
0.156296
0.156837
0.157338
0.157798
0.158231
0.158633
0.158991
0.159304
0.159574
0.159798
0.159978
0.160121
0.160217
0.160265
0.160265
0.160217
0.160121
0.159978
0.159798
0.159574
0.159304
0.158991
0.158633
0.158231
0.157798
0.157338
0.156837
0.156296
0.155727
0.155133
0.154501
0.153835
0.154238
0.154917
0.155557
0.156167
0.156756
0.157305
0.157813
0.158298
0.158750
0.159158
0.159521
0.159839
0.160120
0.160364
0.160559
0.160705
0.160803
0.160851
0.160851
0.160803
0.160705
0.160559
0.160364
0.160120
0.159839
0.159521
0.159158
0.158750
0.158298
0.157813
0.157305
0.156756
0.156167
0.155557
0.154917
0.154238
0.154642
0.155330
0.155980
0.156617
0.157215
0.157772
0.158305
0.158809
0.159268
0.159682
0.160054
0.160399
0.160695
0.160943
0.161140
0.161289
0.161388
0.161438
0.161438
0.161388
0.161289
0.161140
0.160943
0.160695
0.160399
0.160054
0.159682
0.159268
0.158809
0.158305
0.157772
0.157215
0.156617
0.155980
0.155330
0.154642
0.155042
0.155740
0.156417
0.157065
0.157672
0.158252
0.158808
0.159319
0.159785
0.160219
0.160619
0.160969
0.161270
0.161521
0.161722
0.161873
0.161974
0.162025
0.162025
0.161974
0.161873
0.161722
0.161521
0.161270
0.160969
0.160619
0.160219
0.159785
0.159319
0.158808
0.158252
0.157672
0.157065
0.156417
0.155740
0.155042
0.155440
0.156155
0.156854
0.157511
0.158135
0.158745
0.159309
0.159828
0.160322
0.160778
0.161183
0.161539
0.161845
0.162105
0.162322
0.162484
0.162592
0.162646
0.162646
0.162592
0.162484
0.162322
0.162105
0.161845
0.161539
0.161183
0.160778
0.160322
0.159828
0.159309
0.158745
0.158135
0.157511
0.156854
0.156155
0.155440
0.155835
0.156579
0.157288
0.157955
0.158617
0.159236
0.159809
0.160359
0.160872
0.161335
0.161747
0.162115
0.162444
0.162718
0.162938
0.163102
0.163212
0.163267
0.163267
0.163212
0.163102
0.162938
0.162718
0.162444
0.162115
0.161747
0.161335
0.160872
0.160359
0.159809
0.159236
0.158617
0.157955
0.157288
0.156579
0.155835
0.156237
0.156999
0.157719
0.158422
0.159097
0.159725
0.160329
0.160900
0.161421
0.161891
0.162328
0.162717
0.163051
0.163330
0.163553
0.163721
0.163833
0.163889
0.163889
0.163833
0.163721
0.163553
0.163330
0.163051
0.162717
0.162328
0.161891
0.161421
0.160900
0.160329
0.159725
0.159097
0.158422
0.157719
0.156999
0.156237
0.156643
0.157417
0.158157
0.158889
0.159574
0.160227
0.160859
0.161440
0.161969
0.162473
0.162924
0.163319
0.163659
0.163942
0.164176
0.164353
0.164472
0.164531
0.164531
0.164472
0.164353
0.164176
0.163942
0.163659
0.163319
0.162924
0.162473
0.161969
0.161440
0.160859
0.160227
0.159574
0.158889
0.158157
0.157417
0.156643
0.157046
0.157831
0.158610
0.159353
0.160053
0.160746
0.161388
0.161978
0.162546
0.163061
0.163519
0.163921
0.164277
0.164577
0.164817
0.164997
0.165117
0.165177
0.165177
0.165117
0.164997
0.164817
0.164577
0.164277
0.163921
0.163519
0.163061
0.162546
0.161978
0.161388
0.160746
0.160053
0.159353
0.158610
0.157831
0.157046
0.157445
0.158258
0.159060
0.159815
0.160558
0.161262
0.161914
0.162545
0.163124
0.163647
0.164117
0.164543
0.164908
0.165213
0.165457
0.165641
0.165763
0.165824
0.165824
0.165763
0.165641
0.165457
0.165213
0.164908
0.164543
0.164117
0.163647
0.163124
0.162545
0.161914
0.161262
0.160558
0.159815
0.159060
0.158258
0.157445
0.157840
0.158692
0.159507
0.160292
0.161060
0.161776
0.162465
0.163111
0.163700
0.164242
0.164735
0.165168
0.165539
0.165849
0.166100
0.166289
0.166416
0.166479
0.166479
0.166416
0.166289
0.166100
0.165849
0.165539
0.165168
0.164735
0.164242
0.163700
0.163111
0.162465
0.161776
0.161060
0.160292
0.159507
0.158692
0.157840
0.158246
0.159122
0.159950
0.160779
0.161560
0.162305
0.163019
0.163676
0.164286
0.164850
0.165351
0.165792
0.166173
0.166494
0.166751
0.166944
0.167073
0.167138
0.167138
0.167073
0.166944
0.166751
0.166494
0.166173
0.165792
0.165351
0.164850
0.164286
0.163676
0.163019
0.162305
0.161560
0.160779
0.159950
0.159122
0.158246
0.158657
0.159548
0.160416
0.161263
0.162060
0.162844
0.163570
0.164248
0.164883
0.165456
0.165967
0.166422
0.166814
0.167141
0.167403
0.167599
0.167731
0.167796
0.167796
0.167731
0.167599
0.167403
0.167141
0.166814
0.166422
0.165967
0.165456
0.164883
0.164248
0.163570
0.162844
0.162060
0.161263
0.160416
0.159548
0.158657
0.159064
0.159969
0.160881
0.161742
0.162582
0.163380
0.164124
0.164832
0.165478
0.166062
0.166592
0.167056
0.167454
0.167787
0.168054
0.168252
0.168385
0.168451
0.168451
0.168385
0.168252
0.168054
0.167787
0.167454
0.167056
0.166592
0.166062
0.165478
0.164832
0.164124
0.163380
0.162582
0.161742
0.160881
0.159969
0.159064
0.159466
0.160413
0.161342
0.162231
0.163102
0.163913
0.164693
0.165414
0.166073
0.166677
0.167216
0.167688
0.168094
0.168430
0.168700
0.168903
0.169038
0.169105
0.169105
0.169038
0.168903
0.168700
0.168430
0.168094
0.167688
0.167216
0.166677
0.166073
0.165414
0.164693
0.163913
0.163102
0.162231
0.161342
0.160413
0.159466
0.159863
0.160853
0.161799
0.162732
0.163617
0.164462
0.165259
0.165993
0.166674
0.167290
0.167839
0.168318
0.168728
0.169071
0.169346
0.169552
0.169690
0.169759
0.169759
0.169690
0.169552
0.169346
0.169071
0.168728
0.168318
0.167839
0.167290
0.166674
0.165993
0.165259
0.164462
0.163617
0.162732
0.161799
0.160853
0.159863
0.160272
0.161289
0.162266
0.163227
0.164134
0.165010
0.165822
0.166580
0.167274
0.167901
0.168457
0.168944
0.169362
0.169712
0.169992
0.170196
0.170332
0.170400
0.170400
0.170332
0.170196
0.169992
0.169712
0.169362
0.168944
0.168457
0.167901
0.167274
0.166580
0.165822
0.165010
0.164134
0.163227
0.162266
0.161289
0.160272
0.160684
0.161719
0.162740
0.163718
0.164663
0.165555
0.166389
0.167164
0.167871
0.168507
0.169073
0.169569
0.169996
0.170341
0.170618
0.170825
0.170964
0.171033
0.171033
0.170964
0.170825
0.170618
0.170341
0.169996
0.169569
0.169073
0.168507
0.167871
0.167164
0.166389
0.165555
0.164663
0.163718
0.162740
0.161719
0.160684
0.161089
0.162151
0.163208
0.164213
0.165187
0.166097
0.166955
0.167745
0.168463
0.169110
0.169687
0.170187
0.170608
0.170960
0.171243
0.171454
0.171596
0.171666
0.171666
0.171596
0.171454
0.171243
0.170960
0.170608
0.170187
0.169687
0.169110
0.168463
0.167745
0.166955
0.166097
0.165187
0.164213
0.163208
0.162151
0.161089
0.161488
0.162594
0.163670
0.164714
0.165706
0.166644
0.167518
0.168321
0.169052
0.169711
0.170290
0.170790
0.171220
0.171579
0.171867
0.172079
0.172216
0.172284
0.172284
0.172216
0.172079
0.171867
0.171579
0.171220
0.170790
0.170290
0.169711
0.169052
0.168321
0.167518
0.166644
0.165706
0.164714
0.163670
0.162594
0.161488
0.161879
0.163030
0.164132
0.165209
0.166224
0.167186
0.168077
0.168892
0.169637
0.170300
0.170882
0.171392
0.171831
0.172187
0.172465
0.172674
0.172814
0.172884
0.172884
0.172814
0.172674
0.172465
0.172187
0.171831
0.171392
0.170882
0.170300
0.169637
0.168892
0.168077
0.167186
0.166224
0.165209
0.164132
0.163030
0.161879
0.162279
0.163459
0.164600
0.165698
0.166742
0.167723
0.168628
0.169460
0.170213
0.170878
0.171472
0.171993
0.172418
0.172772
0.173056
0.173270
0.173412
0.173483
0.173483
0.173412
0.173270
0.173056
0.172772
0.172418
0.171993
0.171472
0.170878
0.170213
0.169460
0.168628
0.167723
0.166742
0.165698
0.164600
0.163459
0.162279
0.162677
0.163880
0.165061
0.166184
0.167255
0.168253
0.169175
0.170023
0.170775
0.171454
0.172057
0.172561
0.172994
0.173356
0.173647
0.173865
0.174010
0.174077
0.174077
0.174010
0.173865
0.173647
0.173356
0.172994
0.172561
0.172057
0.171454
0.170775
0.170023
0.169175
0.168253
0.167255
0.166184
0.165061
0.163880
0.162677
0.163067
0.164305
0.165515
0.166669
0.167761
0.168776
0.169717
0.170566
0.171333
0.172026
0.172612
0.173127
0.173570
0.173940
0.174220
0.174427
0.174565
0.174634
0.174634
0.174565
0.174427
0.174220
0.173940
0.173570
0.173127
0.172612
0.172026
0.171333
0.170566
0.169717
0.168776
0.167761
0.166669
0.165515
0.164305
0.163067
0.163447
0.164725
0.165960
0.167146
0.168259
0.169294
0.170247
0.171105
0.171889
0.172566
0.173165
0.173692
0.174134
0.174486
0.174767
0.174979
0.175120
0.175191
0.175191
0.175120
0.174979
0.174767
0.174486
0.174134
0.173692
0.173165
0.172566
0.171889
0.171105
0.170247
0.169294
0.168259
0.167146
0.165960
0.164725
0.163447
0.163816
0.165137
0.166404
0.167615
0.168748
0.169805
0.170762
0.171639
0.172417
0.173104
0.173717
0.174237
0.174667
0.175026
0.175314
0.175531
0.175676
0.175748
0.175748
0.175676
0.175531
0.175314
0.175026
0.174667
0.174237
0.173717
0.173104
0.172417
0.171639
0.170762
0.169805
0.168748
0.167615
0.166404
0.165137
0.163816
0.164183
0.165538
0.166839
0.168076
0.169230
0.170301
0.171273
0.172160
0.172936
0.173638
0.174246
0.174758
0.175198
0.175566
0.175861
0.176076
0.176211
0.176278
0.176278
0.176211
0.176076
0.175861
0.175566
0.175198
0.174758
0.174246
0.173638
0.172936
0.172160
0.171273
0.170301
0.169230
0.168076
0.166839
0.165538
0.164183
0.164545
0.165929
0.167265
0.168524
0.169705
0.170783
0.171777
0.172657
0.173451
0.174158
0.174754
0.175277
0.175728
0.176096
0.176372
0.176579
0.176718
0.176787
0.176787
0.176718
0.176579
0.176372
0.176096
0.175728
0.175277
0.174754
0.174158
0.173451
0.172657
0.171777
0.170783
0.169705
0.168524
0.167265
0.165929
0.164545
0.164895
0.166313
0.167679
0.168964
0.170165
0.171259
0.172261
0.173150
0.173962
0.174648
0.175259
0.175795
0.176235
0.176587
0.176870
0.177083
0.177225
0.177296
0.177296
0.177225
0.177083
0.176870
0.176587
0.176235
0.175795
0.175259
0.174648
0.173962
0.173150
0.172261
0.171259
0.170165
0.168964
0.167679
0.166313
0.164895
0.165231
0.166687
0.168082
0.169394
0.170608
0.171727
0.172727
0.173637
0.174436
0.175136
0.175761
0.176284
0.176716
0.177078
0.177368
0.177586
0.177732
0.177804
0.177804
0.177732
0.177586
0.177368
0.177078
0.176716
0.176284
0.175761
0.175136
0.174436
0.173637
0.172727
0.171727
0.170608
0.169394
0.168082
0.166687
0.165231
0.165553
0.167047
0.168471
0.169812
0.171042
0.172177
0.173186
0.174110
0.174902
0.175619
0.176238
0.176753
0.177196
0.177567
0.177865
0.178080
0.178214
0.178282
0.178282
0.178214
0.178080
0.177865
0.177567
0.177196
0.176753
0.176238
0.175619
0.174902
0.174110
0.173186
0.172177
0.171042
0.169812
0.168471
0.167047
0.165553
0.165860
0.167393
0.168847
0.170213
0.171465
0.172604
0.173638
0.174551
0.175363
0.176090
0.176691
0.177220
0.177675
0.178050
0.178325
0.178532
0.178670
0.178739
0.178739
0.178670
0.178532
0.178325
0.178050
0.177675
0.177220
0.176691
0.176090
0.175363
0.174551
0.173638
0.172604
0.171465
0.170213
0.168847
0.167393
0.165860
0.166154
0.167724
0.169210
0.170595
0.171878
0.173023
0.174077
0.174987
0.175820
0.176525
0.177142
0.177685
0.178137
0.178489
0.178772
0.178984
0.179126
0.179197
0.179197
0.179126
0.178984
0.178772
0.178489
0.178137
0.177685
0.177142
0.176525
0.175820
0.174987
0.174077
0.173023
0.171878
0.170595
0.169210
0.167724
0.166154
0.166432
0.168039
0.169557
0.170965
0.172265
0.173432
0.174482
0.175415
0.176247
0.176955
0.177589
0.178132
0.178565
0.178926
0.179217
0.179436
0.179582
0.179655
0.179655
0.179582
0.179436
0.179217
0.178926
0.178565
0.178132
0.177589
0.176955
0.176247
0.175415
0.174482
0.173432
0.172265
0.170965
0.169557
0.168039
0.166432
0.166691
0.168334
0.169889
0.171321
0.172634
0.173831
0.174879
0.175837
0.176654
0.177381
0.178029
0.178546
0.178990
0.179363
0.179662
0.179887
0.180033
0.180099
0.180099
0.180033
0.179887
0.179662
0.179363
0.178990
0.178546
0.178029
0.177381
0.176654
0.175837
0.174879
0.173831
0.172634
0.171321
0.169889
0.168334
0.166691
0.166930
0.168611
0.170198
0.171663
0.172990
0.174203
0.175267
0.176230
0.177054
0.177803
0.178425
0.178957
0.179414
0.179798
0.180094
0.180298
0.180435
0.180504
0.180504
0.180435
0.180298
0.180094
0.179798
0.179414
0.178957
0.178425
0.177803
0.177054
0.176230
0.175267
0.174203
0.172990
0.171663
0.170198
0.168611
0.166930
0.167148
0.168867
0.170486
0.171988
0.173332
0.174552
0.175645
0.176600
0.177448
0.178197
0.178817
0.179365
0.179836
0.180205
0.180485
0.180696
0.180837
0.180908
0.180908
0.180837
0.180696
0.180485
0.180205
0.179836
0.179365
0.178817
0.178197
0.177448
0.176600
0.175645
0.174552
0.173332
0.171988
0.170486
0.168867
0.167148
0.167341
0.169103
0.170754
0.172280
0.173660
0.174888
0.176011
0.176962
0.177836
0.178566
0.179206
0.179769
0.180226
0.180586
0.180876
0.181094
0.181239
0.181312
0.181312
0.181239
0.181094
0.180876
0.180586
0.180226
0.179769
0.179206
0.178566
0.177836
0.176962
0.176011
0.174888
0.173660
0.172280
0.170754
0.169103
0.167341
0.167510
0.169315
0.171002
0.172554
0.173972
0.175212
0.176337
0.177316
0.178194
0.178929
0.179589
0.180151
0.180595
0.180967
0.181266
0.181491
0.181641
0.181717
0.181717
0.181641
0.181491
0.181266
0.180967
0.180595
0.180151
0.179589
0.178929
0.178194
0.177316
0.176337
0.175212
0.173972
0.172554
0.171002
0.169315
0.167510
0.167652
0.169502
0.171228
0.172809
0.174248
0.175521
0.176650
0.177659
0.178528
0.179287
0.179968
0.180502
0.180961
0.181345
0.181654
0.181887
0.182036
0.182103
0.182103
0.182036
0.181887
0.181654
0.181345
0.180961
0.180502
0.179968
0.179287
0.178528
0.177659
0.176650
0.175521
0.174248
0.172809
0.171228
0.169502
0.167652
0.167764
0.169662
0.171429
0.173043
0.174504
0.175815
0.176952
0.177992
0.178854
0.179638
0.180301
0.180850
0.181324
0.181722
0.182036
0.182241
0.182378
0.182446
0.182446
0.182378
0.182241
0.182036
0.181722
0.181324
0.180850
0.180301
0.179638
0.178854
0.177992
0.176952
0.175815
0.174504
0.173043
0.171429
0.169662
0.167764
0.167845
0.169793
0.171605
0.173254
0.174741
0.176084
0.177239
0.178282
0.179171
0.179981
0.180626
0.181194
0.181685
0.182082
0.182364
0.182577
0.182719
0.182790
0.182790
0.182719
0.182577
0.182364
0.182082
0.181685
0.181194
0.180626
0.179981
0.179171
0.178282
0.177239
0.176084
0.174741
0.173254
0.171605
0.169793
0.167845
0.167892
0.169893
0.171752
0.173441
0.174957
0.176320
0.177512
0.178559
0.179478
0.180279
0.180944
0.181533
0.182035
0.182399
0.182691
0.182912
0.183060
0.183134
0.183134
0.183060
0.182912
0.182691
0.182399
0.182035
0.181533
0.180944
0.180279
0.179478
0.178559
0.177512
0.176320
0.174957
0.173441
0.171752
0.169893
0.167892
0.167903
0.169958
0.171868
0.173600
0.175151
0.176537
0.177768
0.178823
0.179774
0.180567
0.181257
0.181867
0.182336
0.182713
0.183017
0.183247
0.183400
0.183477
0.183477
0.183400
0.183247
0.183017
0.182713
0.182336
0.181867
0.181257
0.180567
0.179774
0.178823
0.177768
0.176537
0.175151
0.173600
0.171868
0.169958
0.167903
0.167873
0.169986
0.171950
0.173731
0.175319
0.176733
0.178005
0.179073
0.180051
0.180846
0.181561
0.182166
0.182633
0.183025
0.183342
0.183581
0.183740
0.183821
0.183821
0.183740
0.183581
0.183342
0.183025
0.182633
0.182166
0.181561
0.180846
0.180051
0.179073
0.178005
0.176733
0.175319
0.173731
0.171950
0.169986
0.167873
0.167799
0.169973
0.171996
0.173828
0.175460
0.176907
0.178201
0.179306
0.180290
0.181115
0.181858
0.182440
0.182926
0.183335
0.183665
0.183914
0.184061
0.184125
0.184125
0.184061
0.183914
0.183665
0.183335
0.182926
0.182440
0.181858
0.181115
0.180290
0.179306
0.178201
0.176907
0.175460
0.173828
0.171996
0.169973
0.167799
0.167679
0.169916
0.172002
0.173891
0.175571
0.177056
0.178377
0.179523
0.180515
0.181372
0.182124
0.182708
0.183214
0.183641
0.183986
0.184187
0.184320
0.184387
0.184387
0.184320
0.184187
0.183986
0.183641
0.183214
0.182708
0.182124
0.181372
0.180515
0.179523
0.178377
0.177056
0.175571
0.173891
0.172002
0.169916
0.167679
0.167508
0.169811
0.171963
0.173915
0.175649
0.177177
0.178531
0.179719
0.180725
0.181617
0.182360
0.182969
0.183498
0.183944
0.184232
0.184439
0.184579
0.184648
0.184648
0.184579
0.184439
0.184232
0.183944
0.183498
0.182969
0.182360
0.181617
0.180725
0.179719
0.178531
0.177177
0.175649
0.173915
0.171963
0.169811
0.167508
0.167281
0.169653
0.171876
0.173896
0.175690
0.177268
0.178659
0.179894
0.180919
0.181848
0.182586
0.183222
0.183776
0.184185
0.184473
0.184691
0.184837
0.184910
0.184910
0.184837
0.184691
0.184473
0.184185
0.183776
0.183222
0.182586
0.181848
0.180919
0.179894
0.178659
0.177268
0.175690
0.173896
0.171876
0.169653
0.167281
0.166994
0.169438
0.171737
0.173829
0.175690
0.177324
0.178760
0.180039
0.181093
0.182053
0.182801
0.183467
0.184036
0.184409
0.184712
0.184941
0.185094
0.185172
0.185172
0.185094
0.184941
0.184712
0.184409
0.184036
0.183467
0.182801
0.182053
0.181093
0.180039
0.178760
0.177324
0.175690
0.173829
0.171737
0.169438
0.166994
0.166640
0.169159
0.171539
0.173711
0.175644
0.177342
0.178829
0.180146
0.181246
0.182220
0.183003
0.183701
0.184236
0.184629
0.184948
0.185190
0.185352
0.185433
0.185433
0.185352
0.185190
0.184948
0.184629
0.184236
0.183701
0.183003
0.182220
0.181246
0.180146
0.178829
0.177342
0.175644
0.173711
0.171539
0.169159
0.166640
0.166215
0.168812
0.171277
0.173535
0.175549
0.177317
0.178863
0.180226
0.181374
0.182369
0.183190
0.183923
0.184430
0.184845
0.185181
0.185437
0.185608
0.185695
0.185695
0.185608
0.185437
0.185181
0.184845
0.184430
0.183923
0.183190
0.182369
0.181374
0.180226
0.178863
0.177317
0.175549
0.173535
0.171277
0.168812
0.166215
0.165717
0.168390
0.170944
0.173295
0.175397
0.177245
0.178858
0.180274
0.181475
0.182498
0.183360
0.184101
0.184616
0.185055
0.185411
0.185682
0.185864
0.185956
0.185956
0.185864
0.185682
0.185411
0.185055
0.184616
0.184101
0.183360
0.182498
0.181475
0.180274
0.178858
0.177245
0.175397
0.173295
0.170944
0.168390
0.165717
0.165139
0.167883
0.170534
0.172984
0.175183
0.177118
0.178808
0.180286
0.181543
0.182603
0.183509
0.184247
0.184793
0.185258
0.185637
0.185925
0.000000
0.000000
0.000000
0.000000
0.185925
0.185637
0.185258
0.184793
0.184247
0.183509
0.182603
0.181543
0.180286
0.178808
0.177118
0.175183
0.172984
0.170534
0.167883
0.165139
0.164470
0.167283
0.170038
0.172595
0.174899
0.176932
0.178707
0.180257
0.181574
0.182680
0.183636
0.184380
0.184959
0.185453
0.185857
0.000000
0.000000
0.000000
0.000000
0.000000
0.000000
0.185857
0.185453
0.184959
0.184380
0.183636
0.182680
0.181574
0.180257
0.178707
0.176932
0.174899
0.172595
0.170038
0.167283
0.164470
0.163713
0.166584
0.169431
0.172119
0.174537
0.176677
0.178548
0.180180
0.181562
0.182725
0.183735
0.184495
0.185111
0.185639
0.000000
0.000000
0.000000
0.000000
0.000000
0.000000
0.000000
0.000000
0.185639
0.185111
0.184495
0.183735
0.182725
0.181562
0.180180
0.178548
0.176677
0.174537
0.172119
0.169431
0.166584
0.163713
0.162872
0.165779
0.168715
0.171521
0.174088
0.176345
0.178323
0.180050
0.181501
0.182732
0.183802
0.184590
0.185247
0.185813
0.000000
0.000000
0.000000
0.000000
0.000000
0.000000
0.000000
0.000000
0.185813
0.185247
0.184590
0.183802
0.182732
0.181501
0.180050
0.178323
0.176345
0.174088
0.171521
0.168715
0.165779
0.162872
0.161924
0.164868
0.167881
0.170804
0.173506
0.175921
0.178024
0.179838
0.181381
0.182695
0.183829
0.184659
0.185364
0.185973
0.000000
0.000000
0.000000
0.000000
0.000000
0.000000
0.000000
0.000000
0.185973
0.185364
0.184659
0.183829
0.182695
0.181381
0.179838
0.178024
0.175921
0.173506
0.170804
0.167881
0.164868
0.161924
0.160910
0.163836
0.166912
0.169961
0.172800
0.175356
0.177600
0.179537
0.181194
0.182605
0.183810
0.184698
0.185456
0.000000
0.000000
0.000000
0.000000
0.000000
0.000000
0.000000
0.000000
0.000000
0.000000
0.185456
0.184698
0.183810
0.182605
0.181194
0.179537
0.177600
0.175356
0.172800
0.169961
0.166912
0.163836
0.160910
0.159787
0.162707
0.165804
0.168950
0.171963
0.174672
0.177065
0.179143
0.180928
0.182452
0.183734
0.184700
0.185517
0.000000
0.000000
0.000000
0.000000
0.098308
0.098308
0.000000
0.000000
0.000000
0.000000
0.185517
0.184700
0.183734
0.182452
0.180928
0.179143
0.177065
0.174672
0.171963
0.168950
0.165804
0.162707
0.159787
0.158598
0.161466
0.164561
0.167782
0.170928
0.173842
0.176408
0.178641
0.180569
0.182224
0.183589
0.184656
0.185539
0.000000
0.000000
0.000000
0.098827
0.100077
0.100077
0.098827
0.000000
0.000000
0.000000
0.185539
0.184656
0.183589
0.182224
0.180569
0.178641
0.176408
0.173842
0.170928
0.167782
0.164561
0.161466
0.158598
0.157320
0.160119
0.163186
0.166436
0.169716
0.172799
0.175576
0.178014
0.180102
0.181892
0.183360
0.184553
0.185511
0.000000
0.000000
0.000000
0.100406
0.101804
0.101804
0.100406
0.000000
0.000000
0.000000
0.185511
0.184553
0.183360
0.181892
0.180102
0.178014
0.175576
0.172799
0.169716
0.166436
0.163186
0.160119
0.157320
0.155948
0.158705
0.161683
0.164922
0.168283
0.171551
0.174535
0.177161
0.179444
0.181395
0.183028
0.184377
0.185419
0.000000
0.000000
0.098739
0.101895
0.103489
0.103489
0.101895
0.098739
0.000000
0.000000
0.185419
0.184377
0.183028
0.181395
0.179444
0.177161
0.174535
0.171551
0.168283
0.164922
0.161683
0.158705
0.155948
0.154497
0.157195
0.160074
0.163249
0.166632
0.170050
0.173249
0.176127
0.178607
0.180750
0.182572
0.184109
0.185241
0.000000
0.000000
0.099594
0.103255
0.105133
0.105133
0.103255
0.099594
0.000000
0.000000
0.185241
0.184109
0.182572
0.180750
0.178607
0.176127
0.173249
0.170050
0.166632
0.163249
0.160074
0.157195
0.154497
0.152920
0.155591
0.158391
0.161444
0.164776
0.168267
0.171679
0.174787
0.177534
0.179923
0.181959
0.183640
0.184951
0.000000
0.000000
0.100061
0.104437
0.106729
0.106729
0.104437
0.100061
0.000000
0.000000
0.184951
0.183640
0.181959
0.179923
0.177534
0.174787
0.171679
0.168267
0.164776
0.161444
0.158391
0.155591
0.152920
0.151188
0.153885
0.156621
0.159536
0.162746
0.166216
0.169771
0.173128
0.176158
0.178771
0.181035
0.182951
0.184516
0.185780
0.000000
0.099878
0.105296
0.108259
0.108259
0.105296
0.099878
0.000000
0.185780
0.184516
0.182951
0.181035
0.178771
0.176158
0.173128
0.169771
0.166216
0.162746
0.159536
0.156621
0.153885
0.151188
0.149238
0.152043
0.154752
0.157551
0.160591
0.163932
0.167516
0.171075
0.174380
0.177295
0.179848
0.182036
0.183864
0.185262
0.000000
0.098536
0.105498
0.109660
0.109660
0.105498
0.098536
0.000000
0.185262
0.183864
0.182036
0.179848
0.177295
0.174380
0.171075
0.167516
0.163932
0.160591
0.157551
0.154752
0.152043
0.149238
0.146969
0.149995
0.152754
0.155486
0.158355
0.161502
0.164962
0.168596
0.172147
0.175368
0.178216
0.180660
0.182756
0.184490
0.185915
0.000000
0.104061
0.110650
0.110650
0.104061
0.000000
0.185915
0.184490
0.182756
0.180660
0.178216
0.175368
0.172147
0.168596
0.164962
0.161502
0.158355
0.155486
0.152754
0.149995
0.146969
0.144239
0.147614
0.150558
0.153308
0.156055
0.158990
0.162199
0.165728
0.169381
0.172880
0.176058
0.178803
0.181196
0.183232
0.184874
0.000000
0.098364
0.107794
0.107794
0.098364
0.000000
0.184874
0.183232
0.181196
0.178803
0.176058
0.172880
0.169381
0.165728
0.162199
0.158990
0.156055
0.153308
0.150558
0.147614
0.144239
