0.159626
0.159970
0.160314
0.160638
0.160942
0.161224
0.161484
0.161723
0.161941
0.162145
0.162330
0.162492
0.162630
0.162746
0.162839
0.162908
0.162954
0.162977
0.162977
0.162954
0.162908
0.162839
0.162746
0.162630
0.162492
0.162330
0.162145
0.161941
0.161723
0.161484
0.161224
0.160942
0.160638
0.160314
0.159970
0.159626
0.159275
0.159622
0.159949
0.160273
0.160579
0.160864
0.161127
0.161368
0.161588
0.161786
0.161962
0.162123
0.162263
0.162379
0.162473
0.162543
0.162590
0.162613
0.162613
0.162590
0.162543
0.162473
0.162379
0.162263
0.162123
0.161962
0.161786
0.161588
0.161368
0.161127
0.160864
0.160579
0.160273
0.159949
0.159622
0.159275
0.158923
0.159273
0.159603
0.159913
0.160216
0.160503
0.160769
0.161013
0.161234
0.161434
0.161612
0.161767
0.161901
0.162013
0.162107
0.162178
0.162225
0.162248
0.162248
0.162225
0.162178
0.162107
0.162013
0.161901
0.161767
0.161612
0.161434
0.161234
0.161013
0.160769
0.160503
0.160216
0.159913
0.159603
0.159273
0.158923
0.158571
0.158924
0.159257
0.159570
0.159862
0.160143
0.160411
0.160657
0.160881
0.161082
0.161262
0.161419
0.161553
0.161666
0.161755
0.161823
0.161868
0.161890
0.161890
0.161868
0.161823
0.161755
0.161666
0.161553
0.161419
0.161262
0.161082
0.160881
0.160657
0.160411
0.160143
0.159862
0.159570
0.159257
0.158924
0.158571
0.158218
0.158575
0.158911
0.159227
0.159522
0.159796
0.160052
0.160301
0.160527
0.160730
0.160911
0.161070
0.161206
0.161319
0.161410
0.161478
0.161524
0.161546
0.161546
0.161524
0.161478
0.161410
0.161319
0.161206
0.161070
0.160911
0.160730
0.160527
0.160301
0.160052
0.159796
0.159522
0.159227
0.158911
0.158575
0.158218
0.157873
0.158225
0.158564
0.158883
0.159181
0.159457
0.159713
0.159948
0.160173
0.160378
0.160561
0.160721
0.160859
0.160973
0.161065
0.161133
0.161179
0.161202
0.161202
0.161179
0.161133
0.161065
0.160973
0.160859
0.160721
0.160561
0.160378
0.160173
0.159948
0.159713
0.159457
0.159181
0.158883
0.158564
0.158225
0.157873
0.157540
0.157882
0.158217
0.158539
0.158839
0.159119
0.159377
0.159614
0.159830
0.160026
0.160211
0.160372
0.160511
0.160627
0.160719
0.160789
0.160835
0.160858
0.160858
0.160835
0.160789
0.160719
0.160627
0.160511
0.160372
0.160211
0.160026
0.159830
0.159614
0.159377
0.159119
0.158839
0.158539
0.158217
0.157882
0.157540
0.157207
0.157552
0.157877
0.158194
0.158498
0.158780
0.159041
0.159280
0.159498
0.159694
0.159869
0.160023
0.160164
0.160280
0.160374
0.160444
0.160491
0.160514
0.160514
0.160491
0.160444
0.160374
0.160280
0.160164
0.160023
0.159869
0.159694
0.159498
0.159280
0.159041
0.158780
0.158498
0.158194
0.157877
0.157552
0.157207
0.156872
0.157221
0.157550
0.157858
0.158156
0.158441
0.158704
0.158946
0.159166
0.159364
0.159541
0.159695
0.159828
0.159938
0.160028
0.160099
0.160146
0.160170
0.160170
0.160146
0.160099
0.160028
0.159938
0.159828
0.159695
0.159541
0.159364
0.159166
0.158946
0.158704
0.158441
0.158156
0.157858
0.157550
0.157221
0.156872
0.156538
0.156890
0.157222
0.157533
0.157824
0.158101
0.158367
0.158612
0.158834
0.159034
0.159212
0.159368
0.159502
0.159614
0.159703
0.159770
0.159815
0.159837
0.159837
0.159815
0.159770
0.159703
0.159614
0.159502
0.159368
0.159212
0.159034
0.158834
0.158612
0.158367
0.158101
0.157824
0.157533
0.157222
0.156890
0.156538
0.156202
0.156558
0.156893
0.157208
0.157502
0.157775
0.158030
0.158277
0.158501
0.158704
0.158884
0.159041
0.159176
0.159289
0.159379
0.159447
0.159492
0.159515
0.159515
0.159492
0.159447
0.159379
0.159289
0.159176
0.159041
0.158884
0.158704
0.158501
0.158277
0.158030
0.157775
0.157502
0.157208
0.156893
0.156558
0.156202
0.155872
0.156225
0.156564
0.156882
0.157179
0.157455
0.157711
0.157945
0.158169
0.158373
0.158555
0.158714
0.158851
0.158965
0.159056
0.159124
0.159170
0.159193
0.159193
0.159170
0.159124
0.159056
0.158965
0.158851
0.158714
0.158555
0.158373
0.158169
0.157945
0.157711
0.157455
0.157179
0.156882
0.156564
0.156225
0.155872
0.155550
0.155897
0.156234
0.156556
0.156856
0.157135
0.157393
0.157630
0.157846
0.158042
0.158226
0.158387
0.158525
0.158640
0.158732
0.158801
0.158847
0.158870
0.158870
0.158847
0.158801
0.158732
0.158640
0.158525
0.158387
0.158226
0.158042
0.157846
0.157630
0.157393
0.157135
0.156856
0.156556
0.156234
0.155897
0.155550
0.155226
0.155577
0.155908
0.156229
0.156532
0.156814
0.157075
0.157314
0.157532
0.157728
0.157903
0.158060
0.158199
0.158315
0.158409
0.158478
0.158525
0.158548
0.158548
0.158525
0.158478
0.158409
0.158315
0.158199
0.158060
0.157903
0.157728
0.157532
0.157314
0.157075
0.156814
0.156532
0.156229
0.155908
0.155577
0.155226
0.154903
0.155257
0.155592
0.155906
0.156208
0.156493
0.156757
0.156999
0.157219
0.157417
0.157594
0.157748
0.157881
0.157991
0.158085
0.158155
0.158203
0.158226
0.158226
0.158203
0.158155
0.158085
0.157991
0.157881
0.157748
0.157594
0.157417
0.157219
0.156999
0.156757
0.156493
0.156208
0.155906
0.155592
0.155257
0.154903
0.154578
0.154936
0.155274
0.155592
0.155888
0.156172
0.156438
0.156682
0.156905
0.157105
0.157284
0.157440
0.157574
0.157686
0.157775
0.157842
0.157887
0.157910
0.157910
0.157887
0.157842
0.157775
0.157686
0.157574
0.157440
0.157284
0.157105
0.156905
0.156682
0.156438
0.156172
0.155888
0.155592
0.155274
0.154936
0.154578
0.154253
0.154615
0.154957
0.155277
0.155577
0.155856
0.156119
0.156366
0.156591
0.156794
0.156974
0.157132
0.157267
0.157380
0.157471
0.157539
0.157584
0.157607
0.157607
0.157584
0.157539
0.157471
0.157380
0.157267
0.157132
0.156974
0.156794
0.156591
0.156366
0.156119
0.155856
0.155577
0.155277
0.154957
0.154615
0.154253
0.153928
0.154293
0.154638
0.154962
0.155265
0.155547
0.155808
0.156049
0.156277
0.156482
0.156664
0.156824
0.156961
0.157075
0.157166
0.157235
0.157281
0.157304
0.157304
0.157281
0.157235
0.157166
0.157075
0.156961
0.156824
0.156664
0.156482
0.156277
0.156049
0.155808
0.155547
0.155265
0.154962
0.154638
0.154293
0.153928
0.153605
0.153970
0.154319
0.154647
0.154953
0.155238
0.155502
0.155744
0.155964
0.156170
0.156354
0.156515
0.156654
0.156769
0.156862
0.156931
0.156978
0.157001
0.157001
0.156978
0.156931
0.156862
0.156769
0.156654
0.156515
0.156354
0.156170
0.155964
0.155744
0.155502
0.155238
0.154953
0.154647
0.154319
0.153970
0.153605
0.153282
0.153651
0.153999
0.154331
0.154641
0.154929
0.155195
0.155440
0.155663
0.155863
0.156044
0.156207
0.156347
0.156464
0.156557
0.156628
0.156674
0.156698
0.156698
0.156674
0.156628
0.156557
0.156464
0.156347
0.156207
0.156044
0.155863
0.155663
0.155440
0.155195
0.154929
0.154641
0.154331
0.153999
0.153651
0.153282
0.152958
0.153331
0.153683
0.154014
0.154327
0.154619
0.154888
0.155136
0.155361
0.155564
0.155744
0.155903
0.156040
0.156158
0.156253
0.156324
0.156371
0.156395
0.156395
0.156371
0.156324
0.156253
0.156158
0.156040
0.155903
0.155744
0.155564
0.155361
0.155136
0.154888
0.154619
0.154327
0.154014
0.153683
0.153331
0.152958
0.152633
0.153010
0.153366
0.153701
0.154014
0.154308
0.154581
0.154831
0.155059
0.155264
0.155447
0.155607
0.155744
0.155859
0.155950
0.156020
0.156068
0.156092
0.156092
0.156068
0.156020
0.155950
0.155859
0.155744
0.155607
0.155447
0.155264
0.155059
0.154831
0.154581
0.154308
0.154014
0.153701
0.153366
0.153010
0.152633
0.152307
0.152689
0.153049
0.153387
0.153703
0.153998
0.154273
0.154526
0.154757
0.154964
0.155149
0.155311
0.155450
0.155566
0.155659
0.155728
0.155775
0.155798
0.155798
0.155775
0.155728
0.155659
0.155566
0.155450
0.155311
0.155149
0.154964
0.154757
0.154526
0.154273
0.153998
0.153703
0.153387
0.153049
0.152689
0.152307
0.151980
0.152367
0.152731
0.153073
0.153393
0.153690
0.153966
0.154221
0.154454
0.154664
0.154851
0.155015
0.155156
0.155273
0.155367
0.155437
0.155484
0.155508
0.155508
0.155484
0.155437
0.155367
0.155273
0.155156
0.155015
0.154851
0.154664
0.154454
0.154221
0.153966
0.153690
0.153393
0.153073
0.152731
0.152367
0.151980
0.151645
0.152043
0.152412
0.152758
0.153081
0.153383
0.153661
0.153917
0.154152
0.154364
0.154553
0.154719
0.154861
0.154980
0.155075
0.155146
0.155194
0.155217
0.155217
0.155194
0.155146
0.155075
0.154980
0.154861
0.154719
0.154553
0.154364
0.154152
0.153917
0.153661
0.153383
0.153081
0.152758
0.152412
0.152043
0.151645
0.151308
0.151713
0.152092
0.152442
0.152770
0.153074
0.153356
0.153615
0.153851
0.154064
0.154255
0.154423
0.154567
0.154687
0.154783
0.154855
0.154903
0.154927
0.154927
0.154903
0.154855
0.154783
0.154687
0.154567
0.154423
0.154255
0.154064
0.153851
0.153615
0.153356
0.153074
0.152770
0.152442
0.152092
0.151713
0.151308
0.150971
0.151380
0.151766
0.152126
0.152457
0.152766
0.153051
0.153313
0.153551
0.153766
0.153957
0.154127
0.154272
0.154394
0.154491
0.154564
0.154613
0.154637
0.154637
0.154613
0.154564
0.154491
0.154394
0.154272
0.154127
0.153957
0.153766
0.153551
0.153313
0.153051
0.152766
0.152457
0.152126
0.151766
0.151380
0.150971
0.150633
0.151047
0.151437
0.151804
0.152144
0.152456
0.152745
0.153010
0.153251
0.153469
0.153663
0.153832
0.153978
0.154101
0.154199
0.154273
0.154322
0.154347
0.154347
0.154322
0.154273
0.154199
0.154101
0.153978
0.153832
0.153663
0.153469
0.153251
0.153010
0.152745
0.152456
0.152144
0.151804
0.151437
0.151047
0.150633
0.150293
0.150712
0.151107
0.151479
0.151826
0.152146
0.152439
0.152707
0.152951
0.153172
0.153368
0.153540
0.153687
0.153810
0.153908
0.153982
0.154032
0.154057
0.154057
0.154032
0.153982
0.153908
0.153810
0.153687
0.153540
0.153368
0.153172
0.152951
0.152707
0.152439
0.152146
0.151826
0.151479
0.151107
0.150712
0.150293
0.149950
0.150377
0.150777
0.151153
0.151505
0.151832
0.152132
0.152404
0.152651
0.152874
0.153073
0.153247
0.153396
0.153521
0.153620
0.153695
0.153745
0.153770
0.153770
0.153745
0.153695
0.153620
0.153521
0.153396
0.153247
0.153073
0.152874
0.152651
0.152404
0.152132
0.151832
0.151505
0.151153
0.150777
0.150377
0.149950
0.149588
0.150040
0.150445
0.150826
0.151182
0.151514
0.151820
0.152100
0.152350
0.152576
0.152777
0.152954
0.153105
0.153231
0.153332
0.153408
0.153458
0.153484
0.153484
0.153458
0.153408
0.153332
0.153231
0.153105
0.152954
0.152777
0.152576
0.152350
0.152100
0.151820
0.151514
0.151182
0.150826
0.150445
0.150040
0.149588
0.149224
0.149685
0.150113
0.150498
0.150859
0.151195
0.151505
0.151791
0.152049
0.152278
0.152482
0.152660
0.152814
0.152941
0.153044
0.153120
0.153172
0.153197
0.153197
0.153172
0.153120
0.153044
0.152941
0.152814
0.152660
0.152482
0.152278
0.152049
0.151791
0.151505
0.151195
0.150859
0.150498
0.150113
0.149685
0.149224
0.148859
0.149326
0.149766
0.150169
0.150535
0.150875
0.151190
0.151479
0.151742
0.151979
0.152186
0.152367
0.152522
0.152652
0.152755
0.152833
0.152885
0.152911
0.152911
0.152885
0.152833
0.152755
0.152652
0.152522
0.152367
0.152186
0.151979
0.151742
0.151479
0.151190
0.150875
0.150535
0.150169
0.149766
0.149326
0.148859
0.148493
0.148965
0.149411
0.149830
0.150210
0.150555
0.150873
0.151166
0.151433
0.151673
0.151887
0.152073
0.152231
0.152362
0.152467
0.152546
0.152598
0.152625
0.152625
0.152598
0.152546
0.152467
0.152362
0.152231
0.152073
0.151887
0.151673
0.151433
0.151166
0.150873
0.150555
0.150210
0.149830
0.149411
0.148965
0.148493
0.148125
0.148604
0.149055
0.149480
0.149877
0.150234
0.150557
0.150853
0.151124
0.151367
0.151584
0.151774
0.151938
0.152072
0.152178
0.152258
0.152312
0.152338
0.152338
0.152312
0.152258
0.152178
0.152072
0.151938
0.151774
0.151584
0.151367
0.151124
0.150853
0.150557
0.150234
0.149877
0.149480
0.149055
0.148604
0.148125
0.147734
0.148241
0.148698
0.149129
0.149532
0.149906
0.150239
0.150540
0.150814
0.151061
0.151281
0.151474
0.151639
0.151777
0.151887
0.151970
0.152025
0.152052
0.152052
0.152025
0.151970
0.151887
0.151777
0.151639
0.151474
0.151281
0.151061
0.150814
0.150540
0.150239
0.149906
0.149532
0.149129
0.148698
0.148241
0.147734
0.147331
0.147865
0.148340
0.148776
0.149185
0.149565
0.149916
0.150226
0.150504
0.150754
0.150977
0.151172
0.151340
0.151480
0.151592
0.151676
0.151732
0.151760
0.151760
0.151732
0.151676
0.151592
0.151480
0.151340
0.151172
0.150977
0.150754
0.150504
0.150226
0.149916
0.149565
0.149185
0.148776
0.148340
0.147865
0.147331
0.146925
0.147467
0.147979
0.148423
0.148837
0.149222
0.149578
0.149906
0.150193
0.150447
0.150673
0.150871
0.151041
0.151183
0.151297
0.151382
0.151439
0.151467
0.151467
0.151439
0.151382
0.151297
0.151183
0.151041
0.150871
0.150673
0.150447
0.150193
0.149906
0.149578
0.149222
0.148837
0.148423
0.147979
0.147467
0.146925
0.146518
0.147067
0.147586
0.148068
0.148488
0.148878
0.149240
0.149572
0.149875
0.150139
0.150369
0.150570
0.150742
0.150886
0.151001
0.151088
0.151146
0.151175
0.151175
0.151146
0.151088
0.151001
0.150886
0.150742
0.150570
0.150369
0.150139
0.149875
0.149572
0.149240
0.148878
0.148488
0.148068
0.147586
0.147067
0.146518
0.146109
0.146666
0.147192
0.147686
0.148137
0.148534
0.148900
0.149237
0.149544
0.149821
0.150064
0.150268
0.150443
0.150589
0.150706
0.150794
0.150852
0.150882
0.150882
0.150852
0.150794
0.150706
0.150589
0.150443
0.150268
0.150064
0.149821
0.149544
0.149237
0.148900
0.148534
0.148137
0.147686
0.147192
0.146666
0.146109
0.145665
0.146262
0.146796
0.147297
0.147767
0.148188
0.148560
0.148902
0.149213
0.149494
0.149744
0.149964
0.150143
0.150292
0.150410
0.150499
0.150559
0.150589
0.150589
0.150559
0.150499
0.150410
0.150292
0.150143
0.149964
0.149744
0.149494
0.149213
0.148902
0.148560
0.148188
0.147767
0.147297
0.146796
0.146262
0.145665
0.145208
0.145842
0.146398
0.146907
0.147383
0.147827
0.148219
0.148566
0.148882
0.149167
0.149421
0.149643
0.149834
0.149994
0.150115
0.150205
0.150266
0.150296
0.150296
0.150266
0.150205
0.150115
0.149994
0.149834
0.149643
0.149421
0.149167
0.148882
0.148566
0.148219
0.147827
0.147383
0.146907
0.146398
0.145842
0.145208
0.144748
0.145391
0.145998
0.146515
0.146998
0.147449
0.147866
0.148229
0.148550
0.148839
0.149097
0.149323
0.149517
0.149679
0.149808
0.149906
0.149970
0.150003
0.150003
0.149970
0.149906
0.149808
0.149679
0.149517
0.149323
0.149097
0.148839
0.148550
0.148229
0.147866
0.147449
0.146998
0.146515
0.145998
0.145391
0.144748
0.144286
0.144938
0.145554
0.146121
0.146612
0.147069
0.147492
0.147881
0.148217
0.148511
0.148772
0.149002
0.149199
0.149363
0.149495
0.149594
0.149660
0.149693
0.149693
0.149660
0.149594
0.149495
0.149363
0.149199
0.149002
0.148772
0.148511
0.148217
0.147881
0.147492
0.147069
0.146612
0.146121
0.145554
0.144938
0.144286
0.143800
0.144482
0.145108
0.145696
0.146224
0.146688
0.147118
0.147513
0.147873
0.148182
0.148448
0.148681
0.148881
0.149048
0.149181
0.149282
0.149349
0.149382
0.149382
0.149349
0.149282
0.149181
0.149048
0.148881
0.148681
0.148448
0.148182
0.147873
0.147513
0.147118
0.146688
0.146224
0.145696
0.145108
0.144482
0.143800
0.143280
0.144025
0.144659
0.145257
0.145817
0.146306
0.146742
0.147143
0.147509
0.147839
0.148122
0.148359
0.148562
0.148732
0.148868
0.148970
0.149038
0.149072
0.149072
0.149038
0.148970
0.148868
0.148732
0.148562
0.148359
0.148122
0.147839
0.147509
0.147143
0.146742
0.146306
0.145817
0.145257
0.144659
0.144025
0.143280
0.142756
0.143515
0.144209
0.144815
0.145384
0.145914
0.146365
0.146773
0.147144
0.147480
0.147778
0.148037
0.148244
0.148416
0.148554
0.148658
0.148727
0.148762
0.148762
0.148727
0.148658
0.148554
0.148416
0.148244
0.148037
0.147778
0.147480
0.147144
0.146773
0.146365
0.145914
0.145384
0.144815
0.144209
0.143515
0.142756
0.142228
0.142999
0.143728
0.144372
0.144949
0.145487
0.145986
0.146401
0.146779
0.147120
0.147423
0.147689
0.147918
0.148100
0.148240
0.148346
0.148416
0.148451
0.148451
0.148416
0.148346
0.148240
0.148100
0.147918
0.147689
0.147423
0.147120
0.146779
0.146401
0.145986
0.145487
0.144949
0.144372
0.143728
0.142999
0.142228
0.141664
0.142480
0.143221
0.143917
0.144512
0.145059
0.145566
0.146029
0.146412
0.146759
0.147067
0.147338
0.147571
0.147765
0.147920
0.148034
0.148105
0.148141
0.148141
0.148105
0.148034
0.147920
0.147765
0.147571
0.147338
0.147067
0.146759
0.146412
0.146029
0.145566
0.145059
0.144512
0.143917
0.143221
0.142480
0.141664
0.141070
0.141954
0.142710
0.143418
0.144074
0.144629
0.145144
0.145618
0.146045
0.146397
0.146711
0.146986
0.147223
0.147420
0.147578
0.147697
0.147776
0.147816
0.147816
0.147776
0.147697
0.147578
0.147420
0.147223
0.146986
0.146711
0.146397
0.146045
0.145618
0.145144
0.144629
0.144074
0.143418
0.142710
0.141954
0.141070
0.140472
0.141370
0.142197
0.142917
0.143591
0.144198
0.144721
0.145203
0.145642
0.146035
0.146354
0.146634
0.146875
0.147075
0.147236
0.147357
0.147437
0.147478
0.147478
0.147437
0.147357
0.147236
0.147075
0.146875
0.146634
0.146354
0.146035
0.145642
0.145203
0.144721
0.144198
0.143591
0.142917
0.142197
0.141370
0.140472
0.139856
0.140782
0.141645
0.142412
0.143098
0.143737
0.144297
0.144786
0.145233
0.145637
0.145996
0.146281
0.146526
0.146730
0.146894
0.147017
0.147099
0.147140
0.147140
0.147099
0.147017
0.146894
0.146730
0.146526
0.146281
0.145996
0.145637
0.145233
0.144786
0.144297
0.143737
0.143098
0.142412
0.141645
0.140782
0.139856
0.139186
0.140189
0.141067
0.141893
0.142602
0.143252
0.143855
0.144368
0.144823
0.145234
0.145599
0.145920
0.146177
0.146385
0.146552
0.146677
0.146760
0.146802
0.146802
0.146760
0.146677
0.146552
0.146385
0.146177
0.145920
0.145599
0.145234
0.144823
0.144368
0.143855
0.143252
0.142602
0.141893
0.141067
0.140189
0.139186
0.138510
0.139550
0.140485
0.141326
0.142103
0.142765
0.143378
0.143943
0.144412
0.144830
0.145202
0.145529
0.145809
0.146040
0.146209
0.146337
0.146422
0.146464
0.146464
0.146422
0.146337
0.146209
0.146040
0.145809
0.145529
0.145202
0.144830
0.144412
0.143943
0.143378
0.142765
0.142103
0.141326
0.140485
0.139550
0.138510
0.137813
0.138887
0.139888
0.140754
0.141557
0.142275
0.142899
0.143474
0.143999
0.144424
0.144804
0.145137
0.145423
0.145661
0.145853
0.145996
0.146083
0.146127
0.146127
0.146083
0.145996
0.145853
0.145661
0.145423
0.145137
0.144804
0.144424
0.143999
0.143474
0.142899
0.142275
0.141557
0.140754
0.139888
0.138887
0.137813
0.137062
0.138218
0.139237
0.140179
0.140996
0.141758
0.142418
0.143003
0.143538
0.144018
0.144405
0.144744
0.145035
0.145278
0.145473
0.145620
0.145717
0.145766
0.145766
0.145717
0.145620
0.145473
0.145278
0.145035
0.144744
0.144405
0.144018
0.143538
0.143003
0.142418
0.141758
0.140996
0.140179
0.139237
0.138218
0.137062
0.136305
0.137501
0.138580
0.139558
0.140431
0.141207
0.141927
0.142530
0.143075
0.143566
0.144004
0.144350
0.144647
0.144895
0.145094
0.145243
0.145343
0.145393
0.145393
0.145343
0.145243
0.145094
0.144895
0.144647
0.144350
0.144004
0.143566
0.143075
0.142530
0.141927
0.141207
0.140431
0.139558
0.138580
0.137501
0.136305
0.135503
0.136757
0.137910
0.138914
0.139848
0.140653
0.141386
0.142055
0.142610
0.143111
0.143558
0.143951
0.144259
0.144512
0.144714
0.144867
0.144968
0.145019
0.145019
0.144968
0.144867
0.144714
0.144512
0.144259
0.143951
0.143558
0.143111
0.142610
0.142055
0.141386
0.140653
0.139848
0.138914
0.137910
0.136757
0.135503
0.134668
0.136007
0.137181
0.138264
0.139216
0.140095
0.140843
0.141531
0.142144
0.142655
0.143111
0.143511
0.143855
0.144127
0.144334
0.144490
0.144593
0.144645
0.144645
0.144593
0.144490
0.144334
0.144127
0.143855
0.143511
0.143111
0.142655
0.142144
0.141531
0.140843
0.140095
0.139216
0.138264
0.137181
0.136007
0.134668
0.133813
0.135189
0.136445
0.137574
0.138580
0.139486
0.140296
0.140998
0.141639
0.142196
0.142661
0.143070
0.143421
0.143714
0.143949
0.144113
0.144219
0.144272
0.144272
0.144219
0.144113
0.143949
0.143714
0.143421
0.143070
0.142661
0.142196
0.141639
0.140998
0.140296
0.139486
0.138580
0.137574
0.136445
0.135189
0.133813
0.132902
0.134361
0.135678
0.136852
0.137932
0.138862
0.139719
0.140462
0.141116
0.141707
0.142211
0.142628
0.142986
0.143286
0.143525
0.143706
0.143826
0.143886
0.143886
0.143826
0.143706
0.143525
0.143286
0.142986
0.142628
0.142211
0.141707
0.141116
0.140462
0.139719
0.138862
0.137932
0.136852
0.135678
0.134361
0.132902
0.131979
0.133493
0.134867
0.136124
0.137226
0.138234
0.139108
0.139915
0.140590
0.141194
0.141732
0.142185
0.142551
0.142857
0.143102
0.143286
0.143409
0.143470
0.143470
0.143409
0.143286
0.143102
0.142857
0.142551
0.142185
0.141732
0.141194
0.140590
0.139915
0.139108
0.138234
0.137226
0.136124
0.134867
0.133493
0.131979
0.130992
0.132589
0.134048
0.135340
0.136513
0.137563
0.138493
0.139316
0.140062
0.140678
0.141229
0.141712
0.142114
0.142427
0.142678
0.142866
0.142991
0.143054
0.143054
0.142991
0.142866
0.142678
0.142427
0.142114
0.141712
0.141229
0.140678
0.140062
0.139316
0.138493
0.137563
0.136513
0.135340
0.134048
0.132589
0.130992
0.129992
0.131656
0.133166
0.134538
0.135777
0.136866
0.137862
0.138714
0.139482
0.140161
0.140723
0.141217
0.141642
0.141996
0.142253
0.142446
0.142574
0.142638
0.142638
0.142574
0.142446
0.142253
0.141996
0.141642
0.141217
0.140723
0.140161
0.139482
0.138714
0.137862
0.136866
0.135777
0.134538
0.133166
0.131656
0.129992
0.128930
0.130677
0.132271
0.133709
0.134993
0.136162
0.137180
0.138108
0.138893
0.139603
0.140215
0.140720
0.141155
0.141518
0.141809
0.142025
0.142157
0.142222
0.142222
0.142157
0.142025
0.141809
0.141518
0.141155
0.140720
0.140215
0.139603
0.138893
0.138108
0.137180
0.136162
0.134993
0.133709
0.132271
0.130677
0.128930
0.127846
0.129669
0.131328
0.132833
0.134200
0.135408
0.136492
0.137451
0.138300
0.139026
0.139675
0.140222
0.140667
0.141039
0.141337
0.141561
0.141710
0.141785
0.141785
0.141710
0.141561
0.141337
0.141039
0.140667
0.140222
0.139675
0.139026
0.138300
0.137451
0.136492
0.135408
0.134200
0.132833
0.131328
0.129669
0.127846
0.126708
0.128614
0.130357
0.131943
0.133357
0.134634
0.135782
0.136779
0.137676
0.138446
0.139110
0.139694
0.140178
0.140558
0.140864
0.141093
0.141246
0.141323
0.141323
0.141246
0.141093
0.140864
0.140558
0.140178
0.139694
0.139110
0.138446
0.137676
0.136779
0.135782
0.134634
0.133357
0.131943
0.130357
0.128614
0.126708
0.125537
0.127525
0.129342
0.130994
0.132491
0.133841
0.135025
0.136101
0.137019
0.137850
0.138543
0.139141
0.139655
0.140077
0.140390
0.140625
0.140782
0.140861
0.140861
0.140782
0.140625
0.140390
0.140077
0.139655
0.139141
0.138543
0.137850
0.137019
0.136101
0.135025
0.133841
0.132491
0.130994
0.129342
0.127525
0.125537
0.124321
0.126393
0.128295
0.130032
0.131592
0.132995
0.134262
0.135371
0.136358
0.137209
0.137970
0.138585
0.139113
0.139554
0.139907
0.140157
0.140318
0.140399
0.140399
0.140318
0.140157
0.139907
0.139554
0.139113
0.138585
0.137970
0.137209
0.136358
0.135371
0.134262
0.132995
0.131592
0.130032
0.128295
0.126393
0.124321
0.123055
0.125217
0.127200
0.129010
0.130653
0.132140
0.133455
0.134626
0.135667
0.136564
0.137344
0.138027
0.138568
0.139021
0.139384
0.139657
0.139839
0.139930
0.139930
0.139839
0.139657
0.139384
0.139021
0.138568
0.138027
0.137344
0.136564
0.135667
0.134626
0.133455
0.132140
0.130653
0.129010
0.127200
0.125217
0.123055
0.121751
0.124006
0.126076
0.127971
0.129686
0.131232
0.132621
0.133865
0.134941
0.135907
0.136714
0.137418
0.138022
0.138487
0.138859
0.139140
0.139327
0.139421
0.139421
0.139327
0.139140
0.138859
0.138487
0.138022
0.137418
0.136714
0.135907
0.134941
0.133865
0.132621
0.131232
0.129686
0.127971
0.126076
0.124006
0.121751
0.120391
0.122735
0.124895
0.126872
0.128673
0.130303
0.131764
0.133053
0.134208
0.135200
0.136080
0.136803
0.137426
0.137947
0.138334
0.138622
0.138815
0.138911
0.138911
0.138815
0.138622
0.138334
0.137947
0.137426
0.136803
0.136080
0.135200
0.134208
0.133053
0.131764
0.130303
0.128673
0.126872
0.124895
0.122735
0.120391
0.118980
0.121425
0.123680
0.125747
0.127629
0.129331
0.130860
0.132232
0.133432
0.134486
0.135398
0.136185
0.136825
0.137360
0.137791
0.138104
0.138302
0.138401
0.138401
0.138302
0.138104
0.137791
0.137360
0.136825
0.136185
0.135398
0.134486
0.133432
0.132232
0.130860
0.129331
0.127629
0.125747
0.123680
0.121425
0.118980
0.117517
0.120068
0.122414
0.124571
0.126540
0.128328
0.129941
0.131366
0.132633
0.133751
0.134704
0.135528
0.136221
0.136772
0.137215
0.137548
0.137770
0.137882
0.137882
0.137770
0.137548
0.137215
0.136772
0.136221
0.135528
0.134704
0.133751
0.132633
0.131366
0.129941
0.128328
0.126540
0.124571
0.122414
0.120068
0.117517
0.115998
0.118648
0.121099
0.123352
0.125412
0.127282
0.128966
0.130475
0.131815
0.132975
0.134004
0.134853
0.135584
0.136183
0.136638
0.136981
0.137211
0.137325
0.137325
0.137211
0.136981
0.136638
0.136183
0.135584
0.134853
0.134004
0.132975
0.131815
0.130475
0.128966
0.127282
0.125412
0.123352
0.121099
0.118648
0.115998
0.114407
0.117176
0.119737
0.122092
0.124244
0.126203
0.127975
0.129551
0.130950
0.132191
0.133250
0.134172
0.134926
0.135558
0.136061
0.136414
0.136650
0.136769
0.136769
0.136650
0.136414
0.136061
0.135558
0.134926
0.134172
0.133250
0.132191
0.130950
0.129551
0.127975
0.126203
0.124244
0.122092
0.119737
0.117176
0.114407
0.112750
0.115646
0.118317
0.120772
0.123023
0.125073
0.126927
0.128590
0.130074
0.131363
0.132490
0.133452
0.134265
0.134916
0.135440
0.135834
0.136090
0.136212
0.136212
0.136090
0.135834
0.135440
0.134916
0.134265
0.133452
0.132490
0.131363
0.130074
0.128590
0.126927
0.125073
0.123023
0.120772
0.118317
0.115646
0.112750
0.111019
0.114049
0.116835
0.119405
0.121763
0.123912
0.125855
0.127598
0.129146
0.130514
0.131705
0.132715
0.133572
0.134272
0.134813
0.135220
0.135492
0.135628
0.135628
0.135492
0.135220
0.134813
0.134272
0.133572
0.132715
0.131705
0.130514
0.129146
0.127598
0.125855
0.123912
0.121763
0.119405
0.116835
0.114049
0.111019
0.109207
0.112375
0.115293
0.117985
0.120445
0.122692
0.124730
0.126563
0.128201
0.129638
0.130884
0.131969
0.132856
0.133599
0.134183
0.134605
0.134886
0.135027
0.135027
0.134886
0.134605
0.134183
0.133599
0.132856
0.131969
0.130884
0.129638
0.128201
0.126563
0.124730
0.122692
0.120445
0.117985
0.115293
0.112375
0.109207
0.107305
0.110623
0.113682
0.116494
0.119072
0.121429
0.123568
0.125493
0.127208
0.128723
0.130052
0.131174
0.132135
0.132904
0.133522
0.133988
0.134280
0.134426
0.134426
0.134280
0.133988
0.133522
0.132904
0.132135
0.131174
0.130052
0.128723
0.127208
0.125493
0.123568
0.121429
0.119072
0.116494
0.113682
0.110623
0.107305
0.105304
0.108784
0.111996
0.114939
0.117645
0.120117
0.122358
0.124380
0.126189
0.127786
0.129172
0.130371
0.131374
0.132204
0.132845
0.133328
0.133651
0.133813
0.133813
0.133651
0.133328
0.132845
0.132204
0.131374
0.130371
0.129172
0.127786
0.126189
0.124380
0.122358
0.120117
0.117645
0.114939
0.111996
0.108784
0.105304
0.103193
0.106850
0.110221
0.113312
0.116152
0.118740
0.121094
0.123220
0.125121
0.126803
0.128276
0.129537
0.130599
0.131472
0.132166
0.132667
0.133003
0.133171
0.133171
0.133003
0.132667
0.132166
0.131472
0.130599
0.129537
0.128276
0.126803
0.125121
0.123220
0.121094
0.118740
0.116152
0.113312
0.110221
0.106850
0.103193
0.100961
0.104811
0.108354
0.111605
0.114584
0.117305
0.119783
0.122021
0.124023
0.125794
0.127341
0.128675
0.129807
0.130723
0.131454
0.132005
0.132354
0.132529
0.132529
0.132354
0.132005
0.131454
0.130723
0.129807
0.128675
0.127341
0.125794
0.124023
0.122021
0.119783
0.117305
0.114584
0.111605
0.108354
0.104811
0.100961
0.098596
0.102654
0.106384
0.109809
0.112940
0.115806
0.118407
0.120757
0.122866
0.124737
0.126377
0.127792
0.128977
0.129967
0.130729
0.131303
0.131687
0.131880
0.131880
0.131687
0.131303
0.130729
0.129967
0.128977
0.127792
0.126377
0.124737
0.122866
0.120757
0.118407
0.115806
0.112940
0.109809
0.106384
0.102654
0.098596
0.000000
0.100367
0.104301
0.107912
0.111210
0.114228
0.116966
0.119445
0.121670
0.123645
0.125375
0.126867
0.128137
0.129168
0.130000
0.130598
0.130999
0.131200
0.131200
0.130999
0.130598
0.130000
0.129168
0.128137
0.126867
0.125375
0.123645
0.121670
0.119445
0.116966
0.114228
0.111210
0.107912
0.104301
0.100367
0.000000
0.000000
0.000000
0.102091
0.105902
0.109384
0.112565
0.115456
0.118074
0.120418
0.122504
0.124337
0.125924
0.127257
0.128362
0.129230
0.129886
0.130311
0.130521
0.130521
0.130311
0.129886
0.129230
0.128362
0.127257
0.125924
0.124337
0.122504
0.120418
0.118074
0.115456
0.112565
0.109384
0.105902
0.102091
0.000000
0.000000
0.000000
0.000000
0.099734
0.103765
0.107449
0.110809
0.113868
0.116626
0.119106
0.121314
0.123254
0.124932
0.126357
0.127528
0.128455
0.129142
0.129602
0.129833
0.129833
0.129602
0.129142
0.128455
0.127528
0.126357
0.124932
0.123254
0.121314
0.119106
0.116626
0.113868
0.110809
0.107449
0.103765
0.099734
0.000000
0.000000
0.000000
0.000000
0.000000
0.101488
0.105391
0.108949
0.112186
0.115105
0.117734
0.120075
0.122132
0.123915
0.125423
0.126669
0.127661
0.128395
0.128878
0.129121
0.129121
0.128878
0.128395
0.127661
0.126669
0.125423
0.123915
0.122132
0.120075
0.117734
0.115105
0.112186
0.108949
0.105391
0.101488
0.000000
0.000000
0.000000
0.185868
0.000000
0.000000
0.099051
0.103195
0.106971
0.110401
0.113500
0.116286
0.118765
0.120950
0.122845
0.124457
0.125790
0.126840
0.127629
0.128152
0.128408
0.128408
0.128152
0.127629
0.126840
0.125790
0.124457
0.122845
0.120950
0.118765
0.116286
0.113500
0.110401
0.106971
0.103195
0.099051
0.000000
0.000000
0.185868
0.185426
0.000000
0.000000
0.000000
0.100843
0.104857
0.108502
0.111797
0.114753
0.117392
0.119720
0.121740
0.123455
0.124874
0.126010
0.126842
0.127401
0.127682
0.127682
0.127401
0.126842
0.126010
0.124874
0.123455
0.121740
0.119720
0.117392
0.114753
0.111797
0.108502
0.104857
0.100843
0.000000
0.000000
0.000000
0.185426
0.184964
0.185704
0.000000
0.000000
0.098314
0.102589
0.106471
0.109982
0.113129
0.115945
0.118422
0.120576
0.122413
0.123938
0.125141
0.126050
0.126641
0.126939
0.126939
0.126641
0.126050
0.125141
0.123938
0.122413
0.120576
0.118422
0.115945
0.113129
0.109982
0.106471
0.102589
0.098314
0.000000
0.000000
0.185704
0.184964
0.184479
0.185242
0.185983
0.000000
0.000000
0.100146
0.104289
0.108036
0.111398
0.114401
0.117050
0.119357
0.121324
0.122955
0.124258
0.125225
0.125875
0.126196
0.126196
0.125875
0.125225
0.124258
0.122955
0.121324
0.119357
0.117050
0.114401
0.111398
0.108036
0.104289
0.100146
0.000000
0.000000
0.185983
0.185242
0.184479
0.183961
0.184756
0.185520
0.000000
0.000000
0.000000
0.101932
0.105941
0.109541
0.112755
0.115597
0.118075
0.120188
0.121946
0.123341
0.124390
0.125084
0.125433
0.125433
0.125084
0.124390
0.123341
0.121946
0.120188
0.118075
0.115597
0.112755
0.109541
0.105941
0.101932
0.000000
0.000000
0.000000
0.185520
0.184756
0.183961
0.183259
0.184244
0.185033
0.185799
0.000000
0.000000
0.099365
0.103669
0.107536
0.110988
0.114047
0.116706
0.118984
0.120881
0.122398
0.123532
0.124288
0.124662
0.124662
0.124288
0.123532
0.122398
0.120881
0.118984
0.116706
0.114047
0.110988
0.107536
0.103669
0.099365
0.000000
0.000000
0.185799
0.185033
0.184244
0.183259
0.182519
0.183611
0.184517
0.185309
0.000000
0.000000
0.000000
0.101192
0.105358
0.109079
0.112375
0.115249
0.117717
0.119773
0.121415
0.122649
0.123473
0.123888
0.123888
0.123473
0.122649
0.121415
0.119773
0.117717
0.115249
0.112375
0.109079
0.105358
0.101192
0.000000
0.000000
0.000000
0.185309
0.184517
0.183611
0.182519
0.181692
0.182861
0.183961
0.184789
0.185585
0.000000
0.000000
0.098477
0.102975
0.106998
0.110565
0.113685
0.116361
0.118597
0.120394
0.121744
0.122642
0.123092
0.123092
0.122642
0.121744
0.120394
0.118597
0.116361
0.113685
0.110565
0.106998
0.102975
0.098477
0.000000
0.000000
0.185585
0.184789
0.183961
0.182861
0.181692
0.180721
0.182067
0.183200
0.184235
0.185060
0.185860
0.000000
0.000000
0.100350
0.104713
0.108587
0.111986
0.114901
0.117350
0.119319
0.120802
0.121800
0.122296
0.122296
0.121800
0.120802
0.119319
0.117350
0.114901
0.111986
0.108587
0.104713
0.100350
0.000000
0.000000
0.185860
0.185060
0.184235
0.183200
0.182067
0.180721
0.179654
0.181088
0.182390
0.183534
0.184498
0.185329
0.000000
0.000000
0.000000
0.102181
0.106405
0.110119
0.113317
0.116015
0.118186
0.119831
0.120929
0.121485
0.121485
0.120929
0.119831
0.118186
0.116015
0.113317
0.110119
0.106405
0.102181
0.000000
0.000000
0.000000
0.185329
0.184498
0.183534
0.182390
0.181088
0.179654
0.178423
0.180035
0.181444
0.182706
0.183863
0.184758
0.185597
0.000000
0.000000
0.099338
0.103970
0.108047
0.111574
0.114553
0.116969
0.118805
0.120047
0.120663
0.120663
0.120047
0.118805
0.116969
0.114553
0.111574
0.108047
0.103970
0.099338
0.000000
0.000000
0.185597
0.184758
0.183863
0.182706
0.181444
0.180035
0.178423
0.177019
0.178772
0.180361
0.181788
0.183014
0.184141
0.185014
0.185862
0.000000
0.000000
0.101210
0.105712
0.109626
0.112945
0.115656
0.117726
0.119124
0.119836
0.119836
0.119124
0.117726
0.115656
0.112945
0.109626
0.105712
0.101210
0.000000
0.000000
0.185862
0.185014
0.184141
0.183014
0.181788
0.180361
0.178772
0.177019
0.175432
0.177360
0.179100
0.180670
0.182099
0.183310
0.184380
0.185265
0.000000
0.000000
0.098057
0.103043
0.107409
0.111137
0.114205
0.116563
0.118176
0.118989
0.118989
0.118176
0.116563
0.114205
0.111137
0.107409
0.103043
0.098057
0.000000
0.000000
0.185265
0.184380
0.183310
0.182099
0.180670
0.179100
0.177360
0.175432
0.173618
0.175743
0.177668
0.179399
0.180955
0.182360
0.183590
0.184609
0.185508
0.000000
0.000000
0.099949
0.104839
0.109057
0.112561
0.115290
0.117170
0.118137
0.118137
0.117170
0.115290
0.112561
0.109057
0.104839
0.099949
0.000000
0.000000
0.185508
0.184609
0.183590
0.182360
0.180955
0.179399
0.177668
0.175743
0.173618
0.171554
0.173875
0.176006
0.177934
0.179663
0.181211
0.182599
0.183851
0.184825
0.185742
0.000000
0.000000
0.101795
0.106598
0.110646
0.113854
0.116100
0.117260
0.117260
0.116100
0.113854
0.110646
0.106598
0.101795
0.000000
0.000000
0.185742
0.184825
0.183851
0.182599
0.181211
0.179663
0.177934
0.176006
0.173875
0.171554
0.169248
0.171732
0.174064
0.176194
0.178133
0.179881
0.181428
0.182806
0.184064
0.185022
0.185961
0.000000
0.098093
0.103598
0.108321
0.112151
0.114903
0.116367
0.116367
0.114903
0.112151
0.108321
0.103598
0.098093
0.000000
0.185961
0.185022
0.184064
0.182806
0.181428
0.179881
0.178133
0.176194
0.174064
0.171732
0.169248
0.166744
0.169322
0.171827
0.174170
0.176314
0.178264
0.180033
0.181593
0.182970
0.184210
0.185192
0.000000
0.000000
0.099809
0.105352
0.110005
0.113497
0.115435
0.115435
0.113497
0.110005
0.105352
0.099809
0.000000
0.000000
0.185192
0.184210
0.182970
0.181593
0.180033
0.178264
0.176314
0.174170
0.171827
0.169322
0.166744
0.164122
0.166695
0.169292
0.171818
0.174183
0.176346
0.178314
0.180099
0.181683
0.183072
0.184309
0.185317
0.000000
0.000000
0.101364
0.107044
0.111632
0.114427
0.114427
0.111632
0.107044
0.101364
0.000000
0.000000
0.185317
0.184309
0.183072
0.181683
0.180099
0.178314
0.176346
0.174183
0.171818
0.169292
0.166695
0.164122
0.161502
0.163943
0.166524
0.169135
0.171681
0.174076
0.176265
0.178257
0.180066
0.181670
0.183081
0.184336
0.185369
0.000000
0.000000
0.102574
0.108605
0.113135
0.113135
0.108605
0.102574
0.000000
0.000000
0.185369
0.184336
0.183081
0.181670
0.180066
0.178257
0.176265
0.174076
0.171681
0.169135
0.166524
0.163943
0.161502
0.158944
0.161208
0.163636
0.166202
0.168819
0.171380
0.173803
0.176033
0.178054
0.179879
0.181504
0.182949
0.184243
0.185287
0.000000
0.000000
0.102564
0.109103
0.109103
0.102564
0.000000
0.000000
0.185287
0.184243
0.182949
0.181504
0.179879
0.178054
0.176033
0.173803
0.171380
0.168819
0.166202
0.163636
0.161208
0.158944
