0.182084
0.182342
0.182585
0.182814
0.183027
0.183226
0.183409
0.183577
0.183730
0.183868
0.183991
0.184075
0.184145
0.184204
0.184250
0.184286
0.184309
0.184321
0.184321
0.184309
0.184286
0.184250
0.184204
0.184145
0.184075
0.183991
0.183868
0.183730
0.183577
0.183409
0.183226
0.183027
0.182814
0.182585
0.182342
0.182084
0.182133
0.182394
0.182639
0.182870
0.183085
0.183286
0.183471
0.183641
0.183795
0.183934
0.184044
0.184127
0.184198
0.184257
0.184304
0.184339
0.184363
0.184375
0.184375
0.184363
0.184339
0.184304
0.184257
0.184198
0.184127
0.184044
0.183934
0.183795
0.183641
0.183471
0.183286
0.183085
0.182870
0.182639
0.182394
0.182133
0.182183
0.182445
0.182693
0.182926
0.183143
0.183346
0.183532
0.183704
0.183860
0.184000
0.184095
0.184179
0.184250
0.184310
0.184358
0.184393
0.184417
0.184429
0.184429
0.184417
0.184393
0.184358
0.184310
0.184250
0.184179
0.184095
0.184000
0.183860
0.183704
0.183532
0.183346
0.183143
0.182926
0.182693
0.182445
0.182183
0.182231
0.182497
0.182747
0.182982
0.183201
0.183405
0.183594
0.183767
0.183924
0.184050
0.184147
0.184231
0.184303
0.184363
0.184411
0.184447
0.184472
0.184484
0.184484
0.184472
0.184447
0.184411
0.184363
0.184303
0.184231
0.184147
0.184050
0.183924
0.183767
0.183594
0.183405
0.183201
0.182982
0.182747
0.182497
0.182231
0.182279
0.182547
0.182800
0.183037
0.183259
0.183465
0.183655
0.183830
0.183989
0.184100
0.184198
0.184283
0.184355
0.184416
0.184465
0.184501
0.184526
0.184538
0.184538
0.184526
0.184501
0.184465
0.184416
0.184355
0.184283
0.184198
0.184100
0.183989
0.183830
0.183655
0.183465
0.183259
0.183037
0.182800
0.182547
0.182279
0.182327
0.182598
0.182853
0.183092
0.183316
0.183524
0.183716
0.183892
0.184040
0.184151
0.184249
0.184334
0.184408
0.184469
0.184519
0.184555
0.184580
0.184592
0.184592
0.184580
0.184555
0.184519
0.184469
0.184408
0.184334
0.184249
0.184151
0.184040
0.183892
0.183716
0.183524
0.183316
0.183092
0.182853
0.182598
0.182327
0.182375
0.182648
0.182905
0.183147
0.183373
0.183583
0.183777
0.183955
0.184089
0.184200
0.184299
0.184386
0.184461
0.184523
0.184572
0.184609
0.184634
0.184647
0.184647
0.184634
0.184609
0.184572
0.184523
0.184461
0.184386
0.184299
0.184200
0.184089
0.183955
0.183777
0.183583
0.183373
0.183147
0.182905
0.182648
0.182375
0.182422
0.182697
0.182957
0.183201
0.183429
0.183641
0.183837
0.184013
0.184138
0.184250
0.184350
0.184438
0.184513
0.184576
0.184626
0.184663
0.184688
0.184701
0.184701
0.184688
0.184663
0.184626
0.184576
0.184513
0.184438
0.184350
0.184250
0.184138
0.184013
0.183837
0.183641
0.183429
0.183201
0.182957
0.182697
0.182422
0.182468
0.182746
0.183009
0.183255
0.183486
0.183700
0.183898
0.184061
0.184187
0.184300
0.184401
0.184490
0.184565
0.184629
0.184679
0.184717
0.184743
0.184755
0.184755
0.184743
0.184717
0.184679
0.184629
0.184565
0.184490
0.184401
0.184300
0.184187
0.184061
0.183898
0.183700
0.183486
0.183255
0.183009
0.182746
0.182468
0.182514
0.182795
0.183060
0.183309
0.183542
0.183758
0.183958
0.184108
0.184235
0.184350
0.184452
0.184541
0.184618
0.184682
0.184733
0.184771
0.184797
0.184810
0.184810
0.184797
0.184771
0.184733
0.184682
0.184618
0.184541
0.184452
0.184350
0.184235
0.184108
0.183958
0.183758
0.183542
0.183309
0.183060
0.182795
0.182514
0.182559
0.182843
0.183111
0.183362
0.183597
0.183816
0.184014
0.184155
0.184284
0.184399
0.184502
0.184593
0.184670
0.184735
0.184786
0.184825
0.184851
0.184864
0.184864
0.184851
0.184825
0.184786
0.184735
0.184670
0.184593
0.184502
0.184399
0.184284
0.184155
0.184014
0.183816
0.183597
0.183362
0.183111
0.182843
0.182559
0.182604
0.182891
0.183161
0.183415
0.183653
0.183874
0.184059
0.184202
0.184332
0.184449
0.184553
0.184644
0.184722
0.184788
0.184840
0.184879
0.184905
0.184918
0.184918
0.184905
0.184879
0.184840
0.184788
0.184722
0.184644
0.184553
0.184449
0.184332
0.184202
0.184059
0.183874
0.183653
0.183415
0.183161
0.182891
0.182604
0.182648
0.182938
0.183212
0.183468
0.183708
0.183931
0.184105
0.184249
0.184380
0.184498
0.184604
0.184696
0.184775
0.184841
0.184893
0.184933
0.184959
0.184973
0.184973
0.184959
0.184933
0.184893
0.184841
0.184775
0.184696
0.184604
0.184498
0.184380
0.184249
0.184105
0.183931
0.183708
0.183468
0.183212
0.182938
0.182648
0.182692
0.182985
0.183261
0.183520
0.183763
0.183988
0.184150
0.184295
0.184428
0.184548
0.184654
0.184747
0.184827
0.184894
0.184947
0.184987
0.185013
0.185027
0.185027
0.185013
0.184987
0.184947
0.184894
0.184827
0.184747
0.184654
0.184548
0.184428
0.184295
0.184150
0.183988
0.183763
0.183520
0.183261
0.182985
0.182692
0.182735
0.183031
0.183310
0.183572
0.183817
0.184034
0.184195
0.184342
0.184476
0.184597
0.184704
0.184798
0.184879
0.184946
0.185000
0.185041
0.185068
0.185081
0.185081
0.185068
0.185041
0.185000
0.184946
0.184879
0.184798
0.184704
0.184597
0.184476
0.184342
0.184195
0.184034
0.183817
0.183572
0.183310
0.183031
0.182735
0.182778
0.183077
0.183359
0.183624
0.183871
0.184077
0.184239
0.184388
0.184524
0.184646
0.184754
0.184850
0.184931
0.184999
0.185054
0.185095
0.185122
0.185135
0.185135
0.185122
0.185095
0.185054
0.184999
0.184931
0.184850
0.184754
0.184646
0.184524
0.184388
0.184239
0.184077
0.183871
0.183624
0.183359
0.183077
0.182778
0.182820
0.183122
0.183407
0.183675
0.183925
0.184120
0.184284
0.184434
0.184571
0.184695
0.184805
0.184901
0.184983
0.185052
0.185107
0.185148
0.185176
0.185190
0.185190
0.185176
0.185148
0.185107
0.185052
0.184983
0.184901
0.184805
0.184695
0.184571
0.184434
0.184284
0.184120
0.183925
0.183675
0.183407
0.183122
0.182820
0.182861
0.183167
0.183455
0.183725
0.183978
0.184163
0.184328
0.184480
0.184619
0.184744
0.184855
0.184952
0.185035
0.185105
0.185161
0.185202
0.185230
0.185244
0.185244
0.185230
0.185202
0.185161
0.185105
0.185035
0.184952
0.184855
0.184744
0.184619
0.184480
0.184328
0.184163
0.183978
0.183725
0.183455
0.183167
0.182861
0.182902
0.183211
0.183502
0.183775
0.184024
0.184205
0.184372
0.184526
0.184666
0.184792
0.184905
0.185003
0.185087
0.185158
0.185214
0.185256
0.185284
0.185298
0.185298
0.185284
0.185256
0.185214
0.185158
0.185087
0.185003
0.184905
0.184792
0.184666
0.184526
0.184372
0.184205
0.184024
0.183775
0.183502
0.183211
0.182902
0.182942
0.183254
0.183548
0.183825
0.184064
0.184247
0.184416
0.184572
0.184713
0.184841
0.184954
0.185054
0.185139
0.185210
0.185267
0.185310
0.185338
0.185353
0.185353
0.185338
0.185310
0.185267
0.185210
0.185139
0.185054
0.184954
0.184841
0.184713
0.184572
0.184416
0.184247
0.184064
0.183825
0.183548
0.183254
0.182942
0.182981
0.183297
0.183594
0.183874
0.184103
0.184289
0.184460
0.184617
0.184760
0.184889
0.185004
0.185105
0.185191
0.185263
0.185321
0.185364
0.185393
0.185407
0.185407
0.185393
0.185364
0.185321
0.185263
0.185191
0.185105
0.185004
0.184889
0.184760
0.184617
0.184460
0.184289
0.184103
0.183874
0.183594
0.183297
0.182981
0.183020
0.183339
0.183640
0.183923
0.184143
0.184330
0.184503
0.184662
0.184807
0.184938
0.185054
0.185156
0.185243
0.185316
0.185374
0.185418
0.185447
0.185461
0.185461
0.185447
0.185418
0.185374
0.185316
0.185243
0.185156
0.185054
0.184938
0.184807
0.184662
0.184503
0.184330
0.184143
0.183923
0.183640
0.183339
0.183020
0.183058
0.183380
0.183685
0.183971
0.184182
0.184371
0.184546
0.184707
0.184854
0.184986
0.185103
0.185206
0.185295
0.185368
0.185427
0.185471
0.185501
0.185516
0.185516
0.185501
0.185471
0.185427
0.185368
0.185295
0.185206
0.185103
0.184986
0.184854
0.184707
0.184546
0.184371
0.184182
0.183971
0.183685
0.183380
0.183058
0.183095
0.183421
0.183729
0.184014
0.184220
0.184412
0.184589
0.184752
0.184900
0.185034
0.185153
0.185257
0.185346
0.185421
0.185480
0.185525
0.185555
0.185570
0.185570
0.185555
0.185525
0.185480
0.185421
0.185346
0.185257
0.185153
0.185034
0.184900
0.184752
0.184589
0.184412
0.184220
0.184014
0.183729
0.183421
0.183095
0.183131
0.183461
0.183773
0.184050
0.184258
0.184452
0.184632
0.184797
0.184947
0.185082
0.185202
0.185308
0.185398
0.185473
0.185534
0.185579
0.185609
0.185624
0.185624
0.185609
0.185579
0.185534
0.185473
0.185398
0.185308
0.185202
0.185082
0.184947
0.184797
0.184632
0.184452
0.184258
0.184050
0.183773
0.183461
0.183131
0.183166
0.183501
0.183816
0.184085
0.184296
0.184493
0.184674
0.184841
0.184993
0.185130
0.185251
0.185358
0.185449
0.185526
0.185587
0.185633
0.185663
0.185679
0.185679
0.185663
0.185633
0.185587
0.185526
0.185449
0.185358
0.185251
0.185130
0.184993
0.184841
0.184674
0.184493
0.184296
0.184085
0.183816
0.183501
0.183166
0.183201
0.183539
0.183858
0.184120
0.184334
0.184532
0.184716
0.184885
0.185039
0.185177
0.185300
0.185408
0.185501
0.185578
0.185640
0.185687
0.185717
0.185733
0.185733
0.185717
0.185687
0.185640
0.185578
0.185501
0.185408
0.185300
0.185177
0.185039
0.184885
0.184716
0.184532
0.184334
0.184120
0.183858
0.183539
0.183201
0.183235
0.183577
0.183900
0.184155
0.184371
0.184572
0.184758
0.184929
0.185084
0.185224
0.185349
0.185459
0.185552
0.185631
0.185693
0.185740
0.185772
0.185787
0.185787
0.185772
0.185740
0.185693
0.185631
0.185552
0.185459
0.185349
0.185224
0.185084
0.184929
0.184758
0.184572
0.184371
0.184155
0.183900
0.183577
0.183235
0.183268
0.183614
0.183940
0.184189
0.184407
0.184611
0.184799
0.184972
0.185130
0.185272
0.185398
0.185509
0.185604
0.185683
0.185746
0.185794
0.185826
0.185842
0.185842
0.185826
0.185794
0.185746
0.185683
0.185604
0.185509
0.185398
0.185272
0.185130
0.184972
0.184799
0.184611
0.184407
0.184189
0.183940
0.183614
0.183268
0.183299
0.183650
0.183980
0.184222
0.184444
0.184650
0.184840
0.185016
0.185175
0.185319
0.185447
0.185559
0.185655
0.185735
0.185799
0.185848
0.185880
0.185896
0.185896
0.185880
0.185848
0.185799
0.185735
0.185655
0.185559
0.185447
0.185319
0.185175
0.185016
0.184840
0.184650
0.184444
0.184222
0.183980
0.183650
0.183299
0.183330
0.183685
0.184015
0.184255
0.184479
0.184688
0.184881
0.185058
0.185220
0.185366
0.185495
0.185609
0.185706
0.185787
0.185853
0.185901
0.185934
0.185950
0.185950
0.185934
0.185901
0.185853
0.185787
0.185706
0.185609
0.185495
0.185366
0.185220
0.185058
0.184881
0.184688
0.184479
0.184255
0.184015
0.183685
0.183330
0.183360
0.183719
0.184044
0.184287
0.184514
0.184726
0.184921
0.185101
0.185265
0.185412
0.185544
0.185659
0.185757
0.185840
0.185906
0.185955
0.185988
0.000000
0.000000
0.185988
0.185955
0.185906
0.185840
0.185757
0.185659
0.185544
0.185412
0.185265
0.185101
0.184921
0.184726
0.184514
0.184287
0.184044
0.183719
0.183360
0.183389
0.183752
0.184073
0.184319
0.184549
0.184763
0.184962
0.185144
0.185309
0.185459
0.185592
0.185708
0.185808
0.185892
0.185959
0.000000
0.000000
0.000000
0.000000
0.000000
0.000000
0.185959
0.185892
0.185808
0.185708
0.185592
0.185459
0.185309
0.185144
0.184962
0.184763
0.184549
0.184319
0.184073
0.183752
0.183389
0.183416
0.183785
0.184101
0.184350
0.184583
0.184800
0.185001
0.185186
0.185354
0.185505
0.185640
0.185758
0.185859
0.185944
0.000000
0.000000
0.000000
0.000000
0.000000
0.000000
0.000000
0.000000
0.185944
0.185859
0.185758
0.185640
0.185505
0.185354
0.185186
0.185001
0.184800
0.184583
0.184350
0.184101
0.183785
0.183416
0.183443
0.183816
0.184128
0.184381
0.184617
0.184837
0.185040
0.185227
0.185397
0.185551
0.185688
0.185807
0.185910
0.185996
0.000000
0.000000
0.000000
0.000000
0.000000
0.000000
0.000000
0.000000
0.185996
0.185910
0.185807
0.185688
0.185551
0.185397
0.185227
0.185040
0.184837
0.184617
0.184381
0.184128
0.183816
0.183443
0.183468
0.183846
0.184155
0.184411
0.184650
0.184873
0.185079
0.185269
0.185441
0.185597
0.185735
0.185857
0.185961
0.000000
0.000000
0.000000
0.000000
0.000000
0.000000
0.000000
0.000000
0.000000
0.000000
0.185961
0.185857
0.185735
0.185597
0.185441
0.185269
0.185079
0.184873
0.184650
0.184411
0.184155
0.183846
0.183468
0.183492
0.183875
0.184181
0.184440
0.184683
0.184909
0.185118
0.185310
0.185485
0.185642
0.185783
0.185906
0.000000
0.000000
0.000000
0.000000
0.000000
0.000000
0.000000
0.000000
0.000000
0.000000
0.000000
0.000000
0.185906
0.185783
0.185642
0.185485
0.185310
0.185118
0.184909
0.184683
0.184440
0.184181
0.183875
0.183492
0.183515
0.183903
0.184206
0.184469
0.184715
0.184944
0.185156
0.185350
0.185528
0.185688
0.185830
0.185955
0.000000
0.000000
0.000000
0.000000
0.000000
0.000000
0.000000
0.000000
0.000000
0.000000
0.000000
0.000000
0.185955
0.185830
0.185688
0.185528
0.185350
0.185156
0.184944
0.184715
0.184469
0.184206
0.183903
0.183515
0.183536
0.183930
0.184230
0.184496
0.184746
0.184978
0.185193
0.185390
0.185570
0.185733
0.185877
0.000000
0.000000
0.000000
0.000000
0.000000
0.000000
0.000000
0.000000
0.000000
0.000000
0.000000
0.000000
0.000000
0.000000
0.185877
0.185733
0.185570
0.185390
0.185193
0.184978
0.184746
0.184496
0.184230
0.183930
0.183536
0.183556
0.183955
0.184253
0.184524
0.184776
0.185012
0.185230
0.185430
0.185613
0.185777
0.185924
0.000000
0.000000
0.000000
0.000000
0.000000
0.000000
0.000000
0.000000
0.000000
0.000000
0.000000
0.000000
0.000000
0.000000
0.185924
0.185777
0.185613
0.185430
0.185230
0.185012
0.184776
0.184524
0.184253
0.183955
0.183556
0.183575
0.183980
0.184276
0.184550
0.184806
0.185045
0.185266
0.185470
0.185655
0.185822
0.185971
0.000000
0.000000
0.000000
0.000000
0.000000
0.000000
0.000000
0.000000
0.000000
0.000000
0.000000
0.000000
0.000000
0.000000
0.185971
0.185822
0.185655
0.185470
0.185266
0.185045
0.184806
0.184550
0.184276
0.183980
0.183575
0.183592
0.184002
0.184297
0.184575
0.184836
0.185078
0.185302
0.185509
0.185697
0.185866
0.000000
0.000000
0.000000
0.000000
0.000000
0.000000
0.000000
0.000000
0.000000
0.000000
0.000000
0.000000
0.000000
0.000000
0.000000
0.000000
0.185866
0.185697
0.185509
0.185302
0.185078
0.184836
0.184575
0.184297
0.184002
0.183592
0.183607
0.184018
0.184318
0.184600
0.184864
0.185110
0.185338
0.185547
0.185738
0.185910
0.000000
0.000000
0.000000
0.000000
0.000000
0.000000
0.000000
0.000000
0.000000
0.000000
0.000000
0.000000
0.000000
0.000000
0.000000
0.000000
0.185910
0.185738
0.185547
0.185338
0.185110
0.184864
0.184600
0.184318
0.184018
0.183607
0.183621
0.184033
0.184337
0.184624
0.184892
0.185141
0.185373
0.185585
0.185779
0.185954
0.000000
0.000000
0.000000
0.000000
0.000000
0.000000
0.000000
0.000000
0.000000
0.000000
0.000000
0.000000
0.000000
0.000000
0.000000
0.000000
0.185954
0.185779
0.185585
0.185373
0.185141
0.184892
0.184624
0.184337
0.184033
0.183621
0.183633
0.184047
0.184356
0.184646
0.184919
0.185172
0.185407
0.185623
0.185819
0.185997
0.000000
0.000000
0.000000
0.000000
0.000000
0.000000
0.000000
0.000000
0.000000
0.000000
0.000000
0.000000
0.000000
0.000000
0.000000
0.000000
0.185997
0.185819
0.185623
0.185407
0.185172
0.184919
0.184646
0.184356
0.184047
0.183633
0.183643
0.184060
0.184373
0.184668
0.184945
0.185202
0.185440
0.185660
0.185859
0.000000
0.000000
0.000000
0.000000
0.000000
0.000000
0.000000
0.000000
0.000000
0.000000
0.000000
0.000000
0.000000
0.000000
0.000000
0.000000
0.000000
0.000000
0.185859
0.185660
0.185440
0.185202
0.184945
0.184668
0.184373
0.184060
0.183643
0.183652
0.184071
0.184390
0.184689
0.184970
0.185231
0.185473
0.185696
0.185899
0.000000
0.000000
0.000000
0.000000
0.000000
0.000000
0.000000
0.000000
0.000000
0.000000
0.000000
0.000000
0.000000
0.000000
0.000000
0.000000
0.000000
0.000000
0.185899
0.185696
0.185473
0.185231
0.184970
0.184689
0.184390
0.184071
0.183652
0.183658
0.184081
0.184405
0.184709
0.184994
0.185260
0.185506
0.185732
0.185938
0.000000
0.000000
0.000000
0.000000
0.000000
0.000000
0.000000
0.000000
0.000000
0.000000
0.000000
0.000000
0.000000
0.000000
0.000000
0.000000
0.000000
0.000000
0.185938
0.185732
0.185506
0.185260
0.184994
0.184709
0.184405
0.184081
0.183658
0.183662
0.184090
0.184418
0.184727
0.185017
0.185287
0.185537
0.185767
0.185977
0.000000
0.000000
0.000000
0.000000
0.000000
0.000000
0.000000
0.000000
0.000000
0.000000
0.000000
0.000000
0.000000
0.000000
0.000000
0.000000
0.000000
0.000000
0.185977
0.185767
0.185537
0.185287
0.185017
0.184727
0.184418
0.184090
0.183662
0.183664
0.184097
0.184431
0.184745
0.185039
0.185314
0.185568
0.185802
0.000000
0.000000
0.000000
0.000000
0.000000
0.000000
0.000000
0.000000
0.000000
0.000000
0.000000
0.000000
0.000000
0.000000
0.000000
0.000000
0.000000
0.000000
0.000000
0.000000
0.185802
0.185568
0.185314
0.185039
0.184745
0.184431
0.184097
0.183664
0.183664
0.184103
0.184442
0.184761
0.185060
0.185339
0.185598
0.185836
0.000000
0.000000
0.000000
0.000000
0.000000
0.000000
0.000000
0.000000
0.000000
0.000000
0.000000
0.000000
0.000000
0.000000
0.000000
0.000000
0.000000
0.000000
0.000000
0.000000
0.185836
0.185598
0.185339
0.185060
0.184761
0.184442
0.184103
0.183664
0.183662
0.184107
0.184451
0.184776
0.185080
0.185364
0.185627
0.185869
0.000000
0.000000
0.000000
0.000000
0.000000
0.000000
0.000000
0.000000
0.000000
0.000000
0.000000
0.000000
0.000000
0.000000
0.000000
0.000000
0.000000
0.000000
0.000000
0.000000
0.185869
0.185627
0.185364
0.185080
0.184776
0.184451
0.184107
0.183662
0.183656
0.184109
0.184459
0.184789
0.185099
0.185388
0.185655
0.185901
0.000000
0.000000
0.000000
0.000000
0.000000
0.000000
0.000000
0.000000
0.000000
0.000000
0.000000
0.000000
0.000000
0.000000
0.000000
0.000000
0.000000
0.000000
0.000000
0.000000
0.185901
0.185655
0.185388
0.185099
0.184789
0.184459
0.184109
0.183656
0.183649
0.184109
0.184466
0.184801
0.185116
0.185410
0.185682
0.185933
0.000000
0.000000
0.000000
0.000000
0.000000
0.000000
0.000000
0.000000
0.000000
0.000000
0.000000
0.000000
0.000000
0.000000
0.000000
0.000000
0.000000
0.000000
0.000000
0.000000
0.185933
0.185682
0.185410
0.185116
0.184801
0.184466
0.184109
0.183649
0.183638
0.184108
0.184470
0.184812
0.185132
0.185431
0.185708
0.185964
0.000000
0.000000
0.000000
0.000000
0.000000
0.000000
0.000000
0.000000
0.000000
0.000000
0.000000
0.000000
0.000000
0.000000
0.000000
0.000000
0.000000
0.000000
0.000000
0.000000
0.185964
0.185708
0.185431
0.185132
0.184812
0.184470
0.184108
0.183638
0.183625
0.184104
0.184473
0.184821
0.185147
0.185452
0.185734
0.185993
0.000000
0.000000
0.000000
0.000000
0.000000
0.000000
0.000000
0.000000
0.000000
0.000000
0.000000
0.000000
0.000000
0.000000
0.000000
0.000000
0.000000
0.000000
0.000000
0.000000
0.185993
0.185734
0.185452
0.185147
0.184821
0.184473
0.184104
0.183625
0.183608
0.184098
0.184474
0.184828
0.185160
0.185470
0.185758
0.000000
0.000000
0.000000
0.000000
0.000000
0.000000
0.000000
0.000000
0.000000
0.000000
0.000000
0.000000
0.000000
0.000000
0.000000
0.000000
0.000000
0.000000
0.000000
0.000000
0.000000
0.000000
0.185758
0.185470
0.185160
0.184828
0.184474
0.184098
0.183608
0.183589
0.184091
0.184473
0.184834
0.185172
0.185488
0.185781
0.000000
0.000000
0.000000
0.000000
0.000000
0.000000
0.000000
0.000000
0.000000
0.000000
0.000000
0.000000
0.000000
0.000000
0.000000
0.000000
0.000000
0.000000
0.000000
0.000000
0.000000
0.000000
0.185781
0.185488
0.185172
0.184834
0.184473
0.184091
0.183589
0.183566
0.184080
0.184470
0.184837
0.185182
0.185504
0.185802
0.000000
0.000000
0.000000
0.000000
0.000000
0.000000
0.000000
0.000000
0.000000
0.000000
0.000000
0.000000
0.000000
0.000000
0.000000
0.000000
0.000000
0.000000
0.000000
0.000000
0.000000
0.000000
0.185802
0.185504
0.185182
0.184837
0.184470
0.184080
0.183566
0.183539
0.184068
0.184465
0.184839
0.185190
0.185518
0.185823
0.000000
0.000000
0.000000
0.000000
0.000000
0.000000
0.000000
0.000000
0.000000
0.000000
0.000000
0.000000
0.000000
0.000000
0.000000
0.000000
0.000000
0.000000
0.000000
0.000000
0.000000
0.000000
0.185823
0.185518
0.185190
0.184839
0.184465
0.184068
0.183539
0.183508
0.184052
0.184457
0.184838
0.185197
0.185531
0.185842
0.000000
0.000000
0.000000
0.000000
0.000000
0.000000
0.000000
0.000000
0.000000
0.000000
0.000000
0.000000
0.000000
0.000000
0.000000
0.000000
0.000000
0.000000
0.000000
0.000000
0.000000
0.000000
0.185842
0.185531
0.185197
0.184838
0.184457
0.184052
0.183508
0.183474
0.184034
0.184447
0.184836
0.185201
0.185542
0.185859
0.000000
0.000000
0.000000
0.000000
0.000000
0.000000
0.000000
0.000000
0.000000
0.000000
0.000000
0.000000
0.000000
0.000000
0.000000
0.000000
0.000000
0.000000
0.000000
0.000000
0.000000
0.000000
0.185859
0.185542
0.185201
0.184836
0.184447
0.184034
0.183474
0.183435
0.184013
0.184434
0.184831
0.185203
0.185552
0.185875
0.000000
0.000000
0.000000
0.000000
0.000000
0.000000
0.000000
0.000000
0.000000
0.000000
0.000000
0.000000
0.000000
0.000000
0.000000
0.000000
0.000000
0.000000
0.000000
0.000000
0.000000
0.000000
0.185875
0.185552
0.185203
0.184831
0.184434
0.184013
0.183435
0.183392
0.183986
0.184418
0.184823
0.185204
0.185559
0.185890
0.000000
0.000000
0.000000
0.000000
0.000000
0.000000
0.000000
0.000000
0.000000
0.000000
0.098036
0.098036
0.000000
0.000000
0.000000
0.000000
0.000000
0.000000
0.000000
0.000000
0.000000
0.000000
0.185890
0.185559
0.185204
0.184823
0.184418
0.183986
0.183392
0.183344
0.183950
0.184399
0.184813
0.185201
0.185565
0.185902
0.000000
0.000000
0.000000
0.000000
0.000000
0.000000
0.000000
0.000000
0.000000
0.098207
0.098406
0.098406
0.098207
0.000000
0.000000
0.000000
0.000000
0.000000
0.000000
0.000000
0.000000
0.000000
0.185902
0.185565
0.185201
0.184813
0.184399
0.183950
0.183344
0.183291
0.183909
0.184377
0.184800
0.185197
0.185568
0.185913
0.000000
0.000000
0.000000
0.000000
0.000000
0.000000
0.000000
0.000000
0.098164
0.098572
0.098776
0.098776
0.098572
0.098164
0.000000
0.000000
0.000000
0.000000
0.000000
0.000000
0.000000
0.000000
0.185913
0.185568
0.185197
0.184800
0.184377
0.183909
0.183291
0.183232
0.183863
0.184352
0.184784
0.185189
0.185569
0.185921
0.000000
0.000000
0.000000
0.000000
0.000000
0.000000
0.000000
0.000000
0.098520
0.098937
0.099146
0.099146
0.098937
0.098520
0.000000
0.000000
0.000000
0.000000
0.000000
0.000000
0.000000
0.000000
0.185921
0.185569
0.185189
0.184784
0.184352
0.183863
0.183232
0.183168
0.183812
0.184323
0.184764
0.185179
0.185567
0.185928
0.000000
0.000000
0.000000
0.000000
0.000000
0.000000
0.000000
0.098233
0.098874
0.099302
0.099516
0.099516
0.099302
0.098874
0.098233
0.000000
0.000000
0.000000
0.000000
0.000000
0.000000
0.000000
0.185928
0.185567
0.185179
0.184764
0.184323
0.183812
0.183168
0.183098
0.183756
0.184291
0.184741
0.185166
0.185563
0.185932
0.000000
0.000000
0.000000
0.000000
0.000000
0.000000
0.000000
0.098570
0.099228
0.099667
0.099887
0.099887
0.099667
0.099228
0.098570
0.000000
0.000000
0.000000
0.000000
0.000000
0.000000
0.000000
0.185932
0.185563
0.185166
0.184741
0.184291
0.183756
0.183098
0.183021
0.183694
0.184254
0.184715
0.185149
0.185555
0.185934
0.000000
0.000000
0.000000
0.000000
0.000000
0.000000
0.098009
0.098906
0.099581
0.100030
0.100251
0.100251
0.100030
0.099581
0.098906
0.098009
0.000000
0.000000
0.000000
0.000000
0.000000
0.000000
0.185934
0.185555
0.185149
0.184715
0.184254
0.183694
0.183021
0.182937
0.183625
0.184213
0.184684
0.185129
0.185545
0.185933
0.000000
0.000000
0.000000
0.000000
0.000000
0.000000
0.098318
0.099240
0.099932
0.100386
0.100613
0.100613
0.100386
0.099932
0.099240
0.098318
0.000000
0.000000
0.000000
0.000000
0.000000
0.000000
0.185933
0.185545
0.185129
0.184684
0.184213
0.183625
0.182937
0.182846
0.183550
0.184167
0.184650
0.185105
0.185531
0.185929
0.000000
0.000000
0.000000
0.000000
0.000000
0.000000
0.098624
0.099571
0.100277
0.100742
0.100975
0.100975
0.100742
0.100277
0.099571
0.098624
0.000000
0.000000
0.000000
0.000000
0.000000
0.000000
0.185929
0.185531
0.185105
0.184650
0.184167
0.183550
0.182846
0.182747
0.183467
0.184116
0.184611
0.185077
0.185514
0.185922
0.000000
0.000000
0.000000
0.000000
0.000000
0.000000
0.098927
0.099900
0.100619
0.101097
0.101337
0.101337
0.101097
0.100619
0.099900
0.098927
0.000000
0.000000
0.000000
0.000000
0.000000
0.000000
0.185922
0.185514
0.185077
0.184611
0.184116
0.183467
0.182747
0.182640
0.183376
0.184060
0.184566
0.185045
0.185493
0.185911
0.000000
0.000000
0.000000
0.000000
0.000000
0.000000
0.099225
0.100222
0.100959
0.101452
0.101698
0.101698
0.101452
0.100959
0.100222
0.099225
0.000000
0.000000
0.000000
0.000000
0.000000
0.000000
0.185911
0.185493
0.185045
0.184566
0.184060
0.183376
0.182640
0.182523
0.183278
0.183997
0.184517
0.185008
0.185468
0.185897
0.000000
0.000000
0.000000
0.000000
0.000000
0.098235
0.099520
0.100539
0.101299
0.101806
0.102059
0.102059
0.101806
0.101299
0.100539
0.099520
0.098235
0.000000
0.000000
0.000000
0.000000
0.000000
0.185897
0.185468
0.185008
0.184517
0.183997
0.183278
0.182523
0.182397
0.183170
0.183907
0.184462
0.184966
0.185438
0.185879
0.000000
0.000000
0.000000
0.000000
0.000000
0.098485
0.099809
0.100854
0.101637
0.102156
0.102413
0.102413
0.102156
0.101637
0.100854
0.099809
0.098485
0.000000
0.000000
0.000000
0.000000
0.000000
0.185879
0.185438
0.184966
0.184462
0.183907
0.183170
0.182397
0.182260
0.183052
0.183808
0.184401
0.184918
0.185404
0.185857
0.000000
0.000000
0.000000
0.000000
0.000000
0.098728
0.100091
0.101165
0.101973
0.102502
0.102766
0.102766
0.102502
0.101973
0.101165
0.100091
0.098728
0.000000
0.000000
0.000000
0.000000
0.000000
0.185857
0.185404
0.184918
0.184401
0.183808
0.183052
0.182260
0.182112
0.182924
0.183700
0.184333
0.184864
0.185364
0.185830
0.000000
0.000000
0.000000
0.000000
0.000000
0.098962
0.100364
0.101472
0.102301
0.102846
0.103120
0.103120
0.102846
0.102301
0.101472
0.100364
0.098962
0.000000
0.000000
0.000000
0.000000
0.000000
0.185830
0.185364
0.184864
0.184333
0.183700
0.182924
0.182112
0.181943
0.182785
0.183581
0.184258
0.184804
0.185318
0.185799
0.000000
0.000000
0.000000
0.000000
0.000000
0.099186
0.100630
0.101776
0.102626
0.103190
0.103473
0.103473
0.103190
0.102626
0.101776
0.100630
0.099186
0.000000
0.000000
0.000000
0.000000
0.000000
0.185799
0.185318
0.184804
0.184258
0.183581
0.182785
0.181943
0.181739
0.182634
0.183452
0.184175
0.184737
0.185266
0.185761
0.000000
0.000000
0.000000
0.000000
0.000000
0.099401
0.100889
0.102075
0.102949
0.103534
0.103827
0.103827
0.103534
0.102949
0.102075
0.100889
0.099401
0.000000
0.000000
0.000000
0.000000
0.000000
0.185761
0.185266
0.184737
0.184175
0.183452
0.182634
0.181739
0.181519
0.182469
0.183310
0.184084
0.184662
0.185208
0.185718
0.000000
0.000000
0.000000
0.000000
0.000000
0.099605
0.101141
0.102363
0.103270
0.103876
0.104176
0.104176
0.103876
0.103270
0.102363
0.101141
0.099605
0.000000
0.000000
0.000000
0.000000
0.000000
0.185718
0.185208
0.184662
0.184084
0.183310
0.182469
0.181519
0.181280
0.182290
0.183154
0.183978
0.184579
0.185141
0.185668
0.000000
0.000000
0.000000
0.000000
0.000000
0.099795
0.101385
0.102647
0.103588
0.104213
0.104522
0.104522
0.104213
0.103588
0.102647
0.101385
0.099795
0.000000
0.000000
0.000000
0.000000
0.000000
0.185668
0.185141
0.184579
0.183978
0.183154
0.182290
0.181280
0.181022
0.182096
0.182985
0.183833
0.184487
0.185067
0.185611
0.000000
0.000000
0.000000
0.000000
0.000000
0.099972
0.101619
0.102925
0.103903
0.104546
0.104867
0.104867
0.104546
0.103903
0.102925
0.101619
0.099972
0.000000
0.000000
0.000000
0.000000
0.000000
0.185611
0.185067
0.184487
0.183833
0.182985
0.182096
0.181022
0.180744
0.181865
0.182799
0.183673
0.184384
0.184983
0.185545
0.000000
0.000000
0.000000
0.000000
0.098052
0.100131
0.101843
0.103197
0.104211
0.104878
0.105212
0.105212
0.104878
0.104211
0.103197
0.101843
0.100131
0.098052
0.000000
0.000000
0.000000
0.000000
0.185545
0.184983
0.184384
0.183673
0.182799
0.181865
0.180744
0.180442
0.181595
0.182597
0.183498
0.184271
0.184889
0.185471
0.000000
0.000000
0.000000
0.000000
0.098110
0.100271
0.102054
0.103461
0.104512
0.105208
0.105557
0.105557
0.105208
0.104512
0.103461
0.102054
0.100271
0.098110
0.000000
0.000000
0.000000
0.000000
0.185471
0.184889
0.184271
0.183498
0.182597
0.181595
0.180442
0.180115
0.181301
0.182376
0.183305
0.184145
0.184785
0.185387
0.185949
0.000000
0.000000
0.000000
0.098141
0.100392
0.102248
0.103718
0.104810
0.105537
0.105902
0.105902
0.105537
0.104810
0.103718
0.102248
0.100392
0.098141
0.000000
0.000000
0.000000
0.185949
0.185387
0.184785
0.184145
0.183305
0.182376
0.181301
0.180115
0.179731
0.180982
0.182134
0.183093
0.184006
0.184668
0.185292
0.185875
0.000000
0.000000
0.000000
0.098143
0.100491
0.102427
0.103965
0.105102
0.105864
0.106241
0.106241
0.105864
0.105102
0.103965
0.102427
0.100491
0.098143
0.000000
0.000000
0.000000
0.185875
0.185292
0.184668
0.184006
0.183093
0.182134
0.180982
0.179731
0.179297
0.180635
0.181847
0.182860
0.183806
0.184537
0.185184
0.185790
0.000000
0.000000
0.000000
0.098109
0.100565
0.102590
0.104197
0.105390
0.106185
0.106578
0.106578
0.106185
0.105390
0.104197
0.102590
0.100565
0.098109
0.000000
0.000000
0.000000
0.185790
0.185184
0.184537
0.183806
0.182860
0.181847
0.180635
0.179297
0.178828
0.180258
0.181508
0.182604
0.183582
0.184392
0.185063
0.185694
0.000000
0.000000
0.000000
0.098036
0.100610
0.102733
0.104417
0.105671
0.106501
0.106915
0.106915
0.106501
0.105671
0.104417
0.102733
0.100610
0.098036
0.000000
0.000000
0.000000
0.185694
0.185063
0.184392
0.183582
0.182604
0.181508
0.180258
0.178828
0.178320
0.179827
0.181136
0.182322
0.183335
0.184229
0.184927
0.185583
0.000000
0.000000
0.000000
0.000000
0.100622
0.102853
0.104622
0.105945
0.106815
0.107251
0.107251
0.106815
0.105945
0.104622
0.102853
0.100622
0.000000
0.000000
0.000000
0.000000
0.185583
0.184927
0.184229
0.183335
0.182322
0.181136
0.179827
0.178320
0.177742
0.179321
0.180729
0.182011
0.183060
0.184048
0.184773
0.185457
0.000000
0.000000
0.000000
0.000000
0.100595
0.102946
0.104812
0.106205
0.107125
0.107587
0.107587
0.107125
0.106205
0.104812
0.102946
0.100595
0.000000
0.000000
0.000000
0.000000
0.185457
0.184773
0.184048
0.183060
0.182011
0.180729
0.179321
0.177742
0.177078
0.178769
0.180284
0.181611
0.182756
0.183797
0.184600
0.185313
0.185980
0.000000
0.000000
0.000000
0.100522
0.103009
0.104982
0.106455
0.107431
0.107922
0.107922
0.107431
0.106455
0.104982
0.103009
0.100522
0.000000
0.000000
0.000000
0.185980
0.185313
0.184600
0.183797
0.182756
0.181611
0.180284
0.178769
0.177078
0.176357
0.178167
0.179770
0.181169
0.182419
0.183500
0.184405
0.185149
0.185847
0.000000
0.000000
0.000000
0.100396
0.103034
0.105130
0.106693
0.107733
0.108251
0.108251
0.107733
0.106693
0.105130
0.103034
0.100396
0.000000
0.000000
0.000000
0.185847
0.185149
0.184405
0.183500
0.182419
0.181169
0.179770
0.178167
0.176357
0.175534
0.177458
0.179164
0.180680
0.182045
0.183168
0.184185
0.184962
0.185694
0.000000
0.000000
0.000000
0.100207
0.103015
0.105249
0.106916
0.108030
0.108578
0.108578
0.108030
0.106916
0.105249
0.103015
0.100207
0.000000
0.000000
0.000000
0.185694
0.184962
0.184185
0.183168
0.182045
0.180680
0.179164
0.177458
0.175534
0.174604
0.176663
0.178501
0.180142
0.181564
0.182797
0.183917
0.184750
0.185517
0.000000
0.000000
0.000000
0.099940
0.102943
0.105336
0.107122
0.108314
0.108905
0.108905
0.108314
0.107122
0.105336
0.102943
0.099940
0.000000
0.000000
0.000000
0.185517
0.184750
0.183917
0.182797
0.181564
0.180142
0.178501
0.176663
0.174604
0.173564
0.175777
0.177748
0.179488
0.181021
0.182381
0.183548
0.184506
0.185313
0.000000
0.000000
0.000000
0.099574
0.102805
0.105381
0.107307
0.108590
0.109230
0.109230
0.108590
0.107307
0.105381
0.102805
0.099574
0.000000
0.000000
0.000000
0.185313
0.184506
0.183548
0.182381
0.181021
0.179488
0.177748
0.175777
0.173564
0.172384
0.174741
0.176861
0.178746
0.180418
0.181900
0.183132
0.184229
0.185076
0.185874
0.000000
0.000000
0.099092
0.102587
0.105374
0.107464
0.108855
0.109554
0.109554
0.108855
0.107464
0.105374
0.102587
0.099092
0.000000
0.000000
0.185874
0.185076
0.184229
0.183132
0.181900
0.180418
0.178746
0.176861
0.174741
0.172384
0.171054
0.173582
0.175877
0.177918
0.179713
0.181285
0.182661
0.183883
0.184801
0.185644
0.000000
0.000000
0.098467
0.102266
0.105301
0.107585
0.109108
0.109877
0.109877
0.109108
0.107585
0.105301
0.102266
0.098467
0.000000
0.000000
0.185644
0.184801
0.183883
0.182661
0.181285
0.179713
0.177918
0.175877
0.173582
0.171054
0.169575
0.172256
0.174708
0.176912
0.178868
0.180596
0.182127
0.183406
0.184483
0.185374
0.000000
0.000000
0.000000
0.101811
0.105142
0.107660
0.109344
0.110193
0.110193
0.109344
0.107660
0.105142
0.101811
0.000000
0.000000
0.000000
0.185374
0.184483
0.183406
0.182127
0.180596
0.178868
0.176912
0.174708
0.172256
0.169575
0.167935
0.170745
0.173383
0.175784
0.177921
0.179800
0.181439
0.182858
0.184113
0.185055
0.185947
0.000000
0.000000
0.101177
0.104870
0.107672
0.109555
0.110504
0.110504
0.109555
0.107672
0.104870
0.101177
0.000000
0.000000
0.185947
0.185055
0.184113
0.182858
0.181439
0.179800
0.177921
0.175784
0.173383
0.170745
0.167935
0.166147
0.169056
0.171866
0.174444
0.176761
0.178819
0.180633
0.182231
0.183584
0.184678
0.185627
0.000000
0.000000
0.100314
0.104444
0.107596
0.109733
0.110810
0.110810
0.109733
0.107596
0.104444
0.100314
0.000000
0.000000
0.185627
0.184678
0.183584
0.182231
0.180633
0.178819
0.176761
0.174444
0.171866
0.169056
0.166147
0.164246
0.167188
0.170122
0.172890
0.175424
0.177689
0.179684
0.181426
0.182928
0.184231
0.185240
0.000000
0.000000
0.099125
0.103797
0.107394
0.109861
0.111112
0.111112
0.109861
0.107394
0.103797
0.099125
0.000000
0.000000
0.185240
0.184231
0.182928
0.181426
0.179684
0.177689
0.175424
0.172890
0.170122
0.167188
0.164246
0.162269
0.165168
0.168162
0.171097
0.173852
0.176323
0.178518
0.180457
0.182165
0.183609
0.184771
0.185798
0.000000
0.000000
0.102823
0.107001
0.109910
0.111403
0.111403
0.109910
0.107001
0.102823
0.000000
0.000000
0.185798
0.184771
0.183609
0.182165
0.180457
0.178518
0.176323
0.173852
0.171097
0.168162
0.165168
0.162269
0.160254
0.163044
0.166008
0.169047
0.171993
0.174688
0.177114
0.179266
0.181154
0.182789
0.184204
0.185298
0.000000
0.000000
0.101366
0.106304
0.109825
0.111679
0.111679
0.109825
0.106304
0.101366
0.000000
0.000000
0.185298
0.184204
0.182789
0.181154
0.179266
0.177114
0.174688
0.171993
0.169047
0.166008
0.163044
0.160254
0.158226
0.160867
0.163721
0.166758
0.169827
0.172746
0.175424
0.177826
0.179946
0.181793
0.183370
0.184677
0.185806
0.000000
0.099143
0.105076
0.109489
0.111920
0.111920
0.109489
0.105076
0.099143
0.000000
0.185806
0.184677
0.183370
0.181793
0.179946
0.177826
0.175424
0.172746
0.169827
0.166758
0.163721
0.160867
0.158226
0.156185
0.158677
0.161370
0.164289
0.167376
0.170458
0.173372
0.176037
0.178384
0.180464
0.182294
0.183881
0.185104
0.000000
0.000000
0.102886
0.108615
0.112076
0.112076
0.108615
0.102886
0.000000
0.000000
0.185104
0.183881
0.182294
0.180464
0.178384
0.176037
0.173372
0.170458
0.167376
0.164289
0.161370
0.158677
0.156185
0.154103
0.156483
0.159006
0.161735
0.164709
0.167826
0.170913
0.173828
0.176450
0.178782
0.180846
0.182649
0.184210
0.185443
0.000000
0.098880
0.106359
0.111904
0.111904
0.106359
0.098880
0.000000
0.185443
0.184210
0.182649
0.180846
0.178782
0.176450
0.173828
0.170913
0.167826
0.164709
0.161735
0.159006
0.156483
0.154103
0.151921
0.154257
0.156647
0.159184
0.161930
0.164930
0.168057
0.171145
0.174052
0.176652
0.178975
0.181027
0.182816
0.184350
0.185601
0.000000
0.100487
0.108450
0.108450
0.100487
0.000000
0.185601
0.184350
0.182816
0.181027
0.178975
0.176652
0.174052
0.171145
0.168057
0.164930
0.161930
0.159184
0.156647
0.154257
0.151921
