0.183670
0.183919
0.184118
0.184287
0.184446
0.184594
0.184731
0.184857
0.184972
0.185077
0.185169
0.185251
0.185320
0.185379
0.185426
0.185461
0.185484
0.185496
0.185496
0.185484
0.185461
0.185426
0.185379
0.185320
0.185251
0.185169
0.185077
0.184972
0.184857
0.184731
0.184594
0.184446
0.184287
0.184118
0.183919
0.183670
0.182879
0.183132
0.183372
0.183598
0.183810
0.184006
0.184146
0.184274
0.184392
0.184498
0.184592
0.184675
0.184746
0.184806
0.184853
0.184889
0.184913
0.184925
0.184925
0.184913
0.184889
0.184853
0.184806
0.184746
0.184675
0.184592
0.184498
0.184392
0.184274
0.184146
0.184006
0.183810
0.183598
0.183372
0.183132
0.182879
0.182087
0.182345
0.182589
0.182819
0.183035
0.183236
0.183423
0.183595
0.183751
0.183893
0.184015
0.184099
0.184172
0.184232
0.184281
0.184317
0.184342
0.184354
0.184354
0.184342
0.184317
0.184281
0.184232
0.184172
0.184099
0.184015
0.183893
0.183751
0.183595
0.183423
0.183236
0.183035
0.182819
0.182589
0.182345
0.182087
0.181168
0.181477
0.181769
0.182038
0.182258
0.182463
0.182653
0.182828
0.182988
0.183133
0.183261
0.183374
0.183471
0.183552
0.183617
0.183666
0.183699
0.183715
0.183715
0.183699
0.183666
0.183617
0.183552
0.183471
0.183374
0.183261
0.183133
0.182988
0.182828
0.182653
0.182463
0.182258
0.182038
0.181769
0.181477
0.181168
0.180233
0.180547
0.180845
0.181125
0.181389
0.181635
0.181863
0.182062
0.182225
0.182372
0.182503
0.182618
0.182717
0.182800
0.182866
0.182916
0.182949
0.182966
0.182966
0.182949
0.182916
0.182866
0.182800
0.182717
0.182618
0.182503
0.182372
0.182225
0.182062
0.181863
0.181635
0.181389
0.181125
0.180845
0.180547
0.180233
0.179202
0.179564
0.179907
0.180204
0.180473
0.180723
0.180956
0.181170
0.181365
0.181542
0.181699
0.181837
0.181956
0.182047
0.182115
0.182166
0.182200
0.182217
0.182217
0.182200
0.182166
0.182115
0.182047
0.181956
0.181837
0.181699
0.181542
0.181365
0.181170
0.180956
0.180723
0.180473
0.180204
0.179907
0.179564
0.179202
0.178138
0.178507
0.178857
0.179187
0.179496
0.179786
0.180048
0.180266
0.180465
0.180646
0.180806
0.180947
0.181069
0.181170
0.181251
0.181312
0.181353
0.181373
0.181373
0.181353
0.181312
0.181251
0.181170
0.181069
0.180947
0.180806
0.180646
0.180465
0.180266
0.180048
0.179786
0.179496
0.179187
0.178857
0.178507
0.178138
0.176968
0.177386
0.177782
0.178140
0.178456
0.178751
0.179025
0.179277
0.179507
0.179716
0.179901
0.180057
0.180181
0.180284
0.180367
0.180429
0.180471
0.180492
0.180492
0.180471
0.180429
0.180367
0.180284
0.180181
0.180057
0.179901
0.179716
0.179507
0.179277
0.179025
0.178751
0.178456
0.178140
0.177782
0.177386
0.176968
0.175759
0.176206
0.176610
0.176991
0.177349
0.177684
0.177994
0.178252
0.178487
0.178700
0.178889
0.179056
0.179199
0.179319
0.179415
0.179487
0.179535
0.179559
0.179559
0.179535
0.179487
0.179415
0.179319
0.179199
0.179056
0.178889
0.178700
0.178487
0.178252
0.177994
0.177684
0.177349
0.176991
0.176610
0.176206
0.175759
0.174455
0.174931
0.175382
0.175807
0.176189
0.176531
0.176848
0.177140
0.177407
0.177648
0.177863
0.178047
0.178194
0.178316
0.178414
0.178488
0.178537
0.178561
0.178561
0.178537
0.178488
0.178414
0.178316
0.178194
0.178047
0.177863
0.177648
0.177407
0.177140
0.176848
0.176531
0.176189
0.175807
0.175382
0.174931
0.174455
0.173081
0.173604
0.174092
0.174527
0.174935
0.175317
0.175671
0.175998
0.176271
0.176517
0.176737
0.176931
0.177097
0.177236
0.177348
0.177431
0.177487
0.177515
0.177515
0.177487
0.177431
0.177348
0.177236
0.177097
0.176931
0.176737
0.176517
0.176271
0.175998
0.175671
0.175317
0.174935
0.174527
0.174092
0.173604
0.173081
0.171650
0.172202
0.172707
0.173185
0.173634
0.174050
0.174412
0.174746
0.175051
0.175327
0.175574
0.175790
0.175977
0.176121
0.176235
0.176321
0.176378
0.176407
0.176407
0.176378
0.176321
0.176235
0.176121
0.175977
0.175790
0.175574
0.175327
0.175051
0.174746
0.174412
0.174050
0.173634
0.173185
0.172707
0.172202
0.171650
0.170153
0.170728
0.171273
0.171788
0.172258
0.172687
0.173086
0.173454
0.173790
0.174087
0.174339
0.174561
0.174752
0.174911
0.175039
0.175135
0.175199
0.175231
0.175231
0.175199
0.175135
0.175039
0.174911
0.174752
0.174561
0.174339
0.174087
0.173790
0.173454
0.173086
0.172687
0.172258
0.171788
0.171273
0.170728
0.170153
0.168608
0.169214
0.169788
0.170321
0.170817
0.171280
0.171710
0.172102
0.172446
0.172757
0.173035
0.173280
0.173490
0.173666
0.173807
0.173913
0.173984
0.174018
0.174018
0.173984
0.173913
0.173807
0.173666
0.173490
0.173280
0.173035
0.172757
0.172446
0.172102
0.171710
0.171280
0.170817
0.170321
0.169788
0.169214
0.168608
0.167046
0.167669
0.168258
0.168814
0.169336
0.169825
0.170271
0.170678
0.171050
0.171386
0.171687
0.171951
0.172170
0.172350
0.172494
0.172603
0.172676
0.172712
0.172712
0.172676
0.172603
0.172494
0.172350
0.172170
0.171951
0.171687
0.171386
0.171050
0.170678
0.170271
0.169825
0.169336
0.168814
0.168258
0.167669
0.167046
0.165482
0.166109
0.166714
0.167286
0.167824
0.168326
0.168791
0.169221
0.169614
0.169971
0.170280
0.170551
0.170784
0.170979
0.171136
0.171254
0.171332
0.171372
0.171372
0.171332
0.171254
0.171136
0.170979
0.170784
0.170551
0.170280
0.169971
0.169614
0.169221
0.168791
0.168326
0.167824
0.167286
0.166714
0.166109
0.165482
0.163934
0.164570
0.165178
0.165752
0.166299
0.166815
0.167295
0.167738
0.168143
0.168508
0.168835
0.169122
0.169369
0.169576
0.169741
0.169866
0.169950
0.169991
0.169991
0.169950
0.169866
0.169741
0.169576
0.169369
0.169122
0.168835
0.168508
0.168143
0.167738
0.167295
0.166815
0.166299
0.165752
0.165178
0.164570
0.163934
0.162438
0.163066
0.163662
0.164236
0.164791
0.165310
0.165793
0.166244
0.166660
0.167037
0.167375
0.167671
0.167927
0.168140
0.168310
0.168438
0.168524
0.168567
0.168567
0.168524
0.168438
0.168310
0.168140
0.167927
0.167671
0.167375
0.167037
0.166660
0.166244
0.165793
0.165310
0.164791
0.164236
0.163662
0.163066
0.162438
0.160995
0.161601
0.162188
0.162766
0.163311
0.163822
0.164310
0.164768
0.165188
0.165568
0.165908
0.166212
0.166474
0.166694
0.166870
0.167003
0.167091
0.167136
0.167136
0.167091
0.167003
0.166870
0.166694
0.166474
0.166212
0.165908
0.165568
0.165188
0.164768
0.164310
0.163822
0.163311
0.162766
0.162188
0.161601
0.160995
0.159597
0.160190
0.160780
0.161339
0.161866
0.162382
0.162871
0.163322
0.163736
0.164115
0.164465
0.164773
0.165038
0.165260
0.165438
0.165572
0.165661
0.165706
0.165706
0.165661
0.165572
0.165438
0.165260
0.165038
0.164773
0.164465
0.164115
0.163736
0.163322
0.162871
0.162382
0.161866
0.161339
0.160780
0.160190
0.159597
0.158256
0.158850
0.159416
0.159953
0.160490
0.160998
0.161471
0.161908
0.162328
0.162713
0.163058
0.163362
0.163624
0.163844
0.164021
0.164159
0.164251
0.164297
0.164297
0.164251
0.164159
0.164021
0.163844
0.163624
0.163362
0.163058
0.162713
0.162328
0.161908
0.161471
0.160998
0.160490
0.159953
0.159416
0.158850
0.158256
0.156972
0.157544
0.158095
0.158646
0.159165
0.159653
0.160115
0.160565
0.160977
0.161352
0.161687
0.161982
0.162251
0.162477
0.162658
0.162795
0.162886
0.162932
0.162932
0.162886
0.162795
0.162658
0.162477
0.162251
0.161982
0.161687
0.161352
0.160977
0.160565
0.160115
0.159653
0.159165
0.158646
0.158095
0.157544
0.156972
0.155709
0.156282
0.156841
0.157372
0.157874
0.158367
0.158834
0.159267
0.159665
0.160027
0.160372
0.160677
0.160939
0.161159
0.161336
0.161469
0.161558
0.161602
0.161602
0.161558
0.161469
0.161336
0.161159
0.160939
0.160677
0.160372
0.160027
0.159665
0.159267
0.158834
0.158367
0.157874
0.157372
0.156841
0.156282
0.155709
0.154479
0.155055
0.155604
0.156131
0.156647
0.157131
0.157583
0.158002
0.158411
0.158783
0.159116
0.159410
0.159663
0.159876
0.160050
0.160187
0.160279
0.160325
0.160325
0.160279
0.160187
0.160050
0.159876
0.159663
0.159410
0.159116
0.158783
0.158411
0.158002
0.157583
0.157131
0.156647
0.156131
0.155604
0.155055
0.154479
0.153251
0.153833
0.154395
0.154931
0.155438
0.155915
0.156376
0.156808
0.157204
0.157565
0.157888
0.158184
0.158446
0.158665
0.158842
0.158974
0.159063
0.159108
0.159108
0.159063
0.158974
0.158842
0.158665
0.158446
0.158184
0.157888
0.157565
0.157204
0.156808
0.156376
0.155915
0.155438
0.154931
0.154395
0.153833
0.153251
0.152020
0.152618
0.153189
0.153733
0.154250
0.154741
0.155200
0.155626
0.156018
0.156390
0.156724
0.157018
0.157273
0.157486
0.157658
0.157787
0.157874
0.157917
0.157917
0.157874
0.157787
0.157658
0.157486
0.157273
0.157018
0.156724
0.156390
0.156018
0.155626
0.155200
0.154741
0.154250
0.153733
0.153189
0.152618
0.152020
0.150752
0.151380
0.151980
0.152539
0.153069
0.153567
0.154035
0.154474
0.154878
0.155246
0.155576
0.155868
0.156125
0.156346
0.156524
0.156658
0.156747
0.156792
0.156792
0.156747
0.156658
0.156524
0.156346
0.156125
0.155868
0.155576
0.155246
0.154878
0.154474
0.154035
0.153567
0.153069
0.152539
0.151980
0.151380
0.150752
0.149441
0.150117
0.150734
0.151322
0.151880
0.152397
0.152878
0.153325
0.153737
0.154114
0.154456
0.154758
0.155019
0.155238
0.155415
0.155548
0.155637
0.155681
0.155681
0.155637
0.155548
0.155415
0.155238
0.155019
0.154758
0.154456
0.154114
0.153737
0.153325
0.152878
0.152397
0.151880
0.151322
0.150734
0.150117
0.149441
0.148074
0.148775
0.149447
0.150084
0.150658
0.151201
0.151709
0.152178
0.152604
0.152992
0.153341
0.153650
0.153917
0.154144
0.154327
0.154465
0.154558
0.154604
0.154604
0.154558
0.154465
0.154327
0.154144
0.153917
0.153650
0.153341
0.152992
0.152604
0.152178
0.151709
0.151201
0.150658
0.150084
0.149447
0.148775
0.148074
0.146577
0.147362
0.148106
0.148766
0.149394
0.149986
0.150512
0.151001
0.151452
0.151864
0.152229
0.152550
0.152828
0.153061
0.153249
0.153391
0.153486
0.153533
0.153533
0.153486
0.153391
0.153249
0.153061
0.152828
0.152550
0.152229
0.151864
0.151452
0.151001
0.150512
0.149986
0.149394
0.148766
0.148106
0.147362
0.146577
0.144959
0.145852
0.146641
0.147382
0.148079
0.148691
0.149267
0.149803
0.150281
0.150708
0.151093
0.151434
0.151729
0.151978
0.152174
0.152322
0.152421
0.152470
0.152470
0.152421
0.152322
0.152174
0.151978
0.151729
0.151434
0.151093
0.150708
0.150281
0.149803
0.149267
0.148691
0.148079
0.147382
0.146641
0.145852
0.144959
0.143178
0.144180
0.145062
0.145907
0.146643
0.147332
0.147980
0.148537
0.149050
0.149520
0.149944
0.150302
0.150609
0.150868
0.151077
0.151235
0.151341
0.151394
0.151394
0.151341
0.151235
0.151077
0.150868
0.150609
0.150302
0.149944
0.149520
0.149050
0.148537
0.147980
0.147332
0.146643
0.145907
0.145062
0.144180
0.143178
0.141185
0.142317
0.143329
0.144269
0.145100
0.145888
0.146569
0.147196
0.147777
0.148283
0.148724
0.149116
0.149456
0.149742
0.149973
0.150140
0.150250
0.150306
0.150306
0.150250
0.150140
0.149973
0.149742
0.149456
0.149116
0.148724
0.148283
0.147777
0.147196
0.146569
0.145888
0.145100
0.144269
0.143329
0.142317
0.141185
0.138934
0.140235
0.141394
0.142455
0.143411
0.144286
0.145056
0.145776
0.146401
0.146954
0.147454
0.147899
0.148263
0.148562
0.148804
0.148987
0.149110
0.149172
0.149172
0.149110
0.148987
0.148804
0.148562
0.148263
0.147899
0.147454
0.146954
0.146401
0.145776
0.145056
0.144286
0.143411
0.142455
0.141394
0.140235
0.138934
0.136395
0.137884
0.139211
0.140432
0.141530
0.142517
0.143406
0.144214
0.144909
0.145547
0.146113
0.146578
0.146983
0.147325
0.147601
0.147810
0.147951
0.148020
0.148020
0.147951
0.147810
0.147601
0.147325
0.146983
0.146578
0.146113
0.145547
0.144909
0.144214
0.143406
0.142517
0.141530
0.140432
0.139211
0.137884
0.136395
0.133519
0.135206
0.136747
0.138160
0.139413
0.140550
0.141575
0.142483
0.143289
0.144027
0.144632
0.145170
0.145640
0.146034
0.146325
0.146545
0.146693
0.146767
0.146767
0.146693
0.146545
0.146325
0.146034
0.145640
0.145170
0.144632
0.144027
0.143289
0.142483
0.141575
0.140550
0.139413
0.138160
0.136747
0.135206
0.133519
0.130305
0.132220
0.133984
0.135578
0.137025
0.138345
0.139519
0.140565
0.141499
0.142324
0.143029
0.143658
0.144187
0.144605
0.144944
0.145202
0.145374
0.145461
0.145461
0.145374
0.145202
0.144944
0.144605
0.144187
0.143658
0.143029
0.142324
0.141499
0.140565
0.139519
0.138345
0.137025
0.135578
0.133984
0.132220
0.130305
0.126750
0.128880
0.130858
0.132679
0.134347
0.135861
0.137205
0.138423
0.139499
0.140447
0.141268
0.142003
0.142582
0.143073
0.143473
0.143776
0.143980
0.144074
0.144074
0.143980
0.143776
0.143473
0.143073
0.142582
0.142003
0.141268
0.140447
0.139499
0.138423
0.137205
0.135861
0.134347
0.132679
0.130858
0.128880
0.126750
0.122877
0.125222
0.127418
0.129458
0.131336
0.133053
0.134611
0.136026
0.137254
0.138359
0.139311
0.140150
0.140830
0.141407
0.141878
0.142212
0.142429
0.142538
0.142538
0.142429
0.142212
0.141878
0.141407
0.140830
0.140150
0.139311
0.138359
0.137254
0.136026
0.134611
0.133053
0.131336
0.129458
0.127418
0.125222
0.122877
0.118690
0.121246
0.123657
0.125915
0.128015
0.129951
0.131716
0.133312
0.134745
0.136033
0.137128
0.138104
0.138897
0.139574
0.140114
0.140495
0.140752
0.140882
0.140882
0.140752
0.140495
0.140114
0.139574
0.138897
0.138104
0.137128
0.136033
0.134745
0.133312
0.131716
0.129951
0.128015
0.125915
0.123657
0.121246
0.118690
0.114182
0.116954
0.119579
0.122053
0.124363
0.126514
0.128499
0.130316
0.131961
0.133414
0.134698
0.135825
0.136758
0.137545
0.138173
0.138623
0.138927
0.139080
0.139080
0.138927
0.138623
0.138173
0.137545
0.136758
0.135825
0.134698
0.133414
0.131961
0.130316
0.128499
0.126514
0.124363
0.122053
0.119579
0.116954
0.114182
0.109307
0.112327
0.115178
0.117875
0.120405
0.122773
0.124976
0.127006
0.128857
0.130525
0.132015
0.133292
0.134396
0.135304
0.136046
0.136575
0.136933
0.137113
0.137113
0.136933
0.136575
0.136046
0.135304
0.134396
0.133292
0.132015
0.130525
0.128857
0.127006
0.124976
0.122773
0.120405
0.117875
0.115178
0.112327
0.109307
0.104029
0.107314
0.110425
0.113360
0.116130
0.118723
0.121149
0.123401
0.125471
0.127350
0.129031
0.130514
0.131792
0.132846
0.133704
0.134340
0.134759
0.134971
0.134971
0.134759
0.134340
0.133704
0.132846
0.131792
0.130514
0.129031
0.127350
0.125471
0.123401
0.121149
0.118723
0.116130
0.113360
0.110425
0.107314
0.104029
0.098268
0.101866
0.105262
0.108473
0.111499
0.114344
0.117006
0.119490
0.121789
0.123893
0.125791
0.127473
0.128932
0.130170
0.131153
0.131912
0.132406
0.132654
0.132654
0.132406
0.131912
0.131153
0.130170
0.128932
0.127473
0.125791
0.123893
0.121789
0.119490
0.117006
0.114344
0.111499
0.108473
0.105262
0.101866
0.098268
0.000000
0.000000
0.099629
0.103146
0.106466
0.109589
0.112517
0.115252
0.117796
0.120137
0.122264
0.124171
0.125840
0.127251
0.128405
0.129278
0.129874
0.130169
0.130169
0.129874
0.129278
0.128405
0.127251
0.125840
0.124171
0.122264
0.120137
0.117796
0.115252
0.112517
0.109589
0.106466
0.103146
0.099629
0.000000
0.000000
0.185978
0.000000
0.000000
0.000000
0.100960
0.104398
0.107627
0.110647
0.113461
0.116066
0.118443
0.120589
0.122486
0.124116
0.125447
0.126470
0.127160
0.127513
0.127513
0.127160
0.126470
0.125447
0.124116
0.122486
0.120589
0.118443
0.116066
0.113461
0.110647
0.107627
0.104398
0.100960
0.000000
0.000000
0.000000
0.185978
0.185040
0.185614
0.000000
0.000000
0.000000
0.098692
0.102263
0.105608
0.108730
0.111630
0.114295
0.116712
0.118867
0.120733
0.122284
0.123480
0.124300
0.124712
0.124712
0.124300
0.123480
0.122284
0.120733
0.118867
0.116712
0.114295
0.111630
0.108730
0.105608
0.102263
0.098692
0.000000
0.000000
0.000000
0.185614
0.185040
0.184075
0.184661
0.185242
0.185817
0.000000
0.000000
0.000000
0.100051
0.103524
0.106761
0.109756
0.112489
0.114943
0.117090
0.118893
0.120308
0.121280
0.121783
0.121783
0.121280
0.120308
0.118893
0.117090
0.114943
0.112489
0.109756
0.106761
0.103524
0.100051
0.000000
0.000000
0.000000
0.185817
0.185242
0.184661
0.184075
0.182793
0.183576
0.184270
0.184859
0.185442
0.000000
0.000000
0.000000
0.000000
0.101366
0.104734
0.107838
0.110644
0.113130
0.115246
0.116929
0.118113
0.118720
0.118720
0.118113
0.116929
0.115246
0.113130
0.110644
0.107838
0.104734
0.101366
0.000000
0.000000
0.000000
0.000000
0.185442
0.184859
0.184270
0.183576
0.182793
0.181350
0.182243
0.183035
0.183823
0.184462
0.185054
0.185641
0.000000
0.000000
0.000000
0.099117
0.102640
0.105869
0.108760
0.111267
0.113305
0.114764
0.115534
0.115534
0.114764
0.113305
0.111267
0.108760
0.105869
0.102640
0.099117
0.000000
0.000000
0.000000
0.185641
0.185054
0.184462
0.183823
0.183035
0.182243
0.181350
0.179679
0.180664
0.181610
0.182469
0.183268
0.184047
0.184649
0.185247
0.185838
0.000000
0.000000
0.000000
0.100461
0.103844
0.106835
0.109342
0.111202
0.112215
0.112215
0.111202
0.109342
0.106835
0.103844
0.100461
0.000000
0.000000
0.000000
0.185838
0.185247
0.184649
0.184047
0.183268
0.182469
0.181610
0.180664
0.179679
0.177745
0.178855
0.179937
0.180899
0.181852
0.182682
0.183487
0.184221
0.184829
0.185433
0.000000
0.000000
0.000000
0.098164
0.101748
0.104867
0.107319
0.108734
0.108734
0.107319
0.104867
0.101748
0.098164
0.000000
0.000000
0.000000
0.185433
0.184829
0.184221
0.183487
0.182682
0.181852
0.180899
0.179937
0.178855
0.177745
0.175515
0.176770
0.177982
0.179074
0.180144
0.181106
0.182056
0.182872
0.183685
0.184379
0.184995
0.185608
0.000000
0.000000
0.000000
0.099541
0.102855
0.105043
0.105043
0.102855
0.099541
0.000000
0.000000
0.000000
0.185608
0.184995
0.184379
0.183685
0.182872
0.182056
0.181106
0.180144
0.179074
0.177982
0.176770
0.175515
0.172972
0.174377
0.175709
0.176951
0.178151
0.179246
0.180301
0.181268
0.182199
0.183021
0.183842
0.184505
0.185130
0.185754
0.000000
0.000000
0.000000
0.100797
0.100797
0.000000
0.000000
0.000000
0.185754
0.185130
0.184505
0.183842
0.183021
0.182199
0.181268
0.180301
0.179246
0.178151
0.176951
0.175709
0.174377
0.172972
0.170130
0.171645
0.173099
0.174495
0.175827
0.177058
0.178247
0.179342
0.180385
0.181351
0.182270
0.183091
0.183910
0.184556
0.185178
0.185796
0.000000
0.000000
0.000000
0.000000
0.185796
0.185178
0.184556
0.183910
0.183091
0.182270
0.181351
0.180385
0.179342
0.178247
0.177058
0.175827
0.174495
0.173099
0.171645
0.170130
0.167050
0.168615
0.170167
0.171675
0.173119
0.174506
0.175829
0.177050
0.178228
0.179309
0.180341
0.181287
0.182192
0.182980
0.183749
0.184369
0.184866
0.185205
0.185205
0.184866
0.184369
0.183749
0.182980
0.182192
0.181287
0.180341
0.179309
0.178228
0.177050
0.175829
0.174506
0.173119
0.171675
0.170167
0.168615
0.167050
0.163903
0.165430
0.166976
0.168526
0.170064
0.171553
0.172981
0.174354
0.175647
0.176850
0.178011
0.179042
0.180047
0.180912
0.181731
0.182401
0.182912
0.183213
0.183213
0.182912
0.182401
0.181731
0.180912
0.180047
0.179042
0.178011
0.176850
0.175647
0.174354
0.172981
0.171553
0.170064
0.168526
0.166976
0.165430
0.163903
0.160879
0.162268
0.163720
0.165215
0.166729
0.168249
0.169751
0.171202
0.172599
0.173937
0.175162
0.176323
0.177374
0.178333
0.179156
0.179866
0.180359
0.180623
0.180623
0.180359
0.179866
0.179156
0.178333
0.177374
0.176323
0.175162
0.173937
0.172599
0.171202
0.169751
0.168249
0.166729
0.165215
0.163720
0.162268
0.160879
0.158021
0.159291
0.160593
0.161936
0.163347
0.164783
0.166236
0.167694
0.169122
0.170505
0.171825
0.173041
0.174175
0.175164
0.176044
0.176717
0.177210
0.177472
0.177472
0.177210
0.176717
0.176044
0.175164
0.174175
0.173041
0.171825
0.170505
0.169122
0.167694
0.166236
0.164783
0.163347
0.161936
0.160593
0.159291
0.158021
0.155350
0.156496
0.157664
0.158876
0.160105
0.161397
0.162711
0.164042
0.165398
0.166731
0.168028
0.169258
0.170397
0.171415
0.172289
0.172975
0.173463
0.173719
0.173719
0.173463
0.172975
0.172289
0.171415
0.170397
0.169258
0.168028
0.166731
0.165398
0.164042
0.162711
0.161397
0.160105
0.158876
0.157664
0.156496
0.155350
0.152724
0.153814
0.154907
0.155992
0.157112
0.158230
0.159385
0.160551
0.161726
0.162914
0.164070
0.165203
0.166257
0.167216
0.168040
0.168694
0.169153
0.169391
0.169391
0.169153
0.168694
0.168040
0.167216
0.166257
0.165203
0.164070
0.162914
0.161726
0.160551
0.159385
0.158230
0.157112
0.155992
0.154907
0.153814
0.152724
0.150016
0.151108
0.152185
0.153229
0.154261
0.155285
0.156301
0.157321
0.158328
0.159337
0.160315
0.161271
0.162155
0.162979
0.163677
0.164238
0.164636
0.164840
0.164840
0.164636
0.164238
0.163677
0.162979
0.162155
0.161271
0.160315
0.159337
0.158328
0.157321
0.156301
0.155285
0.154261
0.153229
0.152185
0.151108
0.150016
0.146993
0.148206
0.149323
0.150399
0.151420
0.152410
0.153362
0.154289
0.155190
0.156052
0.156898
0.157682
0.158419
0.159084
0.159643
0.160085
0.160405
0.160569
0.160569
0.160405
0.160085
0.159643
0.159084
0.158419
0.157682
0.156898
0.156052
0.155190
0.154289
0.153362
0.152410
0.151420
0.150399
0.149323
0.148206
0.146993
0.143434
0.144821
0.146118
0.147281
0.148386
0.149407
0.150376
0.151280
0.152142
0.152944
0.153696
0.154393
0.155024
0.155574
0.156034
0.156406
0.156660
0.156789
0.156789
0.156660
0.156406
0.156034
0.155574
0.155024
0.154393
0.153696
0.152944
0.152142
0.151280
0.150376
0.149407
0.148386
0.147281
0.146118
0.144821
0.143434
0.138966
0.140664
0.142214
0.143602
0.144861
0.146041
0.147077
0.148067
0.148939
0.149762
0.150499
0.151161
0.151753
0.152260
0.152675
0.152995
0.153213
0.153324
0.153324
0.153213
0.152995
0.152675
0.152260
0.151753
0.151161
0.150499
0.149762
0.148939
0.148067
0.147077
0.146041
0.144861
0.143602
0.142214
0.140664
0.138966
0.133272
0.135346
0.137235
0.138947
0.140500
0.141910
0.143142
0.144282
0.145281
0.146198
0.146984
0.147699
0.148309
0.148813
0.149228
0.149547
0.149764
0.149873
0.149873
0.149764
0.149547
0.149228
0.148813
0.148309
0.147699
0.146984
0.146198
0.145281
0.144282
0.143142
0.141910
0.140500
0.138947
0.137235
0.135346
0.133272
0.126258
0.128663
0.130905
0.132973
0.134864
0.136582
0.138139
0.139510
0.140732
0.141831
0.142762
0.143589
0.144290
0.144855
0.145319
0.145674
0.145915
0.146033
0.146033
0.145915
0.145674
0.145319
0.144855
0.144290
0.143589
0.142762
0.141831
0.140732
0.139510
0.138139
0.136582
0.134864
0.132973
0.130905
0.128663
0.126258
0.118098
0.120743
0.123242
0.125590
0.127778
0.129798
0.131645
0.133315
0.134816
0.136160
0.137316
0.138329
0.139171
0.139892
0.140437
0.140845
0.141121
0.141260
0.141260
0.141121
0.140845
0.140437
0.139892
0.139171
0.138329
0.137316
0.136160
0.134816
0.133315
0.131645
0.129798
0.127778
0.125590
0.123242
0.120743
0.118098
0.108891
0.111760
0.114462
0.117004
0.119391
0.121619
0.123686
0.125585
0.127314
0.128870
0.130258
0.131460
0.132489
0.133341
0.134034
0.134529
0.134864
0.135032
0.135032
0.134864
0.134529
0.134034
0.133341
0.132489
0.131460
0.130258
0.128870
0.127314
0.125585
0.123686
0.121619
0.119391
0.117004
0.114462
0.111760
0.108891
0.098497
0.101622
0.104557
0.107311
0.109890
0.112288
0.114512
0.116564
0.118443
0.120147
0.121667
0.123003
0.124162
0.125122
0.125903
0.126480
0.126867
0.127061
0.127061
0.126867
0.126480
0.125903
0.125122
0.124162
0.123003
0.121667
0.120147
0.118443
0.116564
0.114512
0.112288
0.109890
0.107311
0.104557
0.101622
0.098497
0.000000
0.000000
0.000000
0.000000
0.099130
0.101738
0.104147
0.106359
0.108378
0.110205
0.111835
0.113266
0.114502
0.115537
0.116369
0.116992
0.117411
0.117622
0.117622
0.117411
0.116992
0.116369
0.115537
0.114502
0.113266
0.111835
0.110205
0.108378
0.106359
0.104147
0.101738
0.099130
0.000000
0.000000
0.000000
0.000000
0.184554
0.184991
0.185414
0.185822
0.000000
0.000000
0.000000
0.000000
0.000000
0.098930
0.100693
0.102241
0.103568
0.104677
0.105568
0.106239
0.106683
0.106906
0.106906
0.106683
0.106239
0.105568
0.104677
0.103568
0.102241
0.100693
0.098930
0.000000
0.000000
0.000000
0.000000
0.000000
0.185822
0.185414
0.184991
0.184554
0.182565
0.183121
0.183660
0.184135
0.184514
0.184874
0.185215
0.185536
0.185834
0.000000
0.000000
0.000000
0.000000
0.000000
0.000000
0.000000
0.000000
0.000000
0.000000
0.000000
0.000000
0.000000
0.000000
0.000000
0.000000
0.000000
0.000000
0.185834
0.185536
0.185215
0.184874
0.184514
0.184135
0.183660
0.183121
0.182565
0.180103
0.180739
0.181353
0.181943
0.182431
0.182888
0.183319
0.183723
0.184075
0.184338
0.184576
0.184787
0.184972
0.185127
0.185253
0.185349
0.185413
0.185445
0.185445
0.185413
0.185349
0.185253
0.185127
0.184972
0.184787
0.184576
0.184338
0.184075
0.183723
0.183319
0.182888
0.182431
0.181943
0.181353
0.180739
0.180103
0.177110
0.177887
0.178572
0.179219
0.179837
0.180374
0.180863
0.181321
0.181745
0.182114
0.182413
0.182679
0.182910
0.183105
0.183262
0.183381
0.183461
0.183501
0.183501
0.183461
0.183381
0.183262
0.183105
0.182910
0.182679
0.182413
0.182114
0.181745
0.181321
0.180863
0.180374
0.179837
0.179219
0.178572
0.177887
0.177110
0.173618
0.174472
0.175267
0.176027
0.176692
0.177321
0.177915
0.178422
0.178884
0.179307
0.179689
0.180025
0.180285
0.180504
0.180681
0.180815
0.180904
0.180949
0.180949
0.180904
0.180815
0.180681
0.180504
0.180285
0.180025
0.179689
0.179307
0.178884
0.178422
0.177915
0.177321
0.176692
0.176027
0.175267
0.174472
0.173618
0.169615
0.170540
0.171419
0.172245
0.173004
0.173722
0.174369
0.174954
0.175495
0.175990
0.176399
0.176760
0.177074
0.177338
0.177551
0.177712
0.177819
0.177873
0.177873
0.177819
0.177712
0.177551
0.177338
0.177074
0.176760
0.176399
0.175990
0.175495
0.174954
0.174369
0.173722
0.173004
0.172245
0.171419
0.170540
0.169615
0.165374
0.166286
0.167172
0.168020
0.168820
0.169578
0.170280
0.170922
0.171516
0.172054
0.172517
0.172927
0.173282
0.173580
0.173821
0.174002
0.174115
0.174172
0.174172
0.174115
0.174002
0.173821
0.173580
0.173282
0.172927
0.172517
0.172054
0.171516
0.170922
0.170280
0.169578
0.168820
0.168020
0.167172
0.166286
0.165374
0.161320
0.162126
0.162939
0.163715
0.164471
0.165196
0.165877
0.166519
0.167115
0.167658
0.168146
0.168576
0.168948
0.169260
0.169512
0.169702
0.169830
0.169894
0.169894
0.169830
0.169702
0.169512
0.169260
0.168948
0.168576
0.168146
0.167658
0.167115
0.166519
0.165877
0.165196
0.164471
0.163715
0.162939
0.162126
0.161320
0.157671
0.158379
0.159077
0.159743
0.160400
0.161037
0.161634
0.162201
0.162744
0.163238
0.163683
0.164079
0.164434
0.164732
0.164971
0.165152
0.165273
0.165334
0.165334
0.165273
0.165152
0.164971
0.164732
0.164434
0.164079
0.163683
0.163238
0.162744
0.162201
0.161634
0.161037
0.160400
0.159743
0.159077
0.158379
0.157671
0.154360
0.154998
0.155609
0.156200
0.156777
0.157321
0.157831
0.158323
0.158787
0.159209
0.159589
0.159924
0.160229
0.160489
0.160698
0.160856
0.160961
0.161014
0.161014
0.160961
0.160856
0.160698
0.160489
0.160229
0.159924
0.159589
0.159209
0.158787
0.158323
0.157831
0.157321
0.156777
0.156200
0.155609
0.154998
0.154360
0.151126
0.151754
0.152346
0.152905
0.153434
0.153933
0.154405
0.154844
0.155249
0.155616
0.155947
0.156249
0.156512
0.156733
0.156911
0.157045
0.157134
0.157179
0.157179
0.157134
0.157045
0.156911
0.156733
0.156512
0.156249
0.155947
0.155616
0.155249
0.154844
0.154405
0.153933
0.153434
0.152905
0.152346
0.151754
0.151126
0.147677
0.148351
0.148971
0.149560
0.150111
0.150606
0.151070
0.151499
0.151895
0.152249
0.152564
0.152842
0.153083
0.153284
0.153446
0.153569
0.153650
0.153691
0.153691
0.153650
0.153569
0.153446
0.153284
0.153083
0.152842
0.152564
0.152249
0.151895
0.151499
0.151070
0.150606
0.150111
0.149560
0.148971
0.148351
0.147677
0.143601
0.144402
0.145128
0.145818
0.146426
0.146981
0.147500
0.147981
0.148388
0.148757
0.149088
0.149381
0.149633
0.149844
0.150013
0.150134
0.150215
0.150255
0.150255
0.150215
0.150134
0.150013
0.149844
0.149633
0.149381
0.149088
0.148757
0.148388
0.147981
0.147500
0.146981
0.146426
0.145818
0.145128
0.144402
0.143601
0.138406
0.139417
0.140346
0.141177
0.141962
0.142631
0.143251
0.143826
0.144318
0.144749
0.145136
0.145476
0.145770
0.146015
0.146194
0.146329
0.146419
0.146464
0.146464
0.146419
0.146329
0.146194
0.146015
0.145770
0.145476
0.145136
0.144749
0.144318
0.143826
0.143251
0.142631
0.141962
0.141177
0.140346
0.139417
0.138406
0.131664
0.132924
0.134101
0.135153
0.136136
0.137001
0.137808
0.138509
0.139137
0.139707
0.140198
0.140606
0.140959
0.141254
0.141491
0.141669
0.141789
0.141848
0.141848
0.141789
0.141669
0.141491
0.141254
0.140959
0.140606
0.140198
0.139707
0.139137
0.138509
0.137808
0.137001
0.136136
0.135153
0.134101
0.132924
0.131664
0.123370
0.124839
0.126213
0.127478
0.128646
0.129723
0.130694
0.131581
0.132373
0.133070
0.133695
0.134230
0.134674
0.135047
0.135346
0.135571
0.135721
0.135796
0.135796
0.135721
0.135571
0.135346
0.135047
0.134674
0.134230
0.133695
0.133070
0.132373
0.131581
0.130694
0.129723
0.128646
0.127478
0.126213
0.124839
0.123370
0.113838
0.115457
0.116972
0.118387
0.119699
0.120906
0.122024
0.123030
0.123952
0.124765
0.125491
0.126127
0.126659
0.127105
0.127463
0.127732
0.127912
0.128002
0.128002
0.127912
0.127732
0.127463
0.127105
0.126659
0.126127
0.125491
0.124765
0.123952
0.123030
0.122024
0.120906
0.119699
0.118387
0.116972
0.115457
0.113838
0.103066
0.104856
0.106527
0.108086
0.109524
0.110853
0.112080
0.113189
0.114202
0.115103
0.115909
0.116604
0.117201
0.117701
0.118100
0.118395
0.118592
0.118691
0.118691
0.118592
0.118395
0.118100
0.117701
0.117201
0.116604
0.115909
0.115103
0.114202
0.113189
0.112080
0.110853
0.109524
0.108086
0.106527
0.104856
0.103066
0.000000
0.000000
0.000000
0.000000
0.000000
0.099469
0.100821
0.102058
0.103168
0.104170
0.105049
0.105824
0.106480
0.107026
0.107464
0.107793
0.108013
0.108121
0.108121
0.108013
0.107793
0.107464
0.107026
0.106480
0.105824
0.105049
0.104170
0.103168
0.102058
0.100821
0.099469
0.000000
0.000000
0.000000
0.000000
0.000000
0.184972
0.185237
0.185488
0.185727
0.185951
0.000000
0.000000
0.000000
0.000000
0.000000
0.000000
0.000000
0.000000
0.000000
0.000000
0.000000
0.000000
0.000000
0.000000
0.000000
0.000000
0.000000
0.000000
0.000000
0.000000
0.000000
0.000000
0.000000
0.000000
0.000000
0.000000
0.185951
0.185727
0.185488
0.185237
0.184972
0.182960
0.183299
0.183622
0.183928
0.184164
0.184370
0.184561
0.184737
0.184899
0.185045
0.185176
0.185291
0.185390
0.185473
0.185539
0.185589
0.185623
0.185639
0.185639
0.185623
0.185589
0.185539
0.185473
0.185390
0.185291
0.185176
0.185045
0.184899
0.184737
0.184561
0.184370
0.184164
0.183928
0.183622
0.183299
0.182960
0.180401
0.180792
0.181163
0.181514
0.181845
0.182132
0.182376
0.182602
0.182809
0.182996
0.183164
0.183311
0.183438
0.183544
0.183629
0.183693
0.183735
0.183757
0.183757
0.183735
0.183693
0.183629
0.183544
0.183438
0.183311
0.183164
0.182996
0.182809
0.182602
0.182376
0.182132
0.181845
0.181514
0.181163
0.180792
0.180401
0.177290
0.177771
0.178205
0.178594
0.178960
0.179303
0.179621
0.179915
0.180162
0.180377
0.180569
0.180738
0.180884
0.181005
0.181103
0.181176
0.181225
0.181249
0.181249
0.181225
0.181176
0.181103
0.181005
0.180884
0.180738
0.180569
0.180377
0.180162
0.179915
0.179621
0.179303
0.178960
0.178594
0.178205
0.177771
0.177290
0.173617
0.174160
0.174650
0.175113
0.175548
0.175956
0.176305
0.176624
0.176916
0.177180
0.177416
0.177623
0.177802
0.177951
0.178064
0.178144
0.178199
0.178226
0.178226
0.178199
0.178144
0.178064
0.177951
0.177802
0.177623
0.177416
0.177180
0.176916
0.176624
0.176305
0.175956
0.175548
0.175113
0.174650
0.174160
0.173617
0.169400
0.169992
0.170538
0.171053
0.171537
0.171990
0.172390
0.172757
0.173093
0.173398
0.173669
0.173908
0.174105
0.174265
0.174393
0.174489
0.174553
0.174585
0.174585
0.174553
0.174489
0.174393
0.174265
0.174105
0.173908
0.173669
0.173398
0.173093
0.172757
0.172390
0.171990
0.171537
0.171053
0.170538
0.169992
0.169400
0.164964
0.165538
0.166085
0.166610
0.167102
0.167563
0.167991
0.168383
0.168742
0.169066
0.169355
0.169609
0.169828
0.170010
0.170152
0.170259
0.170330
0.170366
0.170366
0.170330
0.170259
0.170152
0.170010
0.169828
0.169609
0.169355
0.169066
0.168742
0.168383
0.167991
0.167563
0.167102
0.166610
0.166085
0.165538
0.164964
0.160782
0.161293
0.161777
0.162248
0.162703
0.163129
0.163524
0.163888
0.164230
0.164544
0.164824
0.165070
0.165281
0.165458
0.165599
0.165706
0.165777
0.165813
0.165813
0.165777
0.165706
0.165599
0.165458
0.165281
0.165070
0.164824
0.164544
0.164230
0.163888
0.163524
0.163129
0.162703
0.162248
0.161777
0.161293
0.160782
0.157062
0.157503
0.157921
0.158335
0.158729
0.159098
0.159440
0.159755
0.160046
0.160324
0.160572
0.160790
0.160977
0.161134
0.161259
0.161354
0.161417
0.161448
0.161448
0.161417
0.161354
0.161259
0.161134
0.160977
0.160790
0.160572
0.160324
0.160046
0.159755
0.159440
0.159098
0.158729
0.158335
0.157921
0.157503
0.157062
0.153660
0.154069
0.154461
0.154832
0.155179
0.155504
0.155806
0.156088
0.156353
0.156592
0.156806
0.156994
0.157155
0.157290
0.157398
0.157480
0.157534
0.157561
0.157561
0.157534
0.157480
0.157398
0.157290
0.157155
0.156994
0.156806
0.156592
0.156353
0.156088
0.155806
0.155504
0.155179
0.154832
0.154461
0.154069
0.153660
0.150301
0.150711
0.151099
0.151466
0.151810
0.152128
0.152420
0.152689
0.152934
0.153156
0.153354
0.153527
0.153677
0.153802
0.153902
0.153977
0.154027
0.154053
0.154053
0.154027
0.153977
0.153902
0.153802
0.153677
0.153527
0.153354
0.153156
0.152934
0.152689
0.152420
0.152128
0.151810
0.151466
0.151099
0.150711
0.150301
0.146603
0.147067
0.147506
0.147921
0.148285
0.148619
0.148929
0.149214
0.149475
0.149710
0.149920
0.150099
0.150248
0.150373
0.150473
0.150549
0.150599
0.150624
0.150624
0.150599
0.150549
0.150473
0.150373
0.150248
0.150099
0.149920
0.149710
0.149475
0.149214
0.148929
0.148619
0.148285
0.147921
0.147506
0.147067
0.146603
0.142137
0.142698
0.143229
0.143730
0.144179
0.144574
0.144939
0.145276
0.145584
0.145862
0.146099
0.146296
0.146465
0.146606
0.146719
0.146804
0.146861
0.146889
0.146889
0.146861
0.146804
0.146719
0.146606
0.146465
0.146296
0.146099
0.145862
0.145584
0.145276
0.144939
0.144574
0.144179
0.143730
0.143229
0.142698
0.142137
0.136309
0.137045
0.137742
0.138366
0.138931
0.139459
0.139948
0.140361
0.140734
0.141071
0.141371
0.141635
0.141861
0.142045
0.142182
0.142284
0.142353
0.142387
0.142387
0.142353
0.142284
0.142182
0.142045
0.141861
0.141635
0.141371
0.141071
0.140734
0.140361
0.139948
0.139459
0.138931
0.138366
0.137742
0.137045
0.136309
0.128801
0.129727
0.130575
0.131362
0.132096
0.132747
0.133352
0.133908
0.134390
0.134819
0.135202
0.135538
0.135827
0.136063
0.136242
0.136377
0.136466
0.136511
0.136511
0.136466
0.136377
0.136242
0.136063
0.135827
0.135538
0.135202
0.134819
0.134390
0.133908
0.133352
0.132747
0.132096
0.131362
0.130575
0.129727
0.128801
0.119812
0.120856
0.121840
0.122746
0.123592
0.124370
0.125080
0.125733
0.126318
0.126838
0.127301
0.127708
0.128055
0.128336
0.128560
0.128729
0.128841
0.128898
0.128898
0.128841
0.128729
0.128560
0.128336
0.128055
0.127708
0.127301
0.126838
0.126318
0.125733
0.125080
0.124370
0.123592
0.122746
0.121840
0.120856
0.119812
0.109581
0.110742
0.111832
0.112839
0.113781
0.114644
0.115439
0.116167
0.116820
0.117409
0.117934
0.118385
0.118771
0.119094
0.119352
0.119546
0.119676
0.119741
0.119741
0.119676
0.119546
0.119352
0.119094
0.118771
0.118385
0.117934
0.117409
0.116820
0.116167
0.115439
0.114644
0.113781
0.112839
0.111832
0.110742
0.109581
0.000000
0.099286
0.100501
0.101631
0.102675
0.103641
0.104525
0.105331
0.106065
0.106714
0.107293
0.107801
0.108231
0.108587
0.108873
0.109087
0.109230
0.109301
0.109301
0.109230
0.109087
0.108873
0.108587
0.108231
0.107801
0.107293
0.106714
0.106065
0.105331
0.104525
0.103641
0.102675
0.101631
0.100501
0.099286
0.000000
