0.177215
0.178285
0.179224
0.180095
0.180827
0.181511
0.182122
0.182617
0.183069
0.183477
0.183841
0.184122
0.184331
0.184505
0.184645
0.184750
0.184820
0.184855
0.184855
0.184820
0.184750
0.184645
0.184505
0.184331
0.184122
0.183841
0.183477
0.183069
0.182617
0.182122
0.181511
0.180827
0.180095
0.179224
0.178285
0.177215
0.178310
0.179319
0.180242
0.181036
0.181782
0.182406
0.182954
0.183458
0.183918
0.184254
0.184536
0.184784
0.184997
0.185175
0.185317
0.185424
0.185495
0.185531
0.185531
0.185495
0.185424
0.185317
0.185175
0.184997
0.184784
0.184536
0.184254
0.183918
0.183458
0.182954
0.182406
0.181782
0.181036
0.180242
0.179319
0.178310
0.179321
0.180307
0.181165
0.181974
0.182623
0.183225
0.183783
0.184226
0.184583
0.184906
0.185193
0.185446
0.185663
0.185844
0.185989
0.000000
0.000000
0.000000
0.000000
0.000000
0.000000
0.185989
0.185844
0.185663
0.185446
0.185193
0.184906
0.184583
0.184226
0.183783
0.183225
0.182623
0.181974
0.181165
0.180307
0.179321
0.180287
0.181210
0.182071
0.182771
0.183428
0.184032
0.184465
0.184864
0.185228
0.185556
0.185850
0.000000
0.000000
0.000000
0.000000
0.000000
0.000000
0.000000
0.000000
0.000000
0.000000
0.000000
0.000000
0.000000
0.000000
0.185850
0.185556
0.185228
0.184864
0.184465
0.184032
0.183428
0.182771
0.182071
0.181210
0.180287
0.181168
0.182092
0.182848
0.183561
0.184176
0.184652
0.185093
0.185500
0.185871
0.000000
0.000000
0.000000
0.000000
0.000000
0.000000
0.000000
0.000000
0.000000
0.000000
0.000000
0.000000
0.000000
0.000000
0.000000
0.000000
0.000000
0.000000
0.185871
0.185500
0.185093
0.184652
0.184176
0.183561
0.182848
0.182092
0.181168
0.182037
0.182850
0.183621
0.184265
0.184785
0.185270
0.185720
0.000000
0.000000
0.000000
0.000000
0.000000
0.000000
0.098772
0.099823
0.100599
0.101115
0.101373
0.101373
0.101115
0.100599
0.099823
0.098772
0.000000
0.000000
0.000000
0.000000
0.000000
0.000000
0.185720
0.185270
0.184785
0.184265
0.183621
0.182850
0.182037
0.182776
0.183604
0.184297
0.184861
0.185391
0.185885
0.000000
0.000000
0.000000
0.000000
0.098525
0.100381
0.101948
0.103230
0.104251
0.105005
0.105508
0.105760
0.105760
0.105508
0.105005
0.104251
0.103230
0.101948
0.100381
0.098525
0.000000
0.000000
0.000000
0.000000
0.185885
0.185391
0.184861
0.184297
0.183604
0.182776
0.183508
0.184269
0.184879
0.185454
0.185994
0.000000
0.000000
0.000000
0.098381
0.100793
0.102894
0.104699
0.106225
0.107475
0.108467
0.109203
0.109695
0.109941
0.109941
0.109695
0.109203
0.108467
0.107475
0.106225
0.104699
0.102894
0.100793
0.098381
0.000000
0.000000
0.000000
0.185994
0.185454
0.184879
0.184269
0.183508
0.184179
0.184835
0.185457
0.000000
0.000000
0.000000
0.000000
0.099986
0.102656
0.105007
0.107055
0.108815
0.110303
0.111523
0.112491
0.113209
0.113689
0.113928
0.113928
0.113689
0.113209
0.112491
0.111523
0.110303
0.108815
0.107055
0.105007
0.102656
0.099986
0.000000
0.000000
0.000000
0.000000
0.185457
0.184835
0.184179
0.184728
0.185397
0.000000
0.000000
0.000000
0.000000
0.101170
0.104121
0.106728
0.109023
0.111023
0.112742
0.114196
0.115388
0.116335
0.117036
0.117503
0.117738
0.117738
0.117503
0.117036
0.116335
0.115388
0.114196
0.112742
0.111023
0.109023
0.106728
0.104121
0.101170
0.000000
0.000000
0.000000
0.000000
0.185397
0.184728
0.185271
0.185953
0.000000
0.000000
0.098333
0.101951
0.105178
0.108063
0.110610
0.112855
0.114811
0.116494
0.117918
0.119081
0.120012
0.120694
0.121149
0.121377
0.121377
0.121149
0.120694
0.120012
0.119081
0.117918
0.116494
0.114811
0.112855
0.110610
0.108063
0.105178
0.101951
0.098333
0.000000
0.000000
0.185953
0.185271
0.185809
0.000000
0.000000
0.098359
0.102301
0.105838
0.108997
0.111820
0.114318
0.116516
0.118433
0.120083
0.121468
0.122609
0.123513
0.124186
0.124625
0.124845
0.124845
0.124625
0.124186
0.123513
0.122609
0.121468
0.120083
0.118433
0.116516
0.114318
0.111820
0.108997
0.105838
0.102301
0.098359
0.000000
0.000000
0.185809
0.000000
0.000000
0.000000
0.102218
0.106079
0.109541
0.112640
0.115405
0.117860
0.120018
0.121894
0.123500
0.124853
0.125971
0.126838
0.127489
0.127924
0.128136
0.128136
0.127924
0.127489
0.126838
0.125971
0.124853
0.123500
0.121894
0.120018
0.117860
0.115405
0.112640
0.109541
0.106079
0.102218
0.000000
0.000000
0.000000
0.000000
0.000000
0.101676
0.105889
0.109675
0.113072
0.116122
0.118832
0.121238
0.123350
0.125181
0.126747
0.128067
0.129129
0.129981
0.130593
0.131000
0.131204
0.131204
0.131000
0.130593
0.129981
0.129129
0.128067
0.126747
0.125181
0.123350
0.121238
0.118832
0.116122
0.113072
0.109675
0.105889
0.101676
0.000000
0.000000
0.000000
0.100648
0.105242
0.109380
0.113102
0.116447
0.119440
0.122110
0.124462
0.126520
0.128300
0.129812
0.131062
0.132095
0.132882
0.133474
0.133869
0.134063
0.134063
0.133869
0.133474
0.132882
0.132095
0.131062
0.129812
0.128300
0.126520
0.124462
0.122110
0.119440
0.116447
0.113102
0.109380
0.105242
0.100648
0.000000
0.099100
0.104122
0.108638
0.112709
0.116376
0.119668
0.122609
0.125219
0.127515
0.129508
0.131212
0.132653
0.133857
0.134808
0.135564
0.136123
0.136474
0.136650
0.136650
0.136474
0.136123
0.135564
0.134808
0.133857
0.132653
0.131212
0.129508
0.127515
0.125219
0.122609
0.119668
0.116376
0.112709
0.108638
0.104122
0.099100
0.102475
0.107416
0.111873
0.115887
0.119497
0.122736
0.125623
0.128170
0.130385
0.132297
0.133927
0.135275
0.136399
0.137294
0.138012
0.138507
0.138837
0.139003
0.139003
0.138837
0.138507
0.138012
0.137294
0.136399
0.135275
0.133927
0.132297
0.130385
0.128170
0.125623
0.122736
0.119497
0.115887
0.111873
0.107416
0.102475
0.105677
0.110551
0.114946
0.118909
0.122472
0.125655
0.128467
0.130924
0.133047
0.134860
0.136395
0.137671
0.138705
0.139547
0.140203
0.140664
0.140971
0.141126
0.141126
0.140971
0.140664
0.140203
0.139547
0.138705
0.137671
0.136395
0.134860
0.133047
0.130924
0.128467
0.125655
0.122472
0.118909
0.114946
0.110551
0.105677
0.108711
0.113531
0.117881
0.121795
0.125296
0.128408
0.131129
0.133490
0.135506
0.137208
0.138638
0.139839
0.140792
0.141577
0.142186
0.142613
0.142898
0.143040
0.143040
0.142898
0.142613
0.142186
0.141577
0.140792
0.139839
0.138638
0.137208
0.135506
0.133490
0.131129
0.128408
0.125296
0.121795
0.117881
0.113531
0.108711
0.111592
0.116364
0.120664
0.124528
0.127973
0.130983
0.133606
0.135854
0.137751
0.139338
0.140671
0.141790
0.142679
0.143406
0.143989
0.144384
0.144648
0.144780
0.144780
0.144648
0.144384
0.143989
0.143406
0.142679
0.141790
0.140671
0.139338
0.137751
0.135854
0.133606
0.130983
0.127973
0.124528
0.120664
0.116364
0.111592
0.114323
0.119052
0.123310
0.127112
0.130467
0.133378
0.135885
0.138007
0.139782
0.141262
0.142513
0.143549
0.144397
0.145069
0.145609
0.146013
0.146259
0.146381
0.146381
0.146259
0.146013
0.145609
0.145069
0.144397
0.143549
0.142513
0.141262
0.139782
0.138007
0.135885
0.133378
0.130467
0.127112
0.123310
0.119052
0.114323
0.116908
0.121605
0.125817
0.129543
0.132789
0.135583
0.137961
0.139954
0.141613
0.143004
0.144193
0.145151
0.145978
0.146605
0.147108
0.147486
0.147739
0.147866
0.147866
0.147739
0.147486
0.147108
0.146605
0.145978
0.145151
0.144193
0.143004
0.141613
0.139954
0.137961
0.135583
0.132789
0.129543
0.125817
0.121605
0.116908
0.119356
0.124022
0.128171
0.131810
0.134931
0.137594
0.139838
0.141708
0.143270
0.144595
0.145715
0.146635
0.147405
0.148046
0.148522
0.148881
0.149120
0.149240
0.149240
0.149120
0.148881
0.148522
0.148046
0.147405
0.146635
0.145715
0.144595
0.143270
0.141708
0.139838
0.137594
0.134931
0.131810
0.128171
0.124022
0.119356
0.121668
0.126288
0.130366
0.133904
0.136891
0.139417
0.141532
0.143297
0.144787
0.146068
0.147112
0.148030
0.148759
0.149371
0.149863
0.150220
0.150453
0.150570
0.150570
0.150453
0.150220
0.149863
0.149371
0.148759
0.148030
0.147112
0.146068
0.144787
0.143297
0.141532
0.139417
0.136891
0.133904
0.130366
0.126288
0.121668
0.123842
0.128411
0.132402
0.135821
0.138677
0.141069
0.143071
0.144756
0.146196
0.147397
0.148435
0.149308
0.150058
0.150654
0.151134
0.151495
0.151736
0.151857
0.151857
0.151736
0.151495
0.151134
0.150654
0.150058
0.149308
0.148435
0.147397
0.146196
0.144756
0.143071
0.141069
0.138677
0.135821
0.132402
0.128411
0.123842
0.125875
0.130386
0.134280
0.137563
0.140305
0.142576
0.144487
0.146114
0.147476
0.148657
0.149679
0.150548
0.151283
0.151900
0.152387
0.152752
0.152996
0.153119
0.153119
0.152996
0.152752
0.152387
0.151900
0.151283
0.150548
0.149679
0.148657
0.147476
0.146114
0.144487
0.142576
0.140305
0.137563
0.134280
0.130386
0.125875
0.127764
0.132211
0.136004
0.139144
0.141777
0.143964
0.145788
0.147337
0.148683
0.149858
0.150863
0.151743
0.152493
0.153117
0.153619
0.153997
0.154253
0.154382
0.154382
0.154253
0.153997
0.153619
0.153117
0.152493
0.151743
0.150863
0.149858
0.148683
0.147337
0.145788
0.143964
0.141777
0.139144
0.136004
0.132211
0.127764
0.129507
0.133884
0.137549
0.140584
0.143092
0.145189
0.146964
0.148498
0.149832
0.150989
0.152020
0.152911
0.153681
0.154332
0.154860
0.155257
0.155523
0.155657
0.155657
0.155523
0.155257
0.154860
0.154332
0.153681
0.152911
0.152020
0.150989
0.149832
0.148498
0.146964
0.145189
0.143092
0.140584
0.137549
0.133884
0.129507
0.131103
0.135392
0.138951
0.141902
0.144314
0.146345
0.148089
0.149587
0.150913
0.152098
0.153142
0.154066
0.154876
0.155556
0.156108
0.156539
0.156828
0.156973
0.156973
0.156828
0.156539
0.156108
0.155556
0.154876
0.154066
0.153142
0.152098
0.150913
0.149587
0.148089
0.146345
0.144314
0.141902
0.138951
0.135392
0.131103
0.132559
0.136761
0.140234
0.143056
0.145410
0.147395
0.149107
0.150619
0.151967
0.153171
0.154257
0.155228
0.156072
0.156810
0.157404
0.157853
0.158163
0.158323
0.158323
0.158163
0.157853
0.157404
0.156810
0.156072
0.155228
0.154257
0.153171
0.151967
0.150619
0.149107
0.147395
0.145410
0.143056
0.140234
0.136761
0.132559
0.133878
0.138012
0.141364
0.144138
0.146423
0.148381
0.150094
0.151607
0.152982
0.154232
0.155371
0.156397
0.157310
0.158083
0.158742
0.159239
0.159572
0.159739
0.159739
0.159572
0.159239
0.158742
0.158083
0.157310
0.156397
0.155371
0.154232
0.152982
0.151607
0.150094
0.148381
0.146423
0.144138
0.141364
0.138012
0.133878
0.135032
0.139088
0.142391
0.145079
0.147341
0.149286
0.151005
0.152560
0.153976
0.155289
0.156494
0.157590
0.158575
0.159427
0.160121
0.160675
0.161047
0.161233
0.161233
0.161047
0.160675
0.160121
0.159427
0.158575
0.157590
0.156494
0.155289
0.153976
0.152560
0.151005
0.149286
0.147341
0.145079
0.142391
0.139088
0.135032
0.136075
0.140077
0.143294
0.145970
0.148200
0.150148
0.151887
0.153478
0.154962
0.156341
0.157628
0.158819
0.159874
0.160815
0.161582
0.162171
0.162582
0.162789
0.162789
0.162582
0.162171
0.161582
0.160815
0.159874
0.158819
0.157628
0.156341
0.154962
0.153478
0.151887
0.150148
0.148200
0.145970
0.143294
0.140077
0.136075
0.136948
0.140905
0.144118
0.146729
0.148964
0.150933
0.152719
0.154373
0.155923
0.157403
0.158792
0.160064
0.161242
0.162249
0.163099
0.163742
0.164181
0.164406
0.164406
0.164181
0.163742
0.163099
0.162249
0.161242
0.160064
0.158792
0.157403
0.155923
0.154373
0.152719
0.150933
0.148964
0.146729
0.144118
0.140905
0.136948
0.137716
0.141649
0.144806
0.147430
0.149681
0.151678
0.153513
0.155243
0.156894
0.158469
0.159958
0.161372
0.162640
0.163743
0.164662
0.165365
0.165837
0.166075
0.166075
0.165837
0.165365
0.164662
0.163743
0.162640
0.161372
0.159958
0.158469
0.156894
0.155243
0.153513
0.151678
0.149681
0.147430
0.144806
0.141649
0.137716
0.138338
0.142270
0.145423
0.148065
0.150326
0.152370
0.154271
0.156081
0.157836
0.159543
0.161175
0.162698
0.164070
0.165277
0.166259
0.167012
0.167518
0.167772
0.167772
0.167518
0.167012
0.166259
0.165277
0.164070
0.162698
0.161175
0.159543
0.157836
0.156081
0.154271
0.152370
0.150326
0.148065
0.145423
0.142270
0.138338
0.138820
0.142766
0.145963
0.148592
0.150900
0.153005
0.154990
0.156910
0.158788
0.160623
0.162387
0.164038
0.165537
0.166822
0.167871
0.168662
0.169193
0.169459
0.169459
0.169193
0.168662
0.167871
0.166822
0.165537
0.164038
0.162387
0.160623
0.158788
0.156910
0.154990
0.153005
0.150900
0.148592
0.145963
0.142766
0.138820
0.139177
0.143163
0.146377
0.149052
0.151413
0.153585
0.155658
0.157691
0.159705
0.161692
0.163611
0.165401
0.166999
0.168362
0.169463
0.170290
0.170835
0.171109
0.171109
0.170835
0.170290
0.169463
0.168362
0.166999
0.165401
0.163611
0.161692
0.159705
0.157691
0.155658
0.153585
0.151413
0.149052
0.146377
0.143163
0.139177
0.139397
0.143451
0.146702
0.149436
0.151860
0.154105
0.156281
0.158444
0.160610
0.162757
0.164827
0.166743
0.168439
0.169874
0.171009
0.171870
0.172425
0.172702
0.172702
0.172425
0.171870
0.171009
0.169874
0.168439
0.166743
0.164827
0.162757
0.160610
0.158444
0.156281
0.154105
0.151860
0.149436
0.146702
0.143451
0.139397
0.139469
0.143620
0.146933
0.149737
0.152226
0.154561
0.156851
0.159150
0.161472
0.163782
0.166007
0.168053
0.169840
0.171321
0.172497
0.173366
0.173952
0.174229
0.174229
0.173952
0.173366
0.172497
0.171321
0.169840
0.168053
0.166007
0.163782
0.161472
0.159150
0.156851
0.154561
0.152226
0.149737
0.146933
0.143620
0.139469
0.139378
0.143659
0.147060
0.149946
0.152506
0.154938
0.157343
0.159781
0.162276
0.164770
0.167147
0.169305
0.171166
0.172699
0.173917
0.174787
0.175370
0.175664
0.175664
0.175370
0.174787
0.173917
0.172699
0.171166
0.169305
0.167147
0.164770
0.162276
0.159781
0.157343
0.154938
0.152506
0.149946
0.147060
0.143659
0.139378
0.139111
0.143556
0.147074
0.150050
0.152696
0.155226
0.157748
0.160347
0.163023
0.165684
0.168214
0.170482
0.172418
0.174010
0.175223
0.176139
0.176713
0.177003
0.177003
0.176713
0.176139
0.175223
0.174010
0.172418
0.170482
0.168214
0.165684
0.163023
0.160347
0.157748
0.155226
0.152696
0.150050
0.147074
0.143556
0.139111
0.138653
0.143296
0.146962
0.150044
0.152783
0.155414
0.158056
0.160822
0.163665
0.166510
0.169190
0.171569
0.173575
0.175193
0.176458
0.177375
0.177998
0.178282
0.178282
0.177998
0.177375
0.176458
0.175193
0.173575
0.171569
0.169190
0.166510
0.163665
0.160822
0.158056
0.155414
0.152783
0.150044
0.146962
0.143296
0.138653
0.137987
0.142868
0.146713
0.149914
0.152756
0.155489
0.158260
0.161174
0.164195
0.167226
0.170062
0.172543
0.174622
0.176305
0.177599
0.178538
0.179150
0.179460
0.179460
0.179150
0.178538
0.177599
0.176305
0.174622
0.172543
0.170062
0.167226
0.164195
0.161174
0.158260
0.155489
0.152756
0.149914
0.146713
0.142868
0.137987
0.137017
0.142254
0.146313
0.149643
0.152602
0.155437
0.158326
0.161384
0.164590
0.167803
0.170789
0.173397
0.175565
0.177296
0.178636
0.179621
0.180261
0.180563
0.180563
0.180261
0.179621
0.178636
0.177296
0.175565
0.173397
0.170789
0.167803
0.164590
0.161384
0.158326
0.155437
0.152602
0.149643
0.146313
0.142254
0.137017
0.135767
0.141379
0.145721
0.149220
0.152307
0.155243
0.158235
0.161432
0.164814
0.168213
0.171372
0.174122
0.176381
0.178202
0.179595
0.180603
0.181265
0.181602
0.181602
0.181265
0.180603
0.179595
0.178202
0.176381
0.174122
0.171372
0.168213
0.164814
0.161432
0.158235
0.155243
0.152307
0.149220
0.145721
0.141379
0.135767
0.134131
0.140237
0.144898
0.148629
0.151852
0.154888
0.157969
0.161292
0.164835
0.168428
0.171780
0.174666
0.177052
0.178962
0.180442
0.181515
0.182220
0.182545
0.182545
0.182220
0.181515
0.180442
0.178962
0.177052
0.174666
0.171780
0.168428
0.164835
0.161292
0.157969
0.154888
0.151852
0.148629
0.144898
0.140237
0.134131
0.132046
0.138717
0.143846
0.147843
0.151212
0.154355
0.157527
0.160936
0.164621
0.168409
0.171973
0.175037
0.177586
0.179622
0.181180
0.182331
0.183053
0.183426
0.183426
0.183053
0.182331
0.181180
0.179622
0.177586
0.175037
0.171973
0.168409
0.164621
0.160936
0.157527
0.154355
0.151212
0.147843
0.143846
0.138717
0.132046
0.129418
0.136766
0.142436
0.146785
0.150380
0.153629
0.156874
0.160335
0.164132
0.168115
0.171905
0.175190
0.177940
0.180129
0.181828
0.183028
0.183866
0.184232
0.184232
0.183866
0.183028
0.181828
0.180129
0.177940
0.175190
0.171905
0.168115
0.164132
0.160335
0.156874
0.153629
0.150380
0.146785
0.142436
0.136766
0.129418
0.126185
0.134272
0.140614
0.145442
0.149298
0.152694
0.155986
0.159491
0.163355
0.167491
0.171520
0.175070
0.178053
0.180428
0.182294
0.183654
0.184494
0.184899
0.184899
0.184494
0.183654
0.182294
0.180428
0.178053
0.175070
0.171520
0.167491
0.163355
0.159491
0.155986
0.152694
0.149298
0.145442
0.140614
0.134272
0.126185
0.122245
0.131085
0.138260
0.143713
0.147951
0.151516
0.154887
0.158378
0.162238
0.166484
0.170753
0.174608
0.177869
0.180497
0.182569
0.184125
0.185050
0.185560
0.185560
0.185050
0.184125
0.182569
0.180497
0.177869
0.174608
0.170753
0.166484
0.162238
0.158378
0.154887
0.151516
0.147951
0.143713
0.138260
0.131085
0.122245
0.117516
0.127111
0.135178
0.141445
0.146213
0.150067
0.153525
0.157009
0.160805
0.165056
0.169522
0.173707
0.177282
0.180248
0.182592
0.184362
0.185524
0.000000
0.000000
0.185524
0.184362
0.182592
0.180248
0.177282
0.173707
0.169522
0.165056
0.160805
0.157009
0.153525
0.150067
0.146213
0.141445
0.135178
0.127111
0.117516
0.111892
0.122246
0.131220
0.138474
0.143991
0.148251
0.151890
0.155367
0.159053
0.163190
0.167734
0.172223
0.176195
0.179511
0.182234
0.184326
0.185815
0.000000
0.000000
0.185815
0.184326
0.182234
0.179511
0.176195
0.172223
0.167734
0.163190
0.159053
0.155367
0.151890
0.148251
0.143991
0.138474
0.131220
0.122246
0.111892
0.105199
0.116388
0.126225
0.134544
0.141030
0.145967
0.149913
0.153450
0.157016
0.160933
0.165356
0.170027
0.174377
0.178125
0.181213
0.183756
0.185629
0.000000
0.000000
0.185629
0.183756
0.181213
0.178125
0.174377
0.170027
0.165356
0.160933
0.157016
0.153450
0.149913
0.145967
0.141030
0.134544
0.126225
0.116388
0.105199
0.000000
0.109400
0.120088
0.129419
0.137092
0.142951
0.147452
0.151202
0.154713
0.158364
0.162463
0.167032
0.171645
0.175795
0.179280
0.182184
0.184431
0.000000
0.000000
0.184431
0.182184
0.179280
0.175795
0.171645
0.167032
0.162463
0.158364
0.154713
0.151202
0.147452
0.142951
0.137092
0.129419
0.120088
0.109400
0.000000
0.000000
0.101054
0.112705
0.122951
0.131813
0.138909
0.144302
0.148498
0.152109
0.155571
0.159255
0.163381
0.167875
0.172265
0.176106
0.179218
0.181606
0.182994
0.182994
0.181606
0.179218
0.176106
0.172265
0.167875
0.163381
0.159255
0.155571
0.152109
0.148498
0.144302
0.138909
0.131813
0.122951
0.112705
0.101054
0.000000
0.184910
0.000000
0.103871
0.115074
0.124933
0.133358
0.140034
0.145052
0.149043
0.152523
0.155877
0.159432
0.163337
0.167470
0.171388
0.174654
0.177027
0.178323
0.178323
0.177027
0.174654
0.171388
0.167470
0.163337
0.159432
0.155877
0.152523
0.149043
0.145052
0.140034
0.133358
0.124933
0.115074
0.103871
0.000000
0.184910
0.183207
0.185231
0.000000
0.105605
0.116434
0.125958
0.134039
0.140380
0.145189
0.149012
0.152329
0.155467
0.158670
0.162011
0.165403
0.168444
0.170727
0.171960
0.171960
0.170727
0.168444
0.165403
0.162011
0.158670
0.155467
0.152329
0.149012
0.145189
0.140380
0.134039
0.125958
0.116434
0.105605
0.000000
0.185231
0.183207
0.180926
0.183464
0.185396
0.000000
0.106163
0.116661
0.125887
0.133713
0.139903
0.144585
0.148281
0.151378
0.154183
0.156843
0.159373
0.161649
0.163425
0.164399
0.164399
0.163425
0.161649
0.159373
0.156843
0.154183
0.151378
0.148281
0.144585
0.139903
0.133713
0.125887
0.116661
0.106163
0.000000
0.185396
0.183464
0.180926
0.178056
0.181035
0.183505
0.185382
0.000000
0.105384
0.115595
0.124547
0.132206
0.138342
0.143019
0.146629
0.149525
0.151950
0.153999
0.155688
0.156931
0.157589
0.157589
0.156931
0.155688
0.153999
0.151950
0.149525
0.146629
0.143019
0.138342
0.132206
0.124547
0.115595
0.105384
0.000000
0.185382
0.183505
0.181035
0.178056
0.174419
0.177955
0.180877
0.183302
0.185168
0.000000
0.103059
0.113003
0.121694
0.129184
0.135345
0.140143
0.143762
0.146505
0.148605
0.150176
0.151223
0.151764
0.151764
0.151223
0.150176
0.148605
0.146505
0.143762
0.140143
0.135345
0.129184
0.121694
0.113003
0.103059
0.000000
0.185168
0.183302
0.180877
0.177955
0.174419
0.170011
0.174038
0.177503
0.180425
0.182829
0.184731
0.000000
0.098895
0.108593
0.116994
0.124250
0.130351
0.135235
0.138959
0.141700
0.143609
0.144819
0.145420
0.145420
0.144819
0.143609
0.141700
0.138959
0.135235
0.130351
0.124250
0.116994
0.108593
0.098895
0.000000
0.184731
0.182829
0.180425
0.177503
0.174038
0.170011
0.165075
0.169261
0.173216
0.176674
0.179606
0.182062
0.184052
0.185535
0.000000
0.101965
0.110064
0.116953
0.122746
0.127467
0.131121
0.133767
0.135455
0.136286
0.136286
0.135455
0.133767
0.131121
0.127467
0.122746
0.116953
0.110064
0.101965
0.000000
0.185535
0.184052
0.182062
0.179606
0.176674
0.173216
0.169261
0.165075
0.160265
0.164041
0.168054
0.171941
0.175387
0.178340
0.180801
0.182842
0.184476
0.185764
0.000000
0.100349
0.106830
0.112125
0.116297
0.119397
0.121452
0.122475
0.122475
0.121452
0.119397
0.116297
0.112125
0.106830
0.100349
0.000000
0.185764
0.184476
0.182842
0.180801
0.178340
0.175387
0.171941
0.168054
0.164041
0.160265
0.155927
0.159132
0.162612
0.166350
0.170098
0.173536
0.176517
0.179034
0.181141
0.182870
0.184274
0.185313
0.000000
0.000000
0.000000
0.101326
0.103627
0.104769
0.104769
0.103627
0.101326
0.000000
0.000000
0.000000
0.185313
0.184274
0.182870
0.181141
0.179034
0.176517
0.173536
0.170098
0.166350
0.162612
0.159132
0.155927
0.151811
0.154714
0.157654
0.160798
0.164165
0.167659
0.171004
0.174020
0.176578
0.178738
0.180537
0.182034
0.183171
0.184115
0.184730
0.185203
0.185524
0.185686
0.185686
0.185524
0.185203
0.184730
0.184115
0.183171
0.182034
0.180537
0.178738
0.176578
0.174020
0.171004
0.167659
0.164165
0.160798
0.157654
0.154714
0.151811
0.147308
0.150387
0.153172
0.155876
0.158664
0.161595
0.164673
0.167759
0.170660
0.173236
0.175438
0.177263
0.178753
0.179969
0.180854
0.181528
0.181985
0.182183
0.182183
0.181985
0.181528
0.180854
0.179969
0.178753
0.177263
0.175438
0.173236
0.170660
0.167759
0.164673
0.161595
0.158664
0.155876
0.153172
0.150387
0.147308
0.141530
0.145387
0.148543
0.151277
0.153804
0.156264
0.158762
0.161326
0.163929
0.166500
0.168893
0.171012
0.172806
0.174274
0.175405
0.176245
0.176778
0.177047
0.177047
0.176778
0.176245
0.175405
0.174274
0.172806
0.171012
0.168893
0.166500
0.163929
0.161326
0.158762
0.156264
0.153804
0.151277
0.148543
0.145387
0.141530
0.133209
0.138565
0.142782
0.146161
0.148936
0.151378
0.153616
0.155747
0.157831
0.159890
0.161907
0.163831
0.165592
0.167119
0.168369
0.169315
0.169954
0.170267
0.170267
0.169954
0.169315
0.168369
0.167119
0.165592
0.163831
0.161907
0.159890
0.157831
0.155747
0.153616
0.151378
0.148936
0.146161
0.142782
0.138565
0.133209
0.121805
0.128661
0.134482
0.139196
0.142939
0.145971
0.148453
0.150605
0.152527
0.154282
0.155903
0.157417
0.158797
0.160002
0.161049
0.161845
0.162404
0.162690
0.162690
0.162404
0.161845
0.161049
0.160002
0.158797
0.157417
0.155903
0.154282
0.152527
0.150605
0.148453
0.145971
0.142939
0.139196
0.134482
0.128661
0.121805
0.107780
0.115725
0.122771
0.128950
0.134205
0.138486
0.141936
0.144676
0.146936
0.148832
0.150454
0.151848
0.153043
0.154055
0.154887
0.155520
0.155945
0.156166
0.156166
0.155945
0.155520
0.154887
0.154055
0.153043
0.151848
0.150454
0.148832
0.146936
0.144676
0.141936
0.138486
0.134205
0.128950
0.122771
0.115725
0.107780
0.000000
0.100044
0.108191
0.115391
0.121774
0.127373
0.132182
0.136177
0.139409
0.142033
0.144125
0.145816
0.147167
0.148273
0.149116
0.149754
0.150173
0.150377
0.150377
0.150173
0.149754
0.149116
0.148273
0.147167
0.145816
0.144125
0.142033
0.139409
0.136177
0.132182
0.127373
0.121774
0.115391
0.108191
0.100044
0.000000
0.184189
0.185457
0.000000
0.098862
0.106279
0.112807
0.118564
0.123619
0.128004
0.131713
0.134777
0.137264
0.139240
0.140779
0.141968
0.142782
0.143326
0.143600
0.143600
0.143326
0.142782
0.141968
0.140779
0.139240
0.137264
0.134777
0.131713
0.128004
0.123619
0.118564
0.112807
0.106279
0.098862
0.000000
0.185457
0.184189
0.180667
0.182483
0.184033
0.185175
0.000000
0.000000
0.101735
0.107630
0.112773
0.117242
0.121090
0.124361
0.127071
0.129261
0.130956
0.132201
0.132998
0.133398
0.133398
0.132998
0.132201
0.130956
0.129261
0.127071
0.124361
0.121090
0.117242
0.112773
0.107630
0.101735
0.000000
0.000000
0.185175
0.184033
0.182483
0.180667
0.175997
0.178288
0.180267
0.181976
0.183366
0.184520
0.185467
0.000000
0.000000
0.099304
0.103825
0.107656
0.110855
0.113469
0.115524
0.117043
0.118054
0.118549
0.118549
0.118054
0.117043
0.115524
0.113469
0.110855
0.107656
0.103825
0.099304
0.000000
0.000000
0.185467
0.184520
0.183366
0.181976
0.180267
0.178288
0.175997
0.170008
0.172774
0.175240
0.177387
0.179235
0.180821
0.182196
0.183316
0.184269
0.184993
0.185646
0.000000
0.000000
0.000000
0.000000
0.098131
0.099316
0.099910
0.099910
0.099316
0.098131
0.000000
0.000000
0.000000
0.000000
0.185646
0.184993
0.184269
0.183316
0.182196
0.180821
0.179235
0.177387
0.175240
0.172774
0.170008
0.163399
0.166166
0.168888
0.171435
0.173731
0.175743
0.177478
0.178968
0.180263
0.181337
0.182260
0.182991
0.183624
0.184120
0.184448
0.184696
0.184862
0.184945
0.184945
0.184862
0.184696
0.184448
0.184120
0.183624
0.182991
0.182260
0.181337
0.180263
0.178968
0.177478
0.175743
0.173731
0.171435
0.168888
0.166166
0.163399
0.157507
0.159777
0.162128
0.164539
0.166923
0.169193
0.171278
0.173135
0.174756
0.176165
0.177338
0.178339
0.179149
0.179830
0.180335
0.180701
0.180947
0.181070
0.181070
0.180947
0.180701
0.180335
0.179830
0.179149
0.178339
0.177338
0.176165
0.174756
0.173135
0.171278
0.169193
0.166923
0.164539
0.162128
0.159777
0.157507
0.152349
0.154342
0.156287
0.158229
0.160188
0.162162
0.164120
0.166015
0.167794
0.169408
0.170832
0.172072
0.173093
0.173950
0.174596
0.175080
0.175404
0.175566
0.175566
0.175404
0.175080
0.174596
0.173950
0.173093
0.172072
0.170832
0.169408
0.167794
0.166015
0.164120
0.162162
0.160188
0.158229
0.156287
0.154342
0.152349
0.146894
0.149081
0.151029
0.152819
0.154505
0.156115
0.157687
0.159221
0.160699
0.162100
0.163429
0.164630
0.165689
0.166589
0.167319
0.167869
0.168236
0.168419
0.168419
0.168236
0.167869
0.167319
0.166589
0.165689
0.164630
0.163429
0.162100
0.160699
0.159221
0.157687
0.156115
0.154505
0.152819
0.151029
0.149081
0.146894
0.139614
0.142620
0.145113
0.147225
0.149054
0.150679
0.152147
0.153484
0.154725
0.155862
0.156923
0.157865
0.158724
0.159451
0.160040
0.160511
0.160827
0.160985
0.160985
0.160827
0.160511
0.160040
0.159451
0.158724
0.157865
0.156923
0.155862
0.154725
0.153484
0.152147
0.150679
0.149054
0.147225
0.145113
0.142620
0.139614
0.128683
0.133031
0.136715
0.139795
0.142330
0.144445
0.146240
0.147768
0.149079
0.150241
0.151237
0.152115
0.152859
0.153482
0.153985
0.154368
0.154624
0.154752
0.154752
0.154624
0.154368
0.153985
0.153482
0.152859
0.152115
0.151237
0.150241
0.149079
0.147768
0.146240
0.144445
0.142330
0.139795
0.136715
0.133031
0.128683
0.114131
0.119476
0.124269
0.128511
0.132213
0.135363
0.138036
0.140245
0.142098
0.143623
0.144892
0.145977
0.146827
0.147538
0.148101
0.148497
0.148762
0.148894
0.148894
0.148762
0.148497
0.148101
0.147538
0.146827
0.145977
0.144892
0.143623
0.142098
0.140245
0.138036
0.135363
0.132213
0.128511
0.124269
0.119476
0.114131
0.000000
0.102671
0.108342
0.113412
0.117953
0.122002
0.125585
0.128723
0.131436
0.133747
0.135678
0.137266
0.138565
0.139602
0.140395
0.140964
0.141345
0.141536
0.141536
0.141345
0.140964
0.140395
0.139602
0.138565
0.137266
0.135678
0.133747
0.131436
0.128723
0.125585
0.122002
0.117953
0.113412
0.108342
0.102671
0.000000
0.184680
0.185592
0.000000
0.000000
0.100278
0.105088
0.109359
0.113138
0.116471
0.119385
0.121915
0.124072
0.125876
0.127341
0.128494
0.129343
0.129910
0.130185
0.130185
0.129910
0.129343
0.128494
0.127341
0.125876
0.124072
0.121915
0.119385
0.116471
0.113138
0.109359
0.105088
0.100278
0.000000
0.000000
0.185592
0.184680
0.181033
0.182346
0.183460
0.184394
0.185155
0.185870
0.000000
0.000000
0.000000
0.101382
0.104398
0.106971
0.109133
0.110905
0.112305
0.113341
0.114032
0.114370
0.114370
0.114032
0.113341
0.112305
0.110905
0.109133
0.106971
0.104398
0.101382
0.000000
0.000000
0.000000
0.185870
0.185155
0.184394
0.183460
0.182346
0.181033
0.176004
0.177690
0.179167
0.180477
0.181621
0.182591
0.183443
0.184176
0.184727
0.185228
0.185675
0.000000
0.000000
0.000000
0.000000
0.000000
0.000000
0.000000
0.000000
0.000000
0.000000
0.000000
0.000000
0.000000
0.000000
0.185675
0.185228
0.184727
0.184176
0.183443
0.182591
0.181621
0.180477
0.179167
0.177690
0.176004
0.169477
0.171543
0.173416
0.175085
0.176568
0.177884
0.179000
0.180019
0.180846
0.181597
0.182228
0.182731
0.183165
0.183528
0.183819
0.184030
0.184141
0.184197
0.184197
0.184141
0.184030
0.183819
0.183528
0.183165
0.182731
0.182228
0.181597
0.180846
0.180019
0.179000
0.177884
0.176568
0.175085
0.173416
0.171543
0.169477
0.162421
0.164400
0.166353
0.168228
0.169987
0.171584
0.173015
0.174296
0.175405
0.176375
0.177197
0.177920
0.178489
0.178959
0.179336
0.179620
0.179809
0.179904
0.179904
0.179809
0.179620
0.179336
0.178959
0.178489
0.177920
0.177197
0.176375
0.175405
0.174296
0.173015
0.171584
0.169987
0.168228
0.166353
0.164400
0.162421
0.156330
0.157925
0.159533
0.161133
0.162711
0.164248
0.165729
0.167118
0.168392
0.169541
0.170551
0.171427
0.172172
0.172771
0.173251
0.173612
0.173853
0.173974
0.173974
0.173853
0.173612
0.173251
0.172771
0.172172
0.171427
0.170551
0.169541
0.168392
0.167118
0.165729
0.164248
0.162711
0.161133
0.159533
0.157925
0.156330
0.150893
0.152391
0.153792
0.155132
0.156416
0.157655
0.158859
0.159991
0.161099
0.162108
0.163059
0.163896
0.164642
0.165269
0.165773
0.166155
0.166413
0.166542
0.166542
0.166413
0.166155
0.165773
0.165269
0.164642
0.163896
0.163059
0.162108
0.161099
0.159991
0.158859
0.157655
0.156416
0.155132
0.153792
0.152391
0.150893
0.144735
0.146556
0.148157
0.149561
0.150834
0.152002
0.153065
0.154048
0.154959
0.155784
0.156544
0.157222
0.157805
0.158311
0.158728
0.159041
0.159250
0.159354
0.159354
0.159250
0.159041
0.158728
0.158311
0.157805
0.157222
0.156544
0.155784
0.154959
0.154048
0.153065
0.152002
0.150834
0.149561
0.148157
0.146556
0.144735
0.135864
0.138560
0.140854
0.142807
0.144484
0.145940
0.147171
0.148277
0.149227
0.150083
0.150809
0.151447
0.151997
0.152446
0.152807
0.153077
0.153258
0.153349
0.153349
0.153258
0.153077
0.152807
0.152446
0.151997
0.151447
0.150809
0.150083
0.149227
0.148277
0.147171
0.145940
0.144484
0.142807
0.140854
0.138560
0.135864
0.122720
0.126439
0.129755
0.132663
0.135193
0.137371
0.139227
0.140809
0.142171
0.143297
0.144272
0.145066
0.145750
0.146291
0.146705
0.147017
0.147225
0.147329
0.147329
0.147225
0.147017
0.146705
0.146291
0.145750
0.145066
0.144272
0.143297
0.142171
0.140809
0.139227
0.137371
0.135193
0.132663
0.129755
0.126439
0.122720
0.106060
0.110517
0.114550
0.118198
0.121482
0.124429
0.127048
0.129358
0.131369
0.133099
0.134574
0.135820
0.136827
0.137657
0.138296
0.138754
0.139060
0.139213
0.139213
0.139060
0.138754
0.138296
0.137657
0.136827
0.135820
0.134574
0.133099
0.131369
0.129358
0.127048
0.124429
0.121482
0.118198
0.114550
0.110517
0.106060
0.000000
0.000000
0.000000
0.100193
0.104140
0.107678
0.110841
0.113666
0.116169
0.118368
0.120285
0.121934
0.123315
0.124454
0.125351
0.126024
0.126459
0.126676
0.126676
0.126459
0.126024
0.125351
0.124454
0.123315
0.121934
0.120285
0.118368
0.116169
0.113666
0.110841
0.107678
0.104140
0.100193
0.000000
0.000000
0.000000
0.182831
0.183744
0.184465
0.185089
0.185675
0.000000
0.000000
0.000000
0.000000
0.099933
0.102243
0.104226
0.105898
0.107267
0.108355
0.109160
0.109697
0.109966
0.109966
0.109697
0.109160
0.108355
0.107267
0.105898
0.104226
0.102243
0.099933
0.000000
0.000000
0.000000
0.000000
0.185675
0.185089
0.184465
0.183744
0.182831
0.178244
0.179436
0.180500
0.181443
0.182280
0.182984
0.183638
0.184184
0.184604
0.184983
0.185322
0.185620
0.185876
0.000000
0.000000
0.000000
0.000000
0.000000
0.000000
0.000000
0.000000
0.000000
0.000000
0.185876
0.185620
0.185322
0.184983
0.184604
0.184184
0.183638
0.182984
0.182280
0.181443
0.180500
0.179436
0.178244
0.172103
0.173634
0.175008
0.176256
0.177348
0.178331
0.179184
0.179970
0.180607
0.181181
0.181693
0.182121
0.182450
0.182724
0.182944
0.183110
0.183220
0.183275
0.183275
0.183220
0.183110
0.182944
0.182724
0.182450
0.182121
0.181693
0.181181
0.180607
0.179970
0.179184
0.178331
0.177348
0.176256
0.175008
0.173634
0.172103
0.164828
0.166455
0.168017
0.169481
0.170830
0.172070
0.173164
0.174160
0.175015
0.175788
0.176436
0.176990
0.177465
0.177863
0.178163
0.178379
0.178522
0.178594
0.178594
0.178522
0.178379
0.178163
0.177863
0.177465
0.176990
0.176436
0.175788
0.175015
0.174160
0.173164
0.172070
0.170830
0.169481
0.168017
0.166455
0.164828
0.158165
0.159513
0.160844
0.162138
0.163419
0.164640
0.165796
0.166876
0.167866
0.168756
0.169549
0.170237
0.170817
0.171301
0.171689
0.171981
0.172166
0.172258
0.172258
0.172166
0.171981
0.171689
0.171301
0.170817
0.170237
0.169549
0.168756
0.167866
0.166876
0.165796
0.164640
0.163419
0.162138
0.160844
0.159513
0.158165
0.152511
0.153686
0.154811
0.155875
0.156913
0.157888
0.158842
0.159728
0.160573
0.161353
0.162052
0.162700
0.163257
0.163722
0.164098
0.164390
0.164584
0.164682
0.164682
0.164584
0.164390
0.164098
0.163722
0.163257
0.162700
0.162052
0.161353
0.160573
0.159728
0.158842
0.157888
0.156913
0.155875
0.154811
0.153686
0.152511
0.146589
0.147950
0.149139
0.150241
0.151231
0.152152
0.152989
0.153761
0.154472
0.155117
0.155692
0.156206
0.156659
0.157037
0.157341
0.157569
0.157721
0.157797
0.157797
0.157721
0.157569
0.157341
0.157037
0.156659
0.156206
0.155692
0.155117
0.154472
0.153761
0.152989
0.152152
0.151231
0.150241
0.149139
0.147950
0.146589
0.138458
0.140430
0.142145
0.143614
0.144892
0.146044
0.147013
0.147906
0.148662
0.149339
0.149942
0.150445
0.150874
0.151233
0.151520
0.151736
0.151880
0.151952
0.151952
0.151880
0.151736
0.151520
0.151233
0.150874
0.150445
0.149942
0.149339
0.148662
0.147906
0.147013
0.146044
0.144892
0.143614
0.142145
0.140430
0.138458
0.126084
0.128926
0.131473
0.133727
0.135699
0.137410
0.138895
0.140195
0.141289
0.142248
0.143041
0.143737
0.144301
0.144749
0.145109
0.145379
0.145559
0.145649
0.145649
0.145559
0.145379
0.145109
0.144749
0.144301
0.143737
0.143041
0.142248
0.141289
0.140195
0.138895
0.137410
0.135699
0.133727
0.131473
0.128926
0.126084
0.109835
0.113311
0.116481
0.119361
0.121977
0.124327
0.126433
0.128306
0.129959
0.131384
0.132617
0.133670
0.134537
0.135244
0.135811
0.136219
0.136482
0.136614
0.136614
0.136482
0.136219
0.135811
0.135244
0.134537
0.133670
0.132617
0.131384
0.129959
0.128306
0.126433
0.124327
0.121977
0.119361
0.116481
0.113311
0.109835
0.000000
0.000000
0.000000
0.101367
0.104521
0.107365
0.109928
0.112216
0.114253
0.116055
0.117624
0.118977
0.120129
0.121068
0.121821
0.122376
0.122743
0.122927
0.122927
0.122743
0.122376
0.121821
0.121068
0.120129
0.118977
0.117624
0.116055
0.114253
0.112216
0.109928
0.107365
0.104521
0.101367
0.000000
0.000000
0.000000
0.183499
0.184186
0.184723
0.185229
0.185703
0.000000
0.000000
0.000000
0.000000
0.000000
0.098881
0.100528
0.101922
0.103062
0.103975
0.104645
0.105092
0.105315
0.105315
0.105092
0.104645
0.103975
0.103062
0.101922
0.100528
0.098881
0.000000
0.000000
0.000000
0.000000
0.000000
0.185703
0.185229
0.184723
0.184186
0.183499
