0.141273
0.141371
0.141464
0.141552
0.141633
0.141709
0.141779
0.141843
0.141902
0.141955
0.142001
0.142038
0.142070
0.142096
0.142117
0.142133
0.142144
0.142149
0.142149
0.142144
0.142133
0.142117
0.142096
0.142070
0.142038
0.142001
0.141955
0.141902
0.141843
0.141779
0.141709
0.141633
0.141552
0.141464
0.141371
0.141273
0.138120
0.138230
0.138333
0.138430
0.138521
0.138605
0.138683
0.138755
0.138820
0.138879
0.138931
0.138976
0.139016
0.139048
0.139074
0.139094
0.139107
0.139114
0.139114
0.139107
0.139094
0.139074
0.139048
0.139016
0.138976
0.138931
0.138879
0.138820
0.138755
0.138683
0.138605
0.138521
0.138430
0.138333
0.138230
0.138120
0.134429
0.134560
0.134683
0.134798
0.134906
0.135007
0.135100
0.135185
0.135262
0.135332
0.135394
0.135449
0.135495
0.135534
0.135565
0.135588
0.135604
0.135612
0.135612
0.135604
0.135588
0.135565
0.135534
0.135495
0.135449
0.135394
0.135332
0.135262
0.135185
0.135100
0.135007
0.134906
0.134798
0.134683
0.134560
0.134429
0.130226
0.130375
0.130515
0.130647
0.130770
0.130885
0.130990
0.131087
0.131176
0.131255
0.131326
0.131388
0.131441
0.131486
0.131521
0.131548
0.131566
0.131575
0.131575
0.131566
0.131548
0.131521
0.131486
0.131441
0.131388
0.131326
0.131255
0.131176
0.131087
0.130990
0.130885
0.130770
0.130647
0.130515
0.130375
0.130226
0.125535
0.125706
0.125866
0.126016
0.126152
0.126278
0.126394
0.126502
0.126599
0.126687
0.126765
0.126833
0.126892
0.126941
0.126980
0.127009
0.127029
0.127039
0.127039
0.127029
0.127009
0.126980
0.126941
0.126892
0.126833
0.126765
0.126687
0.126599
0.126502
0.126394
0.126278
0.126152
0.126016
0.125866
0.125706
0.125535
0.120438
0.120620
0.120792
0.120953
0.121104
0.121244
0.121373
0.121492
0.121600
0.121697
0.121784
0.121859
0.121924
0.121979
0.122021
0.122053
0.122074
0.122085
0.122085
0.122074
0.122053
0.122021
0.121979
0.121924
0.121859
0.121784
0.121697
0.121600
0.121492
0.121373
0.121244
0.121104
0.120953
0.120792
0.120620
0.120438
0.114971
0.115169
0.115355
0.115530
0.115694
0.115846
0.115987
0.116113
0.116228
0.116331
0.116423
0.116504
0.116573
0.116630
0.116676
0.116711
0.116734
0.116745
0.116745
0.116734
0.116711
0.116676
0.116630
0.116573
0.116504
0.116423
0.116331
0.116228
0.116113
0.115987
0.115846
0.115694
0.115530
0.115355
0.115169
0.114971
0.109129
0.109343
0.109545
0.109734
0.109911
0.110074
0.110223
0.110359
0.110484
0.110595
0.110695
0.110782
0.110857
0.110919
0.110969
0.111007
0.111032
0.111044
0.111044
0.111032
0.111007
0.110969
0.110919
0.110857
0.110782
0.110695
0.110595
0.110484
0.110359
0.110223
0.110074
0.109911
0.109734
0.109545
0.109343
0.109129
0.102869
0.103100
0.103318
0.103523
0.103714
0.103892
0.104055
0.104203
0.104337
0.104458
0.104566
0.104660
0.104741
0.104808
0.104862
0.104903
0.104930
0.104943
0.104943
0.104930
0.104903
0.104862
0.104808
0.104741
0.104660
0.104566
0.104458
0.104337
0.104203
0.104055
0.103892
0.103714
0.103523
0.103318
0.103100
0.102869
0.000000
0.000000
0.000000
0.000000
0.000000
0.000000
0.000000
0.000000
0.000000
0.000000
0.000000
0.098090
0.098177
0.098250
0.098308
0.098352
0.098381
0.098396
0.098396
0.098381
0.098352
0.098308
0.098250
0.098177
0.098090
0.000000
0.000000
0.000000
0.000000
0.000000
0.000000
0.000000
0.000000
0.000000
0.000000
0.000000
0.000000
0.000000
0.000000
0.000000
0.000000
0.000000
0.000000
0.000000
0.000000
0.000000
0.000000
0.000000
0.000000
0.000000
0.000000
0.000000
0.000000
0.000000
0.000000
0.000000
0.000000
0.000000
0.000000
0.000000
0.000000
0.000000
0.000000
0.000000
0.000000
0.000000
0.000000
0.000000
0.000000
0.000000
0.000000
0.000000
0.185486
0.185522
0.185557
0.185589
0.185619
0.185647
0.185673
0.185697
0.185719
0.185739
0.185756
0.185771
0.185784
0.185795
0.185804
0.185810
0.185815
0.185817
0.185817
0.185815
0.185810
0.185804
0.185795
0.185784
0.185771
0.185756
0.185739
0.185719
0.185697
0.185673
0.185647
0.185619
0.185589
0.185557
0.185522
0.185486
0.184494
0.184531
0.184565
0.184598
0.184628
0.184657
0.184683
0.184707
0.184729
0.184749
0.184766
0.184782
0.184795
0.184806
0.184815
0.184821
0.184826
0.184828
0.184828
0.184826
0.184821
0.184815
0.184806
0.184795
0.184782
0.184766
0.184749
0.184729
0.184707
0.184683
0.184657
0.184628
0.184598
0.184565
0.184531
0.184494
0.183346
0.183394
0.183441
0.183484
0.183524
0.183562
0.183597
0.183629
0.183658
0.183684
0.183707
0.183728
0.183745
0.183760
0.183771
0.183780
0.183786
0.183789
0.183789
0.183786
0.183780
0.183771
0.183760
0.183745
0.183728
0.183707
0.183684
0.183658
0.183629
0.183597
0.183562
0.183524
0.183484
0.183441
0.183394
0.183346
0.182043
0.182093
0.182139
0.182183
0.182224
0.182262
0.182297
0.182329
0.182359
0.182385
0.182409
0.182429
0.182447
0.182462
0.182474
0.182482
0.182488
0.182491
0.182491
0.182488
0.182482
0.182474
0.182462
0.182447
0.182429
0.182409
0.182385
0.182359
0.182329
0.182297
0.182262
0.182224
0.182183
0.182139
0.182093
0.182043
0.180519
0.180577
0.180633
0.180685
0.180733
0.180779
0.180820
0.180859
0.180894
0.180925
0.180953
0.180978
0.180999
0.181016
0.181030
0.181041
0.181048
0.181051
0.181051
0.181048
0.181041
0.181030
0.181016
0.180999
0.180978
0.180953
0.180925
0.180894
0.180859
0.180820
0.180779
0.180733
0.180685
0.180633
0.180577
0.180519
0.178853
0.178920
0.178983
0.179043
0.179098
0.179150
0.179198
0.179242
0.179282
0.179318
0.179350
0.179378
0.179402
0.179422
0.179438
0.179450
0.179458
0.179462
0.179462
0.179458
0.179450
0.179438
0.179422
0.179402
0.179378
0.179350
0.179318
0.179282
0.179242
0.179198
0.179150
0.179098
0.179043
0.178983
0.178920
0.178853
0.177020
0.177096
0.177167
0.177234
0.177296
0.177354
0.177408
0.177457
0.177502
0.177543
0.177579
0.177610
0.177637
0.177660
0.177678
0.177691
0.177700
0.177705
0.177705
0.177700
0.177691
0.177678
0.177660
0.177637
0.177610
0.177579
0.177543
0.177502
0.177457
0.177408
0.177354
0.177296
0.177234
0.177167
0.177096
0.177020
0.175007
0.175090
0.175169
0.175243
0.175312
0.175376
0.175436
0.175490
0.175540
0.175585
0.175625
0.175660
0.175690
0.175715
0.175735
0.175750
0.175760
0.175765
0.175765
0.175760
0.175750
0.175735
0.175715
0.175690
0.175660
0.175625
0.175585
0.175540
0.175490
0.175436
0.175376
0.175312
0.175243
0.175169
0.175090
0.175007
0.172811
0.172902
0.172988
0.173069
0.173144
0.173214
0.173279
0.173338
0.173392
0.173441
0.173484
0.173522
0.173555
0.173582
0.173604
0.173620
0.173631
0.173637
0.173637
0.173631
0.173620
0.173604
0.173582
0.173555
0.173522
0.173484
0.173441
0.173392
0.173338
0.173279
0.173214
0.173144
0.173069
0.172988
0.172902
0.172811
0.170457
0.170554
0.170645
0.170731
0.170812
0.170887
0.170956
0.171019
0.171077
0.171129
0.171175
0.171216
0.171251
0.171280
0.171303
0.171321
0.171332
0.171338
0.171338
0.171332
0.171321
0.171303
0.171280
0.171251
0.171216
0.171175
0.171129
0.171077
0.171019
0.170956
0.170887
0.170812
0.170731
0.170645
0.170554
0.170457
0.167994
0.168095
0.168191
0.168281
0.168364
0.168443
0.168515
0.168581
0.168641
0.168696
0.168744
0.168786
0.168823
0.168853
0.168877
0.168896
0.168908
0.168914
0.168914
0.168908
0.168896
0.168877
0.168853
0.168823
0.168786
0.168744
0.168696
0.168641
0.168581
0.168515
0.168443
0.168364
0.168281
0.168191
0.168095
0.167994
0.165507
0.165609
0.165704
0.165794
0.165878
0.165956
0.166029
0.166096
0.166158
0.166213
0.166263
0.166306
0.166343
0.166374
0.166398
0.166417
0.166429
0.166436
0.166436
0.166429
0.166417
0.166398
0.166374
0.166343
0.166306
0.166263
0.166213
0.166158
0.166096
0.166029
0.165956
0.165878
0.165794
0.165704
0.165609
0.165507
0.163093
0.163192
0.163285
0.163372
0.163454
0.163529
0.163600
0.163664
0.163723
0.163776
0.163823
0.163864
0.163899
0.163929
0.163952
0.163970
0.163982
0.163988
0.163988
0.163982
0.163970
0.163952
0.163929
0.163899
0.163864
0.163823
0.163776
0.163723
0.163664
0.163600
0.163529
0.163454
0.163372
0.163285
0.163192
0.163093
0.160810
0.160904
0.160993
0.161076
0.161154
0.161226
0.161293
0.161355
0.161411
0.161461
0.161506
0.161546
0.161579
0.161608
0.161630
0.161647
0.161658
0.161664
0.161664
0.161658
0.161647
0.161630
0.161608
0.161579
0.161546
0.161506
0.161461
0.161411
0.161355
0.161293
0.161226
0.161154
0.161076
0.160993
0.160904
0.160810
0.158677
0.158766
0.158850
0.158929
0.159003
0.159072
0.159135
0.159194
0.159247
0.159295
0.159337
0.159374
0.159407
0.159433
0.159455
0.159471
0.159481
0.159487
0.159487
0.159481
0.159471
0.159455
0.159433
0.159407
0.159374
0.159337
0.159295
0.159247
0.159194
0.159135
0.159072
0.159003
0.158929
0.158850
0.158766
0.158677
0.156680
0.156765
0.156845
0.156920
0.156990
0.157055
0.157116
0.157171
0.157222
0.157267
0.157308
0.157343
0.157374
0.157399
0.157420
0.157435
0.157445
0.157450
0.157450
0.157445
0.157435
0.157420
0.157399
0.157374
0.157343
0.157308
0.157267
0.157222
0.157171
0.157116
0.157055
0.156990
0.156920
0.156845
0.156765
0.156680
0.154777
0.154859
0.154936
0.155009
0.155077
0.155141
0.155199
0.155253
0.155302
0.155346
0.155385
0.155420
0.155449
0.155474
0.155494
0.155509
0.155518
0.155523
0.155523
0.155518
0.155509
0.155494
0.155474
0.155449
0.155420
0.155385
0.155346
0.155302
0.155253
0.155199
0.155141
0.155077
0.155009
0.154936
0.154859
0.154777
0.152917
0.152999
0.153076
0.153149
0.153217
0.153280
0.153339
0.153392
0.153441
0.153486
0.153525
0.153559
0.153589
0.153613
0.153633
0.153648
0.153658
0.153663
0.153663
0.153658
0.153648
0.153633
0.153613
0.153589
0.153559
0.153525
0.153486
0.153441
0.153392
0.153339
0.153280
0.153217
0.153149
0.153076
0.152999
0.152917
0.151045
0.151130
0.151210
0.151286
0.151356
0.151422
0.151482
0.151538
0.151589
0.151634
0.151675
0.151711
0.151741
0.151767
0.151787
0.151803
0.151813
0.151818
0.151818
0.151813
0.151803
0.151787
0.151767
0.151741
0.151711
0.151675
0.151634
0.151589
0.151538
0.151482
0.151422
0.151356
0.151286
0.151210
0.151130
0.151045
0.149102
0.149193
0.149279
0.149360
0.149435
0.149506
0.149571
0.149630
0.149685
0.149734
0.149778
0.149816
0.149849
0.149876
0.149898
0.149914
0.149925
0.149931
0.149931
0.149925
0.149914
0.149898
0.149876
0.149849
0.149816
0.149778
0.149734
0.149685
0.149630
0.149571
0.149506
0.149435
0.149360
0.149279
0.149193
0.149102
0.147016
0.147117
0.147212
0.147301
0.147384
0.147461
0.147533
0.147599
0.147659
0.147713
0.147761
0.147803
0.147840
0.147870
0.147894
0.147912
0.147924
0.147930
0.147930
0.147924
0.147912
0.147894
0.147870
0.147840
0.147803
0.147761
0.147713
0.147659
0.147599
0.147533
0.147461
0.147384
0.147301
0.147212
0.147117
0.147016
0.144709
0.144822
0.144928
0.145028
0.145121
0.145208
0.145288
0.145362
0.145429
0.145490
0.145544
0.145591
0.145632
0.145665
0.145693
0.145713
0.145726
0.145733
0.145733
0.145726
0.145713
0.145693
0.145665
0.145632
0.145591
0.145544
0.145490
0.145429
0.145362
0.145288
0.145208
0.145121
0.145028
0.144928
0.144822
0.144709
0.142101
0.142228
0.142347
0.142460
0.142565
0.142663
0.142754
0.142837
0.142913
0.142981
0.143042
0.143095
0.143141
0.143179
0.143210
0.143233
0.143248
0.143256
0.143256
0.143248
0.143233
0.143210
0.143179
0.143141
0.143095
0.143042
0.142981
0.142913
0.142837
0.142754
0.142663
0.142565
0.142460
0.142347
0.142228
0.142101
0.139036
0.139193
0.139341
0.139481
0.139612
0.139733
0.139846
0.139949
0.140039
0.140116
0.140185
0.140245
0.140296
0.140339
0.140374
0.140399
0.140417
0.140425
0.140425
0.140417
0.140399
0.140374
0.140339
0.140296
0.140245
0.140185
0.140116
0.140039
0.139949
0.139846
0.139733
0.139612
0.139481
0.139341
0.139193
0.139036
0.135497
0.135685
0.135862
0.136027
0.136172
0.136306
0.136431
0.136545
0.136649
0.136743
0.136827
0.136900
0.136963
0.137015
0.137057
0.137089
0.137110
0.137120
0.137120
0.137110
0.137089
0.137057
0.137015
0.136963
0.136900
0.136827
0.136743
0.136649
0.136545
0.136431
0.136306
0.136172
0.136027
0.135862
0.135685
0.135497
0.131418
0.131634
0.131837
0.132026
0.132195
0.132352
0.132498
0.132632
0.132753
0.132863
0.132961
0.133047
0.133120
0.133182
0.133231
0.133268
0.133292
0.133305
0.133305
0.133292
0.133268
0.133231
0.133182
0.133120
0.133047
0.132961
0.132863
0.132753
0.132632
0.132498
0.132352
0.132195
0.132026
0.131837
0.131634
0.131418
0.126838
0.127077
0.127301
0.127513
0.127711
0.127895
0.128063
0.128213
0.128350
0.128474
0.128584
0.128680
0.128763
0.128832
0.128887
0.128929
0.128956
0.128970
0.128970
0.128956
0.128929
0.128887
0.128832
0.128763
0.128680
0.128584
0.128474
0.128350
0.128213
0.128063
0.127895
0.127711
0.127513
0.127301
0.127077
0.126838
0.121834
0.122096
0.122339
0.122568
0.122782
0.122982
0.123166
0.123336
0.123491
0.123630
0.123754
0.123863
0.123956
0.124033
0.124093
0.124139
0.124169
0.124184
0.124184
0.124169
0.124139
0.124093
0.124033
0.123956
0.123863
0.123754
0.123630
0.123491
0.123336
0.123166
0.122982
0.122782
0.122568
0.122339
0.122096
0.121834
0.116443
0.116725
0.116992
0.117243
0.117477
0.117696
0.117898
0.118082
0.118248
0.118397
0.118530
0.118646
0.118746
0.118829
0.118896
0.118946
0.118980
0.118996
0.118996
0.118980
0.118946
0.118896
0.118829
0.118746
0.118646
0.118530
0.118397
0.118248
0.118082
0.117898
0.117696
0.117477
0.117243
0.116992
0.116725
0.116443
0.110679
0.110987
0.111277
0.111550
0.111805
0.112042
0.112257
0.112455
0.112635
0.112797
0.112942
0.113069
0.113178
0.113269
0.113341
0.113396
0.113432
0.113451
0.113451
0.113432
0.113396
0.113341
0.113269
0.113178
0.113069
0.112942
0.112797
0.112635
0.112455
0.112257
0.112042
0.111805
0.111550
0.111277
0.110987
0.110679
0.104509
0.104842
0.105157
0.105454
0.105731
0.105989
0.106223
0.106438
0.106634
0.106811
0.106968
0.107106
0.107224
0.107323
0.107402
0.107462
0.107501
0.107521
0.107521
0.107501
0.107462
0.107402
0.107323
0.107224
0.107106
0.106968
0.106811
0.106634
0.106438
0.106223
0.105989
0.105731
0.105454
0.105157
0.104842
0.104509
0.000000
0.098245
0.098586
0.098908
0.099209
0.099489
0.099748
0.099987
0.100200
0.100391
0.100562
0.100712
0.100840
0.100948
0.101034
0.101098
0.101141
0.101162
0.101162
0.101141
0.101098
0.101034
0.100948
0.100840
0.100712
0.100562
0.100391
0.100200
0.099987
0.099748
0.099489
0.099209
0.098908
0.098586
0.098245
0.000000
0.000000
0.000000
0.000000
0.000000
0.000000
0.000000
0.000000
0.000000
0.000000
0.000000
0.000000
0.000000
0.000000
0.000000
0.000000
0.000000
0.000000
0.000000
0.000000
0.000000
0.000000
0.000000
0.000000
0.000000
0.000000
0.000000
0.000000
0.000000
0.000000
0.000000
0.000000
0.000000
0.000000
0.000000
0.000000
0.000000
0.185727
0.185781
0.185833
0.185881
0.185927
0.185969
0.000000
0.000000
0.000000
0.000000
0.000000
0.000000
0.000000
0.000000
0.000000
0.000000
0.000000
0.000000
0.000000
0.000000
0.000000
0.000000
0.000000
0.000000
0.000000
0.000000
0.000000
0.000000
0.000000
0.000000
0.185969
0.185927
0.185881
0.185833
0.185781
0.185727
0.184730
0.184786
0.184838
0.184887
0.184933
0.184976
0.185016
0.185053
0.185086
0.185116
0.185143
0.185166
0.185187
0.185203
0.185217
0.185227
0.185234
0.185237
0.185237
0.185234
0.185227
0.185217
0.185203
0.185187
0.185166
0.185143
0.185116
0.185086
0.185053
0.185016
0.184976
0.184933
0.184887
0.184838
0.184786
0.184730
0.183650
0.183724
0.183794
0.183859
0.183921
0.183978
0.184024
0.184061
0.184095
0.184125
0.184153
0.184176
0.184197
0.184214
0.184228
0.184238
0.184245
0.184248
0.184248
0.184245
0.184238
0.184228
0.184214
0.184197
0.184176
0.184153
0.184125
0.184095
0.184061
0.184024
0.183978
0.183921
0.183859
0.183794
0.183724
0.183650
0.182342
0.182417
0.182487
0.182554
0.182616
0.182675
0.182729
0.182778
0.182823
0.182864
0.182900
0.182932
0.182960
0.182983
0.183001
0.183015
0.183024
0.183028
0.183028
0.183024
0.183015
0.183001
0.182983
0.182960
0.182932
0.182900
0.182864
0.182823
0.182778
0.182729
0.182675
0.182616
0.182554
0.182487
0.182417
0.182342
0.180862
0.180952
0.181036
0.181116
0.181191
0.181260
0.181325
0.181384
0.181438
0.181487
0.181530
0.181568
0.181601
0.181628
0.181650
0.181667
0.181678
0.181683
0.181683
0.181678
0.181667
0.181650
0.181628
0.181601
0.181568
0.181530
0.181487
0.181438
0.181384
0.181325
0.181260
0.181191
0.181116
0.181036
0.180952
0.180862
0.179233
0.179336
0.179433
0.179525
0.179611
0.179691
0.179765
0.179833
0.179895
0.179951
0.180001
0.180040
0.180073
0.180101
0.180123
0.180140
0.180151
0.180157
0.180157
0.180151
0.180140
0.180123
0.180101
0.180073
0.180040
0.180001
0.179951
0.179895
0.179833
0.179765
0.179691
0.179611
0.179525
0.179433
0.179336
0.179233
0.177432
0.177548
0.177658
0.177762
0.177859
0.177949
0.178030
0.178099
0.178162
0.178219
0.178270
0.178315
0.178353
0.178385
0.178411
0.178430
0.178443
0.178449
0.178449
0.178443
0.178430
0.178411
0.178385
0.178353
0.178315
0.178270
0.178219
0.178162
0.178099
0.178030
0.177949
0.177859
0.177762
0.177658
0.177548
0.177432
0.175446
0.175575
0.175698
0.175813
0.175921
0.176020
0.176105
0.176183
0.176255
0.176319
0.176377
0.176427
0.176471
0.176507
0.176536
0.176558
0.176572
0.176579
0.176579
0.176572
0.176558
0.176536
0.176507
0.176471
0.176427
0.176377
0.176319
0.176255
0.176183
0.176105
0.176020
0.175921
0.175813
0.175698
0.175575
0.175446
0.173271
0.173413
0.173547
0.173673
0.173791
0.173902
0.174004
0.174091
0.174171
0.174243
0.174307
0.174363
0.174411
0.174452
0.174484
0.174508
0.174524
0.174532
0.174532
0.174524
0.174508
0.174484
0.174452
0.174411
0.174363
0.174307
0.174243
0.174171
0.174091
0.174004
0.173902
0.173791
0.173673
0.173547
0.173413
0.173271
0.170928
0.171080
0.171224
0.171359
0.171486
0.171605
0.171715
0.171816
0.171908
0.171991
0.172062
0.172124
0.172177
0.172221
0.172256
0.172283
0.172301
0.172310
0.172310
0.172301
0.172283
0.172256
0.172221
0.172177
0.172124
0.172062
0.171991
0.171908
0.171816
0.171715
0.171605
0.171486
0.171359
0.171224
0.171080
0.170928
0.168465
0.168624
0.168775
0.168918
0.169051
0.169176
0.169291
0.169397
0.169494
0.169582
0.169660
0.169728
0.169787
0.169836
0.169876
0.169905
0.169925
0.169935
0.169935
0.169925
0.169905
0.169876
0.169836
0.169787
0.169728
0.169660
0.169582
0.169494
0.169397
0.169291
0.169176
0.169051
0.168918
0.168775
0.168624
0.168465
0.165957
0.166120
0.166275
0.166421
0.166557
0.166685
0.166803
0.166912
0.167012
0.167102
0.167182
0.167252
0.167312
0.167363
0.167403
0.167433
0.167454
0.167464
0.167464
0.167454
0.167433
0.167403
0.167363
0.167312
0.167252
0.167182
0.167102
0.167012
0.166912
0.166803
0.166685
0.166557
0.166421
0.166275
0.166120
0.165957
0.163509
0.163666
0.163815
0.163955
0.164090
0.164218
0.164336
0.164445
0.164545
0.164634
0.164715
0.164785
0.164845
0.164896
0.164936
0.164967
0.164987
0.164997
0.164997
0.164987
0.164967
0.164936
0.164896
0.164845
0.164785
0.164715
0.164634
0.164545
0.164445
0.164336
0.164218
0.164090
0.163955
0.163815
0.163666
0.163509
0.161186
0.161337
0.161480
0.161615
0.161741
0.161859
0.161968
0.162073
0.162171
0.162259
0.162337
0.162406
0.162465
0.162515
0.162554
0.162584
0.162604
0.162614
0.162614
0.162604
0.162584
0.162554
0.162515
0.162465
0.162406
0.162337
0.162259
0.162171
0.162073
0.161968
0.161859
0.161741
0.161615
0.161480
0.161337
0.161186
0.159014
0.159158
0.159294
0.159423
0.159543
0.159656
0.159760
0.159856
0.159944
0.160025
0.160101
0.160167
0.160224
0.160272
0.160310
0.160338
0.160358
0.160367
0.160367
0.160358
0.160338
0.160310
0.160272
0.160224
0.160167
0.160101
0.160025
0.159944
0.159856
0.159760
0.159656
0.159543
0.159423
0.159294
0.159158
0.159014
0.156981
0.157119
0.157250
0.157373
0.157488
0.157596
0.157696
0.157789
0.157873
0.157949
0.158018
0.158081
0.158136
0.158181
0.158218
0.158245
0.158263
0.158272
0.158272
0.158263
0.158245
0.158218
0.158181
0.158136
0.158081
0.158018
0.157949
0.157873
0.157789
0.157696
0.157596
0.157488
0.157373
0.157250
0.157119
0.156981
0.155050
0.155184
0.155312
0.155432
0.155545
0.155650
0.155748
0.155838
0.155920
0.155995
0.156064
0.156125
0.156177
0.156221
0.156256
0.156282
0.156299
0.156308
0.156308
0.156299
0.156282
0.156256
0.156221
0.156177
0.156125
0.156064
0.155995
0.155920
0.155838
0.155748
0.155650
0.155545
0.155432
0.155312
0.155184
0.155050
0.153170
0.153306
0.153434
0.153555
0.153668
0.153774
0.153873
0.153964
0.154047
0.154123
0.154191
0.154250
0.154301
0.154344
0.154378
0.154404
0.154421
0.154430
0.154430
0.154421
0.154404
0.154378
0.154344
0.154301
0.154250
0.154191
0.154123
0.154047
0.153964
0.153873
0.153774
0.153668
0.153555
0.153434
0.153306
0.153170
0.151288
0.151429
0.151562
0.151689
0.151807
0.151918
0.152020
0.152113
0.152198
0.152274
0.152342
0.152402
0.152454
0.152497
0.152532
0.152558
0.152575
0.152584
0.152584
0.152575
0.152558
0.152532
0.152497
0.152454
0.152402
0.152342
0.152274
0.152198
0.152113
0.152020
0.151918
0.151807
0.151689
0.151562
0.151429
0.151288
0.149340
0.149492
0.149637
0.149773
0.149901
0.150020
0.150125
0.150222
0.150310
0.150390
0.150462
0.150524
0.150578
0.150623
0.150660
0.150687
0.150705
0.150714
0.150714
0.150705
0.150687
0.150660
0.150623
0.150578
0.150524
0.150462
0.150390
0.150310
0.150222
0.150125
0.150020
0.149901
0.149773
0.149637
0.149492
0.149340
0.147254
0.147423
0.147583
0.147735
0.147877
0.148010
0.148123
0.148228
0.148324
0.148411
0.148488
0.148556
0.148614
0.148663
0.148702
0.148732
0.148751
0.148761
0.148761
0.148751
0.148732
0.148702
0.148663
0.148614
0.148556
0.148488
0.148411
0.148324
0.148228
0.148123
0.148010
0.147877
0.147735
0.147583
0.147423
0.147254
0.144946
0.145137
0.145318
0.145490
0.145651
0.145801
0.145941
0.146063
0.146170
0.146267
0.146353
0.146428
0.146493
0.146548
0.146592
0.146624
0.146646
0.146657
0.146657
0.146646
0.146624
0.146592
0.146548
0.146493
0.146428
0.146353
0.146267
0.146170
0.146063
0.145941
0.145801
0.145651
0.145490
0.145318
0.145137
0.144946
0.142335
0.142552
0.142758
0.142953
0.143136
0.143307
0.143466
0.143613
0.143748
0.143869
0.143978
0.144066
0.144139
0.144201
0.144250
0.144288
0.144312
0.144325
0.144325
0.144312
0.144288
0.144250
0.144201
0.144139
0.144066
0.143978
0.143869
0.143748
0.143613
0.143466
0.143307
0.143136
0.142953
0.142758
0.142552
0.142335
0.139284
0.139556
0.139814
0.140052
0.140260
0.140454
0.140635
0.140802
0.140955
0.141093
0.141217
0.141325
0.141419
0.141497
0.141559
0.141606
0.141638
0.141654
0.141654
0.141638
0.141606
0.141559
0.141497
0.141419
0.141325
0.141217
0.141093
0.140955
0.140802
0.140635
0.140454
0.140260
0.140052
0.139814
0.139556
0.139284
0.135743
0.136065
0.136352
0.136624
0.136880
0.137120
0.137343
0.137549
0.137737
0.137908
0.138055
0.138178
0.138283
0.138371
0.138442
0.138496
0.138531
0.138549
0.138549
0.138531
0.138496
0.138442
0.138371
0.138283
0.138178
0.138055
0.137908
0.137737
0.137549
0.137343
0.137120
0.136880
0.136624
0.136352
0.136065
0.135743
0.131639
0.132016
0.132355
0.132676
0.132978
0.133262
0.133525
0.133768
0.133991
0.134180
0.134348
0.134497
0.134624
0.134731
0.134817
0.134881
0.134924
0.134946
0.134946
0.134924
0.134881
0.134817
0.134731
0.134624
0.134497
0.134348
0.134180
0.133991
0.133768
0.133525
0.133262
0.132978
0.132676
0.132355
0.132016
0.131639
0.127014
0.127436
0.127837
0.128208
0.128551
0.128872
0.129172
0.129448
0.129701
0.129930
0.130129
0.130301
0.130449
0.130573
0.130673
0.130747
0.130797
0.130822
0.130822
0.130797
0.130747
0.130673
0.130573
0.130449
0.130301
0.130129
0.129930
0.129701
0.129448
0.129172
0.128872
0.128551
0.128208
0.127837
0.127436
0.127014
0.121951
0.122413
0.122851
0.123266
0.123657
0.124022
0.124353
0.124659
0.124939
0.125193
0.125420
0.125619
0.125791
0.125935
0.126049
0.126133
0.126189
0.126217
0.126217
0.126189
0.126133
0.126049
0.125935
0.125791
0.125619
0.125420
0.125193
0.124939
0.124659
0.124353
0.124022
0.123657
0.123266
0.122851
0.122413
0.121951
0.116482
0.116991
0.117476
0.117935
0.118359
0.118755
0.119124
0.119466
0.119778
0.120060
0.120307
0.120525
0.120712
0.120869
0.120995
0.121090
0.121153
0.121185
0.121185
0.121153
0.121090
0.120995
0.120869
0.120712
0.120525
0.120307
0.120060
0.119778
0.119466
0.119124
0.118755
0.118359
0.117935
0.117476
0.116991
0.116482
0.110626
0.111185
0.111717
0.112217
0.112682
0.113119
0.113525
0.113902
0.114241
0.114546
0.114820
0.115061
0.115268
0.115442
0.115582
0.115687
0.115757
0.115792
0.115792
0.115757
0.115687
0.115582
0.115442
0.115268
0.115061
0.114820
0.114546
0.114241
0.113902
0.113525
0.113119
0.112682
0.112217
0.111717
0.111185
0.110626
0.104343
0.104956
0.105540
0.106092
0.106603
0.107083
0.107530
0.107944
0.108316
0.108653
0.108955
0.109220
0.109449
0.109641
0.109795
0.109911
0.109988
0.110027
0.110027
0.109988
0.109911
0.109795
0.109641
0.109449
0.109220
0.108955
0.108653
0.108316
0.107944
0.107530
0.107083
0.106603
0.106092
0.105540
0.104956
0.104343
0.000000
0.098254
0.098894
0.099501
0.100073
0.100600
0.101092
0.101547
0.101964
0.102336
0.102668
0.102961
0.103213
0.103424
0.103594
0.103722
0.103808
0.103850
0.103850
0.103808
0.103722
0.103594
0.103424
0.103213
0.102961
0.102668
0.102336
0.101964
0.101547
0.101092
0.100600
0.100073
0.099501
0.098894
0.098254
0.000000
0.000000
0.000000
0.000000
0.000000
0.000000
0.000000
0.000000
0.000000
0.000000
0.000000
0.000000
0.000000
0.000000
0.000000
0.000000
0.000000
0.000000
0.000000
0.000000
0.000000
0.000000
0.000000
0.000000
0.000000
0.000000
0.000000
0.000000
0.000000
0.000000
0.000000
0.000000
0.000000
0.000000
0.000000
0.000000
0.000000
0.185643
0.185747
0.185845
0.185939
0.000000
0.000000
0.000000
0.000000
0.000000
0.000000
0.000000
0.000000
0.000000
0.000000
0.000000
0.000000
0.000000
0.000000
0.000000
0.000000
0.000000
0.000000
0.000000
0.000000
0.000000
0.000000
0.000000
0.000000
0.000000
0.000000
0.000000
0.000000
0.185939
0.185845
0.185747
0.185643
0.184625
0.184731
0.184832
0.184929
0.185020
0.185106
0.185186
0.185260
0.185329
0.185391
0.185447
0.185496
0.185539
0.185574
0.185603
0.185624
0.185639
0.185646
0.185646
0.185639
0.185624
0.185603
0.185574
0.185539
0.185496
0.185447
0.185391
0.185329
0.185260
0.185186
0.185106
0.185020
0.184929
0.184832
0.184731
0.184625
0.183482
0.183624
0.183761
0.183891
0.184011
0.184099
0.184182
0.184258
0.184329
0.184393
0.184451
0.184502
0.184546
0.184583
0.184612
0.184635
0.184650
0.184657
0.184657
0.184650
0.184635
0.184612
0.184583
0.184546
0.184502
0.184451
0.184393
0.184329
0.184258
0.184182
0.184099
0.184011
0.183891
0.183761
0.183624
0.183482
0.182141
0.182287
0.182428
0.182561
0.182688
0.182808
0.182919
0.183023
0.183119
0.183206
0.183284
0.183354
0.183413
0.183463
0.183504
0.183534
0.183555
0.183565
0.183565
0.183555
0.183534
0.183504
0.183463
0.183413
0.183354
0.183284
0.183206
0.183119
0.183023
0.182919
0.182808
0.182688
0.182561
0.182428
0.182287
0.182141
0.180585
0.180763
0.180932
0.181094
0.181248
0.181392
0.181528
0.181654
0.181771
0.181877
0.181972
0.182048
0.182110
0.182162
0.182204
0.182235
0.182257
0.182267
0.182267
0.182257
0.182235
0.182204
0.182162
0.182110
0.182048
0.181972
0.181877
0.181771
0.181654
0.181528
0.181392
0.181248
0.181094
0.180932
0.180763
0.180585
0.178870
0.179076
0.179274
0.179462
0.179642
0.179811
0.179969
0.180103
0.180224
0.180334
0.180432
0.180520
0.180595
0.180659
0.180710
0.180749
0.180775
0.180788
0.180788
0.180775
0.180749
0.180710
0.180659
0.180595
0.180520
0.180432
0.180334
0.180224
0.180103
0.179969
0.179811
0.179642
0.179462
0.179274
0.179076
0.178870
0.176971
0.177206
0.177432
0.177648
0.177853
0.178043
0.178207
0.178359
0.178501
0.178629
0.178745
0.178848
0.178937
0.179012
0.179072
0.179118
0.179148
0.179164
0.179164
0.179148
0.179118
0.179072
0.179012
0.178937
0.178848
0.178745
0.178629
0.178501
0.178359
0.178207
0.178043
0.177853
0.177648
0.177432
0.177206
0.176971
0.174872
0.175137
0.175392
0.175636
0.175867
0.176079
0.176268
0.176444
0.176606
0.176755
0.176889
0.177008
0.177111
0.177197
0.177267
0.177320
0.177355
0.177373
0.177373
0.177355
0.177320
0.177267
0.177197
0.177111
0.177008
0.176889
0.176755
0.176606
0.176444
0.176268
0.176079
0.175867
0.175636
0.175392
0.175137
0.174872
0.172574
0.172868
0.173150
0.173421
0.173679
0.173923
0.174142
0.174342
0.174527
0.174696
0.174848
0.174984
0.175101
0.175200
0.175280
0.175340
0.175381
0.175401
0.175401
0.175381
0.175340
0.175280
0.175200
0.175101
0.174984
0.174848
0.174696
0.174527
0.174342
0.174142
0.173923
0.173679
0.173421
0.173150
0.172868
0.172574
0.170102
0.170421
0.170728
0.171023
0.171304
0.171571
0.171823
0.172056
0.172262
0.172452
0.172623
0.172775
0.172907
0.173018
0.173109
0.173177
0.173222
0.173245
0.173245
0.173222
0.173177
0.173109
0.173018
0.172907
0.172775
0.172623
0.172452
0.172262
0.172056
0.171823
0.171571
0.171304
0.171023
0.170728
0.170421
0.170102
0.167508
0.167850
0.168178
0.168492
0.168792
0.169078
0.169347
0.169600
0.169834
0.170048
0.170236
0.170404
0.170550
0.170673
0.170773
0.170848
0.170899
0.170924
0.170924
0.170899
0.170848
0.170773
0.170673
0.170550
0.170404
0.170236
0.170048
0.169834
0.169600
0.169347
0.169078
0.168792
0.168492
0.168178
0.167850
0.167508
0.164908
0.165253
0.165587
0.165908
0.166219
0.166517
0.166799
0.167063
0.167309
0.167535
0.167740
0.167922
0.168081
0.168214
0.168322
0.168404
0.168459
0.168487
0.168487
0.168459
0.168404
0.168322
0.168214
0.168081
0.167922
0.167740
0.167535
0.167309
0.167063
0.166799
0.166517
0.166219
0.165908
0.165587
0.165253
0.164908
0.162391
0.162733
0.163063
0.163382
0.163687
0.163978
0.164265
0.164535
0.164787
0.165019
0.165230
0.165418
0.165582
0.165721
0.165834
0.165919
0.165976
0.166005
0.166005
0.165976
0.165919
0.165834
0.165721
0.165582
0.165418
0.165230
0.165019
0.164787
0.164535
0.164265
0.163978
0.163687
0.163382
0.163063
0.162733
0.162391
0.160019
0.160351
0.160673
0.160983
0.161282
0.161567
0.161838
0.162099
0.162352
0.162585
0.162797
0.162987
0.163152
0.163293
0.163407
0.163494
0.163552
0.163582
0.163582
0.163552
0.163494
0.163407
0.163293
0.163152
0.162987
0.162797
0.162585
0.162352
0.162099
0.161838
0.161567
0.161282
0.160983
0.160673
0.160351
0.160019
0.157819
0.158128
0.158439
0.158739
0.159029
0.159306
0.159570
0.159820
0.160056
0.160287
0.160497
0.160686
0.160851
0.160992
0.161106
0.161193
0.161251
0.161280
0.161280
0.161251
0.161193
0.161106
0.160992
0.160851
0.160686
0.160497
0.160287
0.160056
0.159820
0.159570
0.159306
0.159029
0.158739
0.158439
0.158128
0.157819
0.155743
0.156041
0.156343
0.156635
0.156917
0.157188
0.157447
0.157691
0.157921
0.158143
0.158350
0.158536
0.158700
0.158840
0.158953
0.159040
0.159098
0.159127
0.159127
0.159098
0.159040
0.158953
0.158840
0.158700
0.158536
0.158350
0.158143
0.157921
0.157691
0.157447
0.157188
0.156917
0.156635
0.156343
0.156041
0.155743
0.153737
0.154039
0.154337
0.154626
0.154906
0.155176
0.155434
0.155679
0.155909
0.156129
0.156335
0.156520
0.156683
0.156823
0.156937
0.157024
0.157082
0.157112
0.157112
0.157082
0.157024
0.156937
0.156823
0.156683
0.156520
0.156335
0.156129
0.155909
0.155679
0.155434
0.155176
0.154906
0.154626
0.154337
0.154039
0.153737
0.151738
0.152054
0.152357
0.152652
0.152938
0.153215
0.153480
0.153733
0.153971
0.154197
0.154405
0.154593
0.154759
0.154902
0.155019
0.155108
0.155169
0.155199
0.155199
0.155169
0.155108
0.155019
0.154902
0.154759
0.154593
0.154405
0.154197
0.153971
0.153733
0.153480
0.153215
0.152938
0.152652
0.152357
0.152054
0.151738
0.149668
0.150013
0.150332
0.150644
0.150948
0.151242
0.151525
0.151795
0.152050
0.152285
0.152502
0.152700
0.152875
0.153026
0.153150
0.153245
0.153310
0.153343
0.153343
0.153310
0.153245
0.153150
0.153026
0.152875
0.152700
0.152502
0.152285
0.152050
0.151795
0.151525
0.151242
0.150948
0.150644
0.150332
0.150013
0.149668
0.147435
0.147821
0.148185
0.148526
0.148859
0.149183
0.149495
0.149795
0.150076
0.150329
0.150565
0.150780
0.150973
0.151139
0.151276
0.151382
0.151454
0.151490
0.151490
0.151454
0.151382
0.151276
0.151139
0.150973
0.150780
0.150565
0.150329
0.150076
0.149795
0.149495
0.149183
0.148859
0.148526
0.148185
0.147821
0.147435
0.144936
0.145375
0.145808
0.146209
0.146584
0.146950
0.147304
0.147646
0.147972
0.148258
0.148524
0.148767
0.148986
0.149176
0.149335
0.149457
0.149541
0.149583
0.149583
0.149541
0.149457
0.149335
0.149176
0.148986
0.148767
0.148524
0.148258
0.147972
0.147646
0.147304
0.146950
0.146584
0.146209
0.145808
0.145375
0.144936
0.142071
0.142571
0.143066
0.143552
0.144026
0.144446
0.144854
0.145249
0.145629
0.145990
0.146298
0.146582
0.146839
0.147064
0.147252
0.147399
0.147500
0.147551
0.147551
0.147500
0.147399
0.147252
0.147064
0.146839
0.146582
0.146298
0.145990
0.145629
0.145249
0.144854
0.144446
0.144026
0.143552
0.143066
0.142571
0.142071
0.138624
0.139252
0.139873
0.140441
0.140988
0.141525
0.142044
0.142504
0.142948
0.143373
0.143775
0.144135
0.144443
0.144714
0.144944
0.145124
0.145249
0.145313
0.145313
0.145249
0.145124
0.144944
0.144714
0.144443
0.144135
0.143775
0.143373
0.142948
0.142504
0.142044
0.141525
0.140988
0.140441
0.139873
0.139252
0.138624
0.134535
0.135292
0.136039
0.136726
0.137404
0.138066
0.138667
0.139254
0.139824
0.140339
0.140815
0.141262
0.141674
0.142039
0.142322
0.142548
0.142705
0.142786
0.142786
0.142705
0.142548
0.142322
0.142039
0.141674
0.141262
0.140815
0.140339
0.139824
0.139254
0.138667
0.138066
0.137404
0.136726
0.136039
0.135292
0.134535
0.129740
0.130623
0.131489
0.132329
0.133133
0.133927
0.134664
0.135384
0.136081
0.136714
0.137323
0.137901
0.138404
0.138851
0.139240
0.139554
0.139776
0.139892
0.139892
0.139776
0.139554
0.139240
0.138851
0.138404
0.137901
0.137323
0.136714
0.136081
0.135384
0.134664
0.133927
0.133133
0.132329
0.131489
0.130623
0.129740
0.124278
0.125280
0.126268
0.127226
0.128170
0.129075
0.129971
0.130815
0.131644
0.132430
0.133174
0.133889
0.134529
0.135112
0.135629
0.136051
0.136336
0.136487
0.136487
0.136336
0.136051
0.135629
0.135112
0.134529
0.133889
0.133174
0.132430
0.131644
0.130815
0.129971
0.129075
0.128170
0.127226
0.126268
0.125280
0.124278
0.118239
0.119345
0.120436
0.121507
0.122556
0.123587
0.124592
0.125575
0.126529
0.127454
0.128345
0.129191
0.130002
0.130730
0.131391
0.131953
0.132353
0.132569
0.132569
0.132353
0.131953
0.131391
0.130730
0.130002
0.129191
0.128345
0.127454
0.126529
0.125575
0.124592
0.123587
0.122556
0.121507
0.120436
0.119345
0.118239
0.111642
0.112851
0.114049
0.115218
0.116375
0.117510
0.118625
0.119722
0.120792
0.121845
0.122861
0.123855
0.124799
0.125702
0.126528
0.127252
0.127823
0.128143
0.128143
0.127823
0.127252
0.126528
0.125702
0.124799
0.123855
0.122861
0.121845
0.120792
0.119722
0.118625
0.117510
0.116375
0.115218
0.114049
0.112851
0.111642
0.104428
0.105755
0.107056
0.108343
0.109608
0.110850
0.112080
0.113281
0.114468
0.115633
0.116773
0.117895
0.118980
0.120040
0.121040
0.121974
0.122752
0.123247
0.123247
0.122752
0.121974
0.121040
0.120040
0.118980
0.117895
0.116773
0.115633
0.114468
0.113281
0.112080
0.110850
0.109608
0.108343
0.107056
0.105755
0.104428
0.000000
0.000000
0.099380
0.100787
0.102176
0.103537
0.104879
0.106205
0.107505
0.108785
0.110052
0.111289
0.112511
0.113710
0.114879
0.116020
0.117079
0.117924
0.117924
0.117079
0.116020
0.114879
0.113710
0.112511
0.111289
0.110052
0.108785
0.107505
0.106205
0.104879
0.103537
0.102176
0.100787
0.099380
0.000000
0.000000
0.000000
0.000000
0.000000
0.000000
0.000000
0.000000
0.000000
0.098374
0.099801
0.101201
0.102583
0.103947
0.105283
0.106604
0.107908
0.109185
0.110448
0.111683
0.111683
0.110448
0.109185
0.107908
0.106604
0.105283
0.103947
0.102583
0.101201
0.099801
0.098374
0.000000
0.000000
0.000000
0.000000
0.000000
0.000000
0.000000
