0.123274
0.124927
0.126447
0.127840
0.129096
0.130246
0.131270
0.132198
0.133006
0.133734
0.134357
0.134888
0.135343
0.135723
0.136025
0.136236
0.136376
0.136447
0.136447
0.136376
0.136236
0.136025
0.135723
0.135343
0.134888
0.134357
0.133734
0.133006
0.132198
0.131270
0.130246
0.129096
0.127840
0.126447
0.124927
0.123274
0.127507
0.129052
0.130467
0.131755
0.132905
0.133962
0.134880
0.135719
0.136447
0.137084
0.137651
0.138134
0.138524
0.138849
0.139109
0.139304
0.139434
0.139500
0.139500
0.139434
0.139304
0.139109
0.138849
0.138524
0.138134
0.137651
0.137084
0.136447
0.135719
0.134880
0.133962
0.132905
0.131755
0.130467
0.129052
0.127507
0.131410
0.132830
0.134130
0.135280
0.136328
0.137253
0.138099
0.138818
0.139472
0.140055
0.140530
0.140946
0.141303
0.141601
0.141839
0.142015
0.142123
0.142176
0.142176
0.142123
0.142015
0.141839
0.141601
0.141303
0.140946
0.140530
0.140055
0.139472
0.138818
0.138099
0.137253
0.136328
0.135280
0.134130
0.132830
0.131410
0.134939
0.136232
0.137377
0.138414
0.139334
0.140172
0.140889
0.141546
0.142131
0.142616
0.143048
0.143426
0.143750
0.144019
0.144213
0.144359
0.144456
0.144505
0.144505
0.144456
0.144359
0.144213
0.144019
0.143750
0.143426
0.143048
0.142616
0.142131
0.141546
0.140889
0.140172
0.139334
0.138414
0.137377
0.136232
0.134939
0.138094
0.139217
0.140250
0.141151
0.141993
0.142699
0.143351
0.143949
0.144443
0.144883
0.145275
0.145618
0.145912
0.146142
0.146320
0.146453
0.146542
0.146586
0.146586
0.146542
0.146453
0.146320
0.146142
0.145912
0.145618
0.145275
0.144883
0.144443
0.143949
0.143351
0.142699
0.141993
0.141151
0.140250
0.139217
0.138094
0.140832
0.141860
0.142746
0.143566
0.144298
0.144937
0.145528
0.146064
0.146510
0.146912
0.147270
0.147583
0.147851
0.148069
0.148234
0.148357
0.148440
0.148481
0.148481
0.148440
0.148357
0.148234
0.148069
0.147851
0.147583
0.147270
0.146912
0.146510
0.146064
0.145528
0.144937
0.144298
0.143566
0.142746
0.141860
0.140832
0.143252
0.144167
0.144959
0.145702
0.146359
0.146943
0.147482
0.147977
0.148393
0.148766
0.149098
0.149388
0.149638
0.149845
0.150011
0.150129
0.150207
0.150247
0.150247
0.150207
0.150129
0.150011
0.149845
0.149638
0.149388
0.149098
0.148766
0.148393
0.147977
0.147482
0.146943
0.146359
0.145702
0.144959
0.144167
0.143252
0.145396
0.146221
0.146943
0.147622
0.148235
0.148777
0.149277
0.149737
0.150146
0.150502
0.150818
0.151095
0.151332
0.151531
0.151689
0.151808
0.151887
0.151927
0.151927
0.151887
0.151808
0.151689
0.151531
0.151332
0.151095
0.150818
0.150502
0.150146
0.149737
0.149277
0.148777
0.148235
0.147622
0.146943
0.146221
0.145396
0.147323
0.148089
0.148759
0.149389
0.149977
0.150495
0.150972
0.151410
0.151809
0.152164
0.152476
0.152750
0.152984
0.153180
0.153336
0.153454
0.153532
0.153571
0.153571
0.153532
0.153454
0.153336
0.153180
0.152984
0.152750
0.152476
0.152164
0.151809
0.151410
0.150972
0.150495
0.149977
0.149389
0.148759
0.148089
0.147323
0.149093
0.149811
0.150461
0.151061
0.151622
0.152140
0.152611
0.153044
0.153437
0.153792
0.154109
0.154389
0.154629
0.154829
0.154989
0.155109
0.155190
0.155230
0.155230
0.155190
0.155109
0.154989
0.154829
0.154629
0.154389
0.154109
0.153792
0.153437
0.153044
0.152611
0.152140
0.151622
0.151061
0.150461
0.149811
0.149093
0.150762
0.151446
0.152090
0.152682
0.153236
0.153751
0.154230
0.154673
0.155076
0.155439
0.155762
0.156046
0.156300
0.156511
0.156680
0.156807
0.156891
0.156934
0.156934
0.156891
0.156807
0.156680
0.156511
0.156300
0.156046
0.155762
0.155439
0.155076
0.154673
0.154230
0.153751
0.153236
0.152682
0.152090
0.151446
0.150762
0.152370
0.153046
0.153683
0.154286
0.154852
0.155380
0.155867
0.156328
0.156753
0.157136
0.157477
0.157775
0.158033
0.158260
0.158442
0.158578
0.158669
0.158714
0.158714
0.158669
0.158578
0.158442
0.158260
0.158033
0.157775
0.157477
0.157136
0.156753
0.156328
0.155867
0.155380
0.154852
0.154286
0.153683
0.153046
0.152370
0.153949
0.154640
0.155293
0.155905
0.156499
0.157056
0.157570
0.158044
0.158501
0.158913
0.159279
0.159599
0.159874
0.160111
0.160307
0.160454
0.160552
0.160601
0.160601
0.160552
0.160454
0.160307
0.160111
0.159874
0.159599
0.159279
0.158913
0.158501
0.158044
0.157570
0.157056
0.156499
0.155905
0.155293
0.154640
0.153949
0.155547
0.156257
0.156945
0.157592
0.158209
0.158806
0.159359
0.159866
0.160350
0.160794
0.161189
0.161535
0.161832
0.162084
0.162294
0.162452
0.162557
0.162609
0.162609
0.162557
0.162452
0.162294
0.162084
0.161832
0.161535
0.161189
0.160794
0.160350
0.159866
0.159359
0.158806
0.158209
0.157592
0.156945
0.156257
0.155547
0.157195
0.157933
0.158668
0.159363
0.160013
0.160658
0.161255
0.161802
0.162318
0.162793
0.163217
0.163587
0.163905
0.164177
0.164398
0.164564
0.164674
0.164730
0.164730
0.164674
0.164564
0.164398
0.164177
0.163905
0.163587
0.163217
0.162793
0.162318
0.161802
0.161255
0.160658
0.160013
0.159363
0.158668
0.157933
0.157195
0.158916
0.159709
0.160487
0.161237
0.161938
0.162625
0.163264
0.163850
0.164399
0.164900
0.165345
0.165735
0.166071
0.166355
0.166583
0.166753
0.166867
0.166924
0.166924
0.166867
0.166753
0.166583
0.166355
0.166071
0.165735
0.165345
0.164900
0.164399
0.163850
0.163264
0.162625
0.161938
0.161237
0.160487
0.159709
0.158916
0.160733
0.161589
0.162419
0.163222
0.163973
0.164699
0.165371
0.165988
0.166560
0.167075
0.167533
0.167935
0.168277
0.168562
0.168790
0.168962
0.169076
0.169133
0.169133
0.169076
0.168962
0.168790
0.168562
0.168277
0.167935
0.167533
0.167075
0.166560
0.165988
0.165371
0.164699
0.163973
0.163222
0.162419
0.161589
0.160733
0.162659
0.163576
0.164458
0.165303
0.166095
0.166844
0.167535
0.168169
0.168743
0.169260
0.169720
0.170120
0.170454
0.170734
0.170957
0.171125
0.171237
0.171293
0.171293
0.171237
0.171125
0.170957
0.170734
0.170454
0.170120
0.169720
0.169260
0.168743
0.168169
0.167535
0.166844
0.166095
0.165303
0.164458
0.163576
0.162659
0.164686
0.165651
0.166571
0.167441
0.168252
0.169003
0.169698
0.170325
0.170887
0.171394
0.171844
0.172226
0.172547
0.172815
0.173029
0.173189
0.173297
0.173350
0.173350
0.173297
0.173189
0.173029
0.172815
0.172547
0.172226
0.171844
0.171394
0.170887
0.170325
0.169698
0.169003
0.168252
0.167441
0.166571
0.165651
0.164686
0.166780
0.167773
0.168704
0.169578
0.170382
0.171118
0.171798
0.172400
0.172939
0.173424
0.173855
0.174217
0.174518
0.174769
0.174970
0.175121
0.175222
0.175272
0.175272
0.175222
0.175121
0.174970
0.174769
0.174518
0.174217
0.173855
0.173424
0.172939
0.172400
0.171798
0.171118
0.170382
0.169578
0.168704
0.167773
0.166780
0.168889
0.169886
0.170800
0.171656
0.172432
0.173136
0.173788
0.174359
0.174864
0.175320
0.175725
0.176073
0.176352
0.176584
0.176770
0.176909
0.177002
0.177048
0.177048
0.177002
0.176909
0.176770
0.176584
0.176352
0.176073
0.175725
0.175320
0.174864
0.174359
0.173788
0.173136
0.172432
0.171656
0.170800
0.169886
0.168889
0.170957
0.171933
0.172809
0.173628
0.174366
0.175028
0.175640
0.176184
0.176652
0.177073
0.177447
0.177775
0.178051
0.178262
0.178432
0.178558
0.178643
0.178685
0.178685
0.178643
0.178558
0.178432
0.178262
0.178051
0.177775
0.177447
0.177073
0.176652
0.176184
0.175640
0.175028
0.174366
0.173628
0.172809
0.171933
0.170957
0.172935
0.173870
0.174699
0.175468
0.176172
0.176783
0.177348
0.177868
0.178306
0.178689
0.179030
0.179329
0.179585
0.179799
0.179970
0.180087
0.180163
0.180201
0.180201
0.180163
0.180087
0.179970
0.179799
0.179585
0.179329
0.179030
0.178689
0.178306
0.177868
0.177348
0.176783
0.176172
0.175468
0.174699
0.173870
0.172935
0.174795
0.175673
0.176458
0.177169
0.177834
0.178407
0.178922
0.179395
0.179825
0.180188
0.180493
0.180760
0.180989
0.181180
0.181333
0.181448
0.181525
0.181563
0.181563
0.181525
0.181448
0.181333
0.181180
0.180989
0.180760
0.180493
0.180188
0.179825
0.179395
0.178922
0.178407
0.177834
0.177169
0.176458
0.175673
0.174795
0.176526
0.177338
0.178093
0.178740
0.179346
0.179909
0.180380
0.180802
0.181187
0.181534
0.181842
0.182096
0.182293
0.182457
0.182589
0.182687
0.182753
0.182786
0.182786
0.182753
0.182687
0.182589
0.182457
0.182293
0.182096
0.181842
0.181534
0.181187
0.180802
0.180380
0.179909
0.179346
0.178740
0.178093
0.177338
0.176526
0.178136
0.178875
0.179572
0.180201
0.180742
0.181245
0.181711
0.182118
0.182449
0.182747
0.183013
0.183245
0.183445
0.183611
0.183744
0.183844
0.183911
0.183944
0.183944
0.183911
0.183844
0.183744
0.183611
0.183445
0.183245
0.183013
0.182747
0.182449
0.182118
0.181711
0.181245
0.180742
0.180201
0.179572
0.178875
0.178136
0.179597
0.180304
0.180927
0.181513
0.182052
0.182485
0.182886
0.183253
0.183588
0.183890
0.184121
0.184301
0.184454
0.184583
0.184686
0.184763
0.184814
0.184840
0.184840
0.184814
0.184763
0.184686
0.184583
0.184454
0.184301
0.184121
0.183890
0.183588
0.183253
0.182886
0.182485
0.182052
0.181513
0.180927
0.180304
0.179597
0.180932
0.181601
0.182197
0.182701
0.183172
0.183610
0.184012
0.184296
0.184554
0.184787
0.184995
0.185176
0.185332
0.185462
0.185566
0.185644
0.185696
0.185722
0.185722
0.185696
0.185644
0.185566
0.185462
0.185332
0.185176
0.184995
0.184787
0.184554
0.184296
0.184012
0.183610
0.183172
0.182701
0.182197
0.181601
0.180932
0.182186
0.182762
0.183304
0.183814
0.184222
0.184560
0.184873
0.185160
0.185422
0.185658
0.185868
0.000000
0.000000
0.000000
0.000000
0.000000
0.000000
0.000000
0.000000
0.000000
0.000000
0.000000
0.000000
0.000000
0.000000
0.185868
0.185658
0.185422
0.185160
0.184873
0.184560
0.184222
0.183814
0.183304
0.182762
0.182186
0.183279
0.183861
0.184313
0.184706
0.185074
0.185417
0.185733
0.000000
0.000000
0.000000
0.000000
0.000000
0.000000
0.000000
0.000000
0.000000
0.000000
0.000000
0.000000
0.000000
0.000000
0.000000
0.000000
0.000000
0.000000
0.000000
0.000000
0.000000
0.000000
0.185733
0.185417
0.185074
0.184706
0.184313
0.183861
0.183279
0.184282
0.184731
0.185155
0.185553
0.185926
0.000000
0.000000
0.000000
0.000000
0.000000
0.000000
0.098447
0.099551
0.100462
0.101184
0.101725
0.102084
0.102261
0.102261
0.102084
0.101725
0.101184
0.100462
0.099551
0.098447
0.000000
0.000000
0.000000
0.000000
0.000000
0.000000
0.185926
0.185553
0.185155
0.184731
0.184282
0.185111
0.185566
0.185995
0.000000
0.000000
0.000000
0.000000
0.098098
0.099953
0.101589
0.103022
0.104264
0.105310
0.106179
0.106863
0.107376
0.107718
0.107889
0.107889
0.107718
0.107376
0.106863
0.106179
0.105310
0.104264
0.103022
0.101589
0.099953
0.098098
0.000000
0.000000
0.000000
0.000000
0.185995
0.185566
0.185111
0.185940
0.000000
0.000000
0.000000
0.000000
0.099674
0.101879
0.103855
0.105616
0.107174
0.108541
0.109722
0.110719
0.111546
0.112203
0.112688
0.113012
0.113174
0.113174
0.113012
0.112688
0.112203
0.111546
0.110719
0.109722
0.108541
0.107174
0.105616
0.103855
0.101879
0.099674
0.000000
0.000000
0.000000
0.000000
0.185940
0.000000
0.000000
0.000000
0.100388
0.102951
0.105276
0.107374
0.109257
0.110938
0.112428
0.113733
0.114856
0.115815
0.116600
0.117226
0.117695
0.118008
0.118160
0.118160
0.118008
0.117695
0.117226
0.116600
0.115815
0.114856
0.113733
0.112428
0.110938
0.109257
0.107374
0.105276
0.102951
0.100388
0.000000
0.000000
0.000000
0.000000
0.100238
0.103188
0.105883
0.108328
0.110544
0.112547
0.114348
0.115958
0.117376
0.118623
0.119702
0.120612
0.121365
0.121968
0.122409
0.122703
0.122850
0.122850
0.122703
0.122409
0.121968
0.121365
0.120612
0.119702
0.118623
0.117376
0.115958
0.114348
0.112547
0.110544
0.108328
0.105883
0.103188
0.100238
0.000000
0.102571
0.105659
0.108477
0.111046
0.113385
0.115507
0.117423
0.119145
0.120682
0.122048
0.123231
0.124261
0.125124
0.125844
0.126406
0.126824
0.127103
0.127242
0.127242
0.127103
0.126824
0.126406
0.125844
0.125124
0.124261
0.123231
0.122048
0.120682
0.119145
0.117423
0.115507
0.113385
0.111046
0.108477
0.105659
0.102571
0.107813
0.110759
0.113457
0.115922
0.118161
0.120192
0.122028
0.123669
0.125129
0.126421
0.127545
0.128509
0.129320
0.129998
0.130515
0.130903
0.131162
0.131291
0.131291
0.131162
0.130903
0.130515
0.129998
0.129320
0.128509
0.127545
0.126421
0.125129
0.123669
0.122028
0.120192
0.118161
0.115922
0.113457
0.110759
0.107813
0.112744
0.115573
0.118160
0.120516
0.122659
0.124597
0.126342
0.127900
0.129267
0.130473
0.131517
0.132408
0.133150
0.133769
0.134248
0.134597
0.134829
0.134945
0.134945
0.134829
0.134597
0.134248
0.133769
0.133150
0.132408
0.131517
0.130473
0.129267
0.127900
0.126342
0.124597
0.122659
0.120516
0.118160
0.115573
0.112744
0.117404
0.120120
0.122592
0.124843
0.126879
0.128708
0.130343
0.131790
0.133048
0.134161
0.135098
0.135919
0.136578
0.137123
0.137559
0.137886
0.138095
0.138195
0.138195
0.138095
0.137886
0.137559
0.137123
0.136578
0.135919
0.135098
0.134161
0.133048
0.131790
0.130343
0.128708
0.126879
0.124843
0.122592
0.120120
0.117404
0.121807
0.124399
0.126753
0.128879
0.130785
0.132483
0.133993
0.135293
0.136441
0.137430
0.138284
0.138991
0.139598
0.140094
0.140461
0.140737
0.140921
0.141013
0.141013
0.140921
0.140737
0.140461
0.140094
0.139598
0.138991
0.138284
0.137430
0.136441
0.135293
0.133993
0.132483
0.130785
0.128879
0.126753
0.124399
0.121807
0.125947
0.128401
0.130610
0.132585
0.134339
0.135889
0.137225
0.138408
0.139427
0.140314
0.141056
0.141706
0.142238
0.142657
0.142993
0.143245
0.143413
0.143497
0.143497
0.143413
0.143245
0.142993
0.142657
0.142238
0.141706
0.141056
0.140314
0.139427
0.138408
0.137225
0.135889
0.134339
0.132585
0.130610
0.128401
0.125947
0.129794
0.132091
0.134130
0.135933
0.137501
0.138877
0.140101
0.141130
0.142061
0.142822
0.143500
0.144085
0.144543
0.144925
0.145232
0.145461
0.145615
0.145691
0.145691
0.145615
0.145461
0.145232
0.144925
0.144543
0.144085
0.143500
0.142822
0.142061
0.141130
0.140101
0.138877
0.137501
0.135933
0.134130
0.132091
0.129794
0.133309
0.135411
0.137256
0.138870
0.140293
0.141520
0.142591
0.143531
0.144348
0.145043
0.145661
0.146184
0.146604
0.146955
0.147236
0.147447
0.147588
0.147659
0.147659
0.147588
0.147447
0.147236
0.146955
0.146604
0.146184
0.145661
0.145043
0.144348
0.143531
0.142591
0.141520
0.140293
0.138870
0.137256
0.135411
0.133309
0.136475
0.138375
0.140044
0.141473
0.142729
0.143851
0.144799
0.145656
0.146396
0.147033
0.147601
0.148090
0.148483
0.148810
0.149072
0.149269
0.149401
0.149466
0.149466
0.149401
0.149269
0.149072
0.148810
0.148483
0.148090
0.147601
0.147033
0.146396
0.145656
0.144799
0.143851
0.142729
0.141473
0.140044
0.138375
0.136475
0.139277
0.140975
0.142464
0.143769
0.144891
0.145914
0.146778
0.147565
0.148260
0.148855
0.149384
0.149849
0.150233
0.150547
0.150799
0.150988
0.151114
0.151177
0.151177
0.151114
0.150988
0.150799
0.150547
0.150233
0.149849
0.149384
0.148855
0.148260
0.147565
0.146778
0.145914
0.144891
0.143769
0.142464
0.140975
0.139277
0.141762
0.143276
0.144614
0.145805
0.146831
0.147771
0.148588
0.149323
0.149992
0.150563
0.151071
0.151516
0.151898
0.152213
0.152462
0.152650
0.152775
0.152838
0.152838
0.152775
0.152650
0.152462
0.152213
0.151898
0.151516
0.151071
0.150563
0.149992
0.149323
0.148588
0.147771
0.146831
0.145805
0.144614
0.143276
0.141762
0.143956
0.145320
0.146546
0.147639
0.148609
0.149485
0.150280
0.150984
0.151627
0.152201
0.152706
0.153148
0.153528
0.153845
0.154100
0.154293
0.154422
0.154486
0.154486
0.154422
0.154293
0.154100
0.153845
0.153528
0.153148
0.152706
0.152201
0.151627
0.150984
0.150280
0.149485
0.148609
0.147639
0.146546
0.145320
0.143956
0.145904
0.147161
0.148312
0.149332
0.150272
0.151112
0.151891
0.152593
0.153230
0.153806
0.154323
0.154779
0.155170
0.155496
0.155758
0.155954
0.156089
0.156157
0.156157
0.156089
0.155954
0.155758
0.155496
0.155170
0.154779
0.154323
0.153806
0.153230
0.152593
0.151891
0.151112
0.150272
0.149332
0.148312
0.147161
0.145904
0.147665
0.148856
0.149957
0.150937
0.151853
0.152692
0.153465
0.154178
0.154835
0.155428
0.155956
0.156438
0.156854
0.157200
0.157478
0.157687
0.157826
0.157895
0.157895
0.157826
0.157687
0.157478
0.157200
0.156854
0.156438
0.155956
0.155428
0.154835
0.154178
0.153465
0.152692
0.151853
0.150937
0.149957
0.148856
0.147665
0.149295
0.150451
0.151507
0.152489
0.153400
0.154252
0.155048
0.155781
0.156469
0.157098
0.157659
0.158161
0.158610
0.158985
0.159286
0.159511
0.159662
0.159737
0.159737
0.159662
0.159511
0.159286
0.158985
0.158610
0.158161
0.157659
0.157098
0.156469
0.155781
0.155048
0.154252
0.153400
0.152489
0.151507
0.150451
0.149295
0.150843
0.151977
0.153026
0.154014
0.154952
0.155826
0.156664
0.157442
0.158161
0.158842
0.159449
0.159982
0.160469
0.160876
0.161203
0.161448
0.161611
0.161693
0.161693
0.161611
0.161448
0.161203
0.160876
0.160469
0.159982
0.159449
0.158842
0.158161
0.157442
0.156664
0.155826
0.154952
0.154014
0.153026
0.151977
0.150843
0.152338
0.153465
0.154537
0.155555
0.156531
0.157459
0.158340
0.159182
0.159949
0.160686
0.161345
0.161924
0.162446
0.162885
0.163237
0.163501
0.163678
0.163766
0.163766
0.163678
0.163501
0.163237
0.162885
0.162446
0.161924
0.161345
0.160686
0.159949
0.159182
0.158340
0.157459
0.156531
0.155555
0.154537
0.153465
0.152338
0.153800
0.154958
0.156059
0.157140
0.158162
0.159167
0.160104
0.161019
0.161853
0.162642
0.163353
0.163977
0.164534
0.165000
0.165373
0.165653
0.165840
0.165934
0.165934
0.165840
0.165653
0.165373
0.165000
0.164534
0.163977
0.163353
0.162642
0.161853
0.161019
0.160104
0.159167
0.158162
0.157140
0.156059
0.154958
0.153800
0.155273
0.156474
0.157640
0.158786
0.159882
0.160966
0.161977
0.162962
0.163862
0.164702
0.165456
0.166120
0.166698
0.167181
0.167568
0.167859
0.168052
0.168149
0.168149
0.168052
0.167859
0.167568
0.167181
0.166698
0.166120
0.165456
0.164702
0.163862
0.162962
0.161977
0.160966
0.159882
0.158786
0.157640
0.156474
0.155273
0.156775
0.158031
0.159293
0.160515
0.161706
0.162866
0.163957
0.165001
0.165955
0.166831
0.167613
0.168297
0.168882
0.169370
0.169762
0.170054
0.170244
0.170339
0.170339
0.170244
0.170054
0.169762
0.169370
0.168882
0.168297
0.167613
0.166831
0.165955
0.165001
0.163957
0.162866
0.161706
0.160515
0.159293
0.158031
0.156775
0.158321
0.159678
0.161028
0.162340
0.163624
0.164857
0.166014
0.167098
0.168087
0.168974
0.169765
0.170445
0.171022
0.171505
0.171891
0.172172
0.172355
0.172447
0.172447
0.172355
0.172172
0.171891
0.171505
0.171022
0.170445
0.169765
0.168974
0.168087
0.167098
0.166014
0.164857
0.163624
0.162340
0.161028
0.159678
0.158321
0.159937
0.161408
0.162851
0.164256
0.165618
0.166905
0.168104
0.169201
0.170196
0.171071
0.171852
0.172509
0.173067
0.173533
0.173906
0.174173
0.174346
0.174433
0.174433
0.174346
0.174173
0.173906
0.173533
0.173067
0.172509
0.171852
0.171071
0.170196
0.169201
0.168104
0.166905
0.165618
0.164256
0.162851
0.161408
0.159937
0.161649
0.163219
0.164755
0.166238
0.167650
0.168962
0.170170
0.171253
0.172229
0.173074
0.173828
0.174455
0.174983
0.175424
0.175778
0.176039
0.176201
0.176282
0.176282
0.176201
0.176039
0.175778
0.175424
0.174983
0.174455
0.173828
0.173074
0.172229
0.171253
0.170170
0.168962
0.167650
0.166238
0.164755
0.163219
0.161649
0.163436
0.165100
0.166710
0.168241
0.169670
0.170973
0.172163
0.173208
0.174151
0.174952
0.175666
0.176267
0.176760
0.177171
0.177500
0.177747
0.177913
0.177995
0.177995
0.177913
0.177747
0.177500
0.177171
0.176760
0.176267
0.175666
0.174952
0.174151
0.173208
0.172163
0.170973
0.169670
0.168241
0.166710
0.165100
0.163436
0.165285
0.167021
0.168673
0.170217
0.171629
0.172896
0.174050
0.175040
0.175944
0.176695
0.177361
0.177945
0.178402
0.178780
0.179082
0.179310
0.179461
0.179537
0.179537
0.179461
0.179310
0.179082
0.178780
0.178402
0.177945
0.177361
0.176695
0.175944
0.175040
0.174050
0.172896
0.171629
0.170217
0.168673
0.167021
0.165285
0.167165
0.168941
0.170598
0.172123
0.173486
0.174704
0.175801
0.176741
0.177583
0.178310
0.178922
0.179458
0.179920
0.180270
0.180543
0.180748
0.180885
0.180953
0.180953
0.180885
0.180748
0.180543
0.180270
0.179920
0.179458
0.178922
0.178310
0.177583
0.176741
0.175801
0.174704
0.173486
0.172123
0.170598
0.168941
0.167165
0.169039
0.170816
0.172447
0.173926
0.175222
0.176391
0.177413
0.178319
0.179093
0.179792
0.180368
0.180853
0.181269
0.181617
0.181896
0.182090
0.182208
0.182268
0.182268
0.182208
0.182090
0.181896
0.181617
0.181269
0.180853
0.180368
0.179792
0.179093
0.178319
0.177413
0.176391
0.175222
0.173926
0.172447
0.170816
0.169039
0.170865
0.172612
0.174196
0.175597
0.176835
0.177959
0.178902
0.179767
0.180493
0.181124
0.181687
0.182155
0.182517
0.182819
0.183061
0.183243
0.183365
0.183426
0.183426
0.183365
0.183243
0.183061
0.182819
0.182517
0.182155
0.181687
0.181124
0.180493
0.179767
0.178902
0.177959
0.176835
0.175597
0.174196
0.172612
0.170865
0.172613
0.174309
0.175824
0.177146
0.178336
0.179369
0.180289
0.181070
0.181784
0.182364
0.182854
0.183284
0.183654
0.183963
0.184161
0.184303
0.184397
0.184445
0.184445
0.184397
0.184303
0.184161
0.183963
0.183654
0.183284
0.182854
0.182364
0.181784
0.181070
0.180289
0.179369
0.178336
0.177146
0.175824
0.174309
0.172613
0.174267
0.175896
0.177317
0.178586
0.179714
0.180679
0.181544
0.182291
0.182911
0.183471
0.183972
0.184314
0.184602
0.184843
0.185036
0.185181
0.185278
0.185327
0.185327
0.185278
0.185181
0.185036
0.184843
0.184602
0.184314
0.183972
0.183471
0.182911
0.182291
0.181544
0.180679
0.179714
0.178586
0.177317
0.175896
0.174267
0.175807
0.177343
0.178706
0.179932
0.180958
0.181910
0.182675
0.183369
0.184002
0.184439
0.184829
0.185172
0.185467
0.185714
0.185912
0.000000
0.000000
0.000000
0.000000
0.000000
0.000000
0.185912
0.185714
0.185467
0.185172
0.184829
0.184439
0.184002
0.183369
0.182675
0.181910
0.180958
0.179932
0.178706
0.177343
0.175807
0.177218
0.178692
0.180015
0.181121
0.182137
0.182965
0.183733
0.184337
0.184832
0.185279
0.185678
0.000000
0.000000
0.000000
0.000000
0.000000
0.000000
0.000000
0.000000
0.000000
0.000000
0.000000
0.000000
0.000000
0.000000
0.185678
0.185279
0.184832
0.184337
0.183733
0.182965
0.182137
0.181121
0.180015
0.178692
0.177218
0.178539
0.179964
0.181164
0.182250
0.183154
0.184000
0.184600
0.185153
0.185659
0.000000
0.000000
0.000000
0.000000
0.000000
0.000000
0.098551
0.099262
0.099618
0.099618
0.099262
0.098551
0.000000
0.000000
0.000000
0.000000
0.000000
0.000000
0.185659
0.185153
0.184600
0.184000
0.183154
0.182250
0.181164
0.179964
0.178539
0.179767
0.181081
0.182257
0.183240
0.184126
0.184785
0.185399
0.185965
0.000000
0.000000
0.000000
0.098024
0.100185
0.101956
0.103346
0.104382
0.105064
0.105406
0.105406
0.105064
0.104382
0.103346
0.101956
0.100185
0.098024
0.000000
0.000000
0.000000
0.185965
0.185399
0.184785
0.184126
0.183240
0.182257
0.181081
0.179767
0.180867
0.182155
0.183217
0.184169
0.184890
0.185565
0.000000
0.000000
0.000000
0.098333
0.101239
0.103723
0.105807
0.107510
0.108854
0.109856
0.110513
0.110840
0.110840
0.110513
0.109856
0.108854
0.107510
0.105807
0.103723
0.101239
0.098333
0.000000
0.000000
0.000000
0.185565
0.184890
0.184169
0.183217
0.182155
0.180867
0.181926
0.183080
0.184127
0.184911
0.185649
0.000000
0.000000
0.000000
0.100622
0.103872
0.106674
0.109071
0.111084
0.112733
0.114039
0.114999
0.115641
0.115962
0.115962
0.115641
0.114999
0.114039
0.112733
0.111084
0.109071
0.106674
0.103872
0.100622
0.000000
0.000000
0.000000
0.185649
0.184911
0.184127
0.183080
0.181926
0.182825
0.183994
0.184843
0.185645
0.000000
0.000000
0.098226
0.102327
0.105929
0.109065
0.111785
0.114109
0.116060
0.117657
0.118916
0.119856
0.120472
0.120778
0.120778
0.120472
0.119856
0.118916
0.117657
0.116060
0.114109
0.111785
0.109065
0.105929
0.102327
0.098226
0.000000
0.000000
0.185645
0.184843
0.183994
0.182825
0.183700
0.184683
0.185550
0.000000
0.000000
0.098934
0.103442
0.107415
0.110905
0.113959
0.116593
0.118848
0.120742
0.122295
0.123514
0.124418
0.125012
0.125309
0.125309
0.125012
0.124418
0.123514
0.122295
0.120742
0.118848
0.116593
0.113959
0.110905
0.107415
0.103442
0.098934
0.000000
0.000000
0.185550
0.184683
0.183700
0.184428
0.185361
0.000000
0.000000
0.099016
0.103967
0.108340
0.112203
0.115597
0.118562
0.121126
0.123315
0.125146
0.126638
0.127813
0.128669
0.129236
0.129520
0.129520
0.129236
0.128669
0.127813
0.126638
0.125146
0.123315
0.121126
0.118562
0.115597
0.112203
0.108340
0.103967
0.099016
0.000000
0.000000
0.185361
0.184428
0.185072
0.000000
0.000000
0.098441
0.103872
0.108680
0.112941
0.116705
0.120020
0.122899
0.125386
0.127494
0.129241
0.130656
0.131764
0.132565
0.133092
0.133355
0.133355
0.133092
0.132565
0.131764
0.130656
0.129241
0.127494
0.125386
0.122899
0.120020
0.116705
0.112941
0.108680
0.103872
0.098441
0.000000
0.000000
0.185072
0.185704
0.000000
0.000000
0.103126
0.108420
0.113113
0.117275
0.120950
0.124175
0.126960
0.129344
0.131342
0.132982
0.134306
0.135317
0.136072
0.136543
0.136778
0.136778
0.136543
0.136072
0.135317
0.134306
0.132982
0.131342
0.129344
0.126960
0.124175
0.120950
0.117275
0.113113
0.108420
0.103126
0.000000
0.000000
0.185704
0.000000
0.000000
0.101694
0.107519
0.112692
0.117286
0.121356
0.124935
0.128056
0.130714
0.132960
0.134822
0.136343
0.137545
0.138468
0.139134
0.139579
0.139802
0.139802
0.139579
0.139134
0.138468
0.137545
0.136343
0.134822
0.132960
0.130714
0.128056
0.124935
0.121356
0.117286
0.112692
0.107519
0.101694
0.000000
0.000000
0.000000
0.099502
0.105934
0.111638
0.116708
0.121210
0.125183
0.128646
0.131621
0.134134
0.136217
0.137933
0.139294
0.140391
0.141220
0.141844
0.142235
0.142423
0.142423
0.142235
0.141844
0.141220
0.140391
0.139294
0.137933
0.136217
0.134134
0.131621
0.128646
0.125183
0.121210
0.116708
0.111638
0.105934
0.099502
0.000000
0.000000
0.103588
0.109899
0.115501
0.120483
0.124889
0.128741
0.132062
0.134843
0.137166
0.139075
0.140633
0.141903
0.142872
0.143644
0.144202
0.144551
0.144726
0.144726
0.144551
0.144202
0.143644
0.142872
0.141903
0.140633
0.139075
0.137166
0.134843
0.132062
0.128741
0.124889
0.120483
0.115501
0.109899
0.103588
0.000000
0.100404
0.107399
0.113607
0.119124
0.124025
0.128315
0.132019
0.135126
0.137730
0.139869
0.141604
0.143013
0.144176
0.145068
0.145785
0.146295
0.146621
0.146785
0.146785
0.146621
0.146295
0.145785
0.145068
0.144176
0.143013
0.141604
0.139869
0.137730
0.135126
0.132019
0.128315
0.124025
0.119124
0.113607
0.107399
0.100404
0.104060
0.110952
0.117077
0.122519
0.127311
0.131456
0.134957
0.137883
0.140267
0.142225
0.143829
0.145120
0.146199
0.147034
0.147707
0.148196
0.148507
0.148663
0.148663
0.148507
0.148196
0.147707
0.147034
0.146199
0.145120
0.143829
0.142225
0.140267
0.137883
0.134957
0.131456
0.127311
0.122519
0.117077
0.110952
0.104060
0.107446
0.114267
0.120323
0.125682
0.130346
0.134309
0.137598
0.140296
0.142492
0.144305
0.145797
0.147009
0.148037
0.148833
0.149474
0.149957
0.150265
0.150418
0.150418
0.150265
0.149957
0.149474
0.148833
0.148037
0.147009
0.145797
0.144305
0.142492
0.140296
0.137598
0.134309
0.130346
0.125682
0.120323
0.114267
0.107446
0.110585
0.117344
0.123340
0.128599
0.133100
0.136850
0.139940
0.142424
0.144468
0.146169
0.147567
0.148739
0.149722
0.150518
0.151147
0.151621
0.151939
0.152095
0.152095
0.151939
0.151621
0.151147
0.150518
0.149722
0.148739
0.147567
0.146169
0.144468
0.142424
0.139940
0.136850
0.133100
0.128599
0.123340
0.117344
0.110585
0.113484
0.120203
0.126136
0.131267
0.135586
0.139110
0.141998
0.144315
0.146241
0.147852
0.149197
0.150356
0.151321
0.152130
0.152769
0.153252
0.153575
0.153737
0.153737
0.153575
0.153252
0.152769
0.152130
0.151321
0.150356
0.149197
0.147852
0.146241
0.144315
0.141998
0.139110
0.135586
0.131267
0.126136
0.120203
0.113484
0.116154
0.122833
0.128689
0.133684
0.137799
0.141105
0.143806
0.146013
0.147843
0.149391
0.150733
0.151892
0.152876
0.153702
0.154374
0.154884
0.155226
0.155397
0.155397
0.155226
0.154884
0.154374
0.153702
0.152876
0.151892
0.150733
0.149391
0.147843
0.146013
0.143806
0.141105
0.137799
0.133684
0.128689
0.122833
0.116154
0.118590
0.125245
0.131010
0.135843
0.139747
0.142866
0.145410
0.147518
0.149302
0.150848
0.152203
0.153383
0.154412
0.155286
0.155991
0.156548
0.156921
0.157108
0.157108
0.156921
0.156548
0.155991
0.155286
0.154412
0.153383
0.152203
0.150848
0.149302
0.147518
0.145410
0.142866
0.139747
0.135843
0.131010
0.125245
0.118590
0.120804
0.127433
0.133092
0.137748
0.141456
0.144433
0.146859
0.148908
0.150680
0.152242
0.153627
0.154869
0.155953
0.156905
0.157675
0.158274
0.158690
0.158898
0.158898
0.158690
0.158274
0.157675
0.156905
0.155953
0.154869
0.153627
0.152242
0.150680
0.148908
0.146859
0.144433
0.141456
0.137748
0.133092
0.127433
0.120804
0.122793
0.129393
0.134937
0.139415
0.142960
0.145831
0.148190
0.150209
0.151989
0.153586
0.155045
0.156363
0.157547
0.158581
0.159440
0.160096
0.160562
0.160796
0.160796
0.160562
0.160096
0.159440
0.158581
0.157547
0.156363
0.155045
0.153586
0.151989
0.150209
0.148190
0.145831
0.142960
0.139415
0.134937
0.129393
0.122793
0.124555
0.131124
0.136558
0.140874
0.144302
0.147055
0.149383
0.151411
0.153237
0.154914
0.156465
0.157889
0.159201
0.160338
0.161302
0.162034
0.162553
0.162814
0.162814
0.162553
0.162034
0.161302
0.160338
0.159201
0.157889
0.156465
0.154914
0.153237
0.151411
0.149383
0.147055
0.144302
0.140874
0.136558
0.131124
0.124555
0.126092
0.132631
0.137976
0.142163
0.145464
0.148185
0.150494
0.152557
0.154452
0.156226
0.157899
0.159481
0.160925
0.162189
0.163265
0.164084
0.164654
0.164941
0.164941
0.164654
0.164084
0.163265
0.162189
0.160925
0.159481
0.157899
0.156226
0.154452
0.152557
0.150494
0.148185
0.145464
0.142163
0.137976
0.132631
0.126092
0.127382
0.133927
0.139152
0.143243
0.146493
0.149175
0.151517
0.153641
0.155636
0.157547
0.159384
0.161124
0.162723
0.164128
0.165311
0.166213
0.166828
0.167137
0.167137
0.166828
0.166213
0.165311
0.164128
0.162723
0.161124
0.159384
0.157547
0.155636
0.153641
0.151517
0.149175
0.146493
0.143243
0.139152
0.133927
0.127382
0.128441
0.134976
0.140171
0.144193
0.147387
0.150090
0.152467
0.154680
0.156805
0.158877
0.160894
0.162816
0.164581
0.166125
0.167401
0.168368
0.169016
0.169342
0.169342
0.169016
0.168368
0.167401
0.166125
0.164581
0.162816
0.160894
0.158877
0.156805
0.154680
0.152467
0.150090
0.147387
0.144193
0.140171
0.134976
0.128441
0.129252
0.135837
0.140974
0.144960
0.148174
0.150882
0.153338
0.155661
0.157931
0.160194
0.162420
0.164540
0.166467
0.168130
0.169477
0.170487
0.171156
0.171493
0.171493
0.171156
0.170487
0.169477
0.168130
0.166467
0.164540
0.162420
0.160194
0.157931
0.155661
0.153338
0.150882
0.148174
0.144960
0.140974
0.135837
0.129252
0.129819
0.136459
0.141625
0.145608
0.148817
0.151591
0.154134
0.156595
0.159053
0.161520
0.163952
0.166266
0.168337
0.170092
0.171484
0.172516
0.173195
0.173537
0.173537
0.173195
0.172516
0.171484
0.170092
0.168337
0.166266
0.163952
0.161520
0.159053
0.156595
0.154134
0.151591
0.148817
0.145608
0.141625
0.136459
0.129819
0.130116
0.136864
0.142098
0.146112
0.149354
0.152199
0.154849
0.157459
0.160103
0.162813
0.165472
0.167957
0.170144
0.171962
0.173376
0.174423
0.175101
0.175443
0.175443
0.175101
0.174423
0.173376
0.171962
0.170144
0.167957
0.165472
0.162813
0.160103
0.157459
0.154849
0.152199
0.149354
0.146112
0.142098
0.136864
0.130116
0.130131
0.137047
0.142369
0.146448
0.149773
0.152694
0.155464
0.158238
0.161114
0.164040
0.166923
0.169564
0.171843
0.173697
0.175129
0.176192
0.176862
0.177201
0.177201
0.176862
0.176192
0.175129
0.173697
0.171843
0.169564
0.166923
0.164040
0.161114
0.158238
0.155464
0.152694
0.149773
0.146448
0.142369
0.137047
0.130131
0.129841
0.136985
0.142458
0.146637
0.150058
0.153070
0.155964
0.158931
0.162007
0.165196
0.168275
0.171048
0.173396
0.175284
0.176739
0.177812
0.178487
0.178819
0.178819
0.178487
0.177812
0.176739
0.175284
0.173396
0.171048
0.168275
0.165196
0.162007
0.158931
0.155964
0.153070
0.150058
0.146637
0.142458
0.136985
0.129841
0.129208
0.136658
0.142348
0.146665
0.150191
0.153314
0.156348
0.159484
0.162804
0.166215
0.169492
0.172391
0.174800
0.176726
0.178216
0.179271
0.179991
0.180315
0.180315
0.179991
0.179271
0.178216
0.176726
0.174800
0.172391
0.169492
0.166215
0.162804
0.159484
0.156348
0.153314
0.150191
0.146665
0.142348
0.136658
0.129208
0.128212
0.136044
0.142021
0.146515
0.150169
0.153408
0.156578
0.159877
0.163428
0.167077
0.170538
0.173562
0.176061
0.178037
0.179528
0.180610
0.181314
0.181673
0.181673
0.181314
0.180610
0.179528
0.178037
0.176061
0.173562
0.170538
0.167077
0.163428
0.159877
0.156578
0.153408
0.150169
0.146515
0.142021
0.136044
0.128212
0.126778
0.135047
0.141396
0.146170
0.149975
0.153333
0.156631
0.160091
0.163849
0.167735
0.171388
0.174540
0.177111
0.179145
0.180697
0.181837
0.182532
0.182875
0.182875
0.182532
0.181837
0.180697
0.179145
0.177111
0.174540
0.171388
0.167735
0.163849
0.160091
0.156631
0.153333
0.149975
0.146170
0.141396
0.135047
0.126778
0.124861
0.133664
0.140484
0.145569
0.149571
0.153071
0.156483
0.160086
0.164035
0.168149
0.172017
0.175310
0.178020
0.180136
0.181748
0.182875
0.183635
0.184020
0.184020
0.183635
0.182875
0.181748
0.180136
0.178020
0.175310
0.172017
0.168149
0.164035
0.160086
0.156483
0.153071
0.149571
0.145569
0.140484
0.133664
0.124861
0.122390
0.131785
0.139188
0.144694
0.148947
0.152601
0.156111
0.159833
0.163941
0.168274
0.172358
0.175859
0.178678
0.180910
0.182606
0.183844
0.184549
0.184896
0.184896
0.184549
0.183844
0.182606
0.180910
0.178678
0.175859
0.172358
0.168274
0.163941
0.159833
0.156111
0.152601
0.148947
0.144694
0.139188
0.131785
0.122390
0.119280
0.129313
0.137432
0.143490
0.148083
0.151899
0.155508
0.159310
0.163530
0.168059
0.172389
0.176118
0.179124
0.181521
0.183320
0.184568
0.185354
0.185770
0.185770
0.185354
0.184568
0.183320
0.181521
0.179124
0.176118
0.172389
0.168059
0.163530
0.159310
0.155508
0.151899
0.148083
0.143490
0.137432
0.129313
0.119280
0.115446
0.126167
0.135077
0.141863
0.146869
0.150928
0.154644
0.158477
0.162754
0.167442
0.172046
0.176047
0.179292
0.181909
0.183878
0.185175
0.000000
0.000000
0.000000
0.000000
0.185175
0.183878
0.181909
0.179292
0.176047
0.172046
0.167442
0.162754
0.158477
0.154644
0.150928
0.146869
0.141863
0.135077
0.126167
0.115446
0.110770
0.122225
0.132002
0.139651
0.145279
0.149661
0.153497
0.157344
0.161590
0.166361
0.171216
0.175542
0.179098
0.181983
0.184150
0.185646
0.000000
0.000000
0.000000
0.000000
0.185646
0.184150
0.181983
0.179098
0.175542
0.171216
0.166361
0.161590
0.157344
0.153497
0.149661
0.145279
0.139651
0.132002
0.122225
0.110770
0.105104
0.117386
0.128019
0.136689
0.143161
0.148029
0.152052
0.155894
0.160040
0.164781
0.169834
0.174513
0.178445
0.181630
0.184117
0.185874
0.000000
0.102032
0.102032
0.000000
0.185874
0.184117
0.181630
0.178445
0.174513
0.169834
0.164781
0.160040
0.155894
0.152052
0.148029
0.143161
0.136689
0.128019
0.117386
0.105104
0.098257
0.111518
0.123006
0.132758
0.140327
0.145892
0.150244
0.154145
0.158154
0.162700
0.167781
0.172797
0.177149
0.180718
0.183576
0.185671
0.000000
0.106804
0.106804
0.000000
0.185671
0.183576
0.180718
0.177149
0.172797
0.167781
0.162700
0.158154
0.154145
0.150244
0.145892
0.140327
0.132758
0.123006
0.111518
0.098257
0.000000
0.104423
0.116862
0.127634
0.136458
0.143038
0.147978
0.152054
0.155951
0.160189
0.165053
0.170239
0.175015
0.179025
0.182296
0.184780
0.000000
0.105800
0.105800
0.000000
0.184780
0.182296
0.179025
0.175015
0.170239
0.165053
0.160189
0.155951
0.152054
0.147978
0.143038
0.136458
0.127634
0.116862
0.104423
0.000000
