0.163534
0.163690
0.163837
0.163974
0.164107
0.164232
0.164347
0.164453
0.164549
0.164635
0.164712
0.164780
0.164838
0.164886
0.164924
0.164953
0.164973
0.164982
0.164982
0.164973
0.164953
0.164924
0.164886
0.164838
0.164780
0.164712
0.164635
0.164549
0.164453
0.164347
0.164232
0.164107
0.163974
0.163837
0.163690
0.163534
0.161691
0.161839
0.161979
0.162117
0.162247
0.162368
0.162479
0.162582
0.162675
0.162759
0.162833
0.162899
0.162955
0.163002
0.163039
0.163067
0.163086
0.163095
0.163095
0.163086
0.163067
0.163039
0.163002
0.162955
0.162899
0.162833
0.162759
0.162675
0.162582
0.162479
0.162368
0.162247
0.162117
0.161979
0.161839
0.161691
0.159938
0.160084
0.160225
0.160357
0.160481
0.160596
0.160702
0.160800
0.160889
0.160968
0.161040
0.161102
0.161155
0.161200
0.161236
0.161262
0.161280
0.161289
0.161289
0.161280
0.161262
0.161236
0.161200
0.161155
0.161102
0.161040
0.160968
0.160889
0.160800
0.160702
0.160596
0.160481
0.160357
0.160225
0.160084
0.159938
0.158293
0.158434
0.158567
0.158692
0.158809
0.158918
0.159019
0.159111
0.159195
0.159270
0.159338
0.159397
0.159447
0.159489
0.159523
0.159548
0.159565
0.159573
0.159573
0.159565
0.159548
0.159523
0.159489
0.159447
0.159397
0.159338
0.159270
0.159195
0.159111
0.159019
0.158918
0.158809
0.158692
0.158567
0.158434
0.158293
0.156727
0.156862
0.156988
0.157107
0.157218
0.157321
0.157417
0.157504
0.157584
0.157656
0.157720
0.157776
0.157823
0.157863
0.157895
0.157919
0.157935
0.157943
0.157943
0.157935
0.157919
0.157895
0.157863
0.157823
0.157776
0.157720
0.157656
0.157584
0.157504
0.157417
0.157321
0.157218
0.157107
0.156988
0.156862
0.156727
0.155214
0.155344
0.155466
0.155581
0.155689
0.155789
0.155881
0.155965
0.156044
0.156117
0.156181
0.156238
0.156286
0.156327
0.156359
0.156383
0.156399
0.156407
0.156407
0.156399
0.156383
0.156359
0.156327
0.156286
0.156238
0.156181
0.156117
0.156044
0.155965
0.155881
0.155789
0.155689
0.155581
0.155466
0.155344
0.155214
0.153735
0.153865
0.153987
0.154102
0.154211
0.154312
0.154405
0.154490
0.154568
0.154638
0.154700
0.154755
0.154802
0.154841
0.154872
0.154896
0.154911
0.154919
0.154919
0.154911
0.154896
0.154872
0.154841
0.154802
0.154755
0.154700
0.154638
0.154568
0.154490
0.154405
0.154312
0.154211
0.154102
0.153987
0.153865
0.153735
0.152272
0.152403
0.152526
0.152641
0.152750
0.152850
0.152943
0.153028
0.153106
0.153175
0.153237
0.153292
0.153339
0.153377
0.153409
0.153432
0.153448
0.153455
0.153455
0.153448
0.153432
0.153409
0.153377
0.153339
0.153292
0.153237
0.153175
0.153106
0.153028
0.152943
0.152850
0.152750
0.152641
0.152526
0.152403
0.152272
0.150781
0.150916
0.151043
0.151163
0.151275
0.151378
0.151474
0.151562
0.151642
0.151715
0.151779
0.151835
0.151883
0.151923
0.151956
0.151980
0.151996
0.152004
0.152004
0.151996
0.151980
0.151956
0.151923
0.151883
0.151835
0.151779
0.151715
0.151642
0.151562
0.151474
0.151378
0.151275
0.151163
0.151043
0.150916
0.150781
0.149241
0.149386
0.149522
0.149650
0.149769
0.149880
0.149983
0.150073
0.150154
0.150226
0.150291
0.150348
0.150397
0.150437
0.150470
0.150494
0.150511
0.150519
0.150519
0.150511
0.150494
0.150470
0.150437
0.150397
0.150348
0.150291
0.150226
0.150154
0.150073
0.149983
0.149880
0.149769
0.149650
0.149522
0.149386
0.149241
0.147624
0.147783
0.147933
0.148067
0.148188
0.148300
0.148404
0.148499
0.148585
0.148663
0.148733
0.148794
0.148846
0.148889
0.148924
0.148950
0.148968
0.148976
0.148976
0.148968
0.148950
0.148924
0.148889
0.148846
0.148794
0.148733
0.148663
0.148585
0.148499
0.148404
0.148300
0.148188
0.148067
0.147933
0.147783
0.147624
0.145886
0.146057
0.146209
0.146350
0.146483
0.146606
0.146720
0.146825
0.146920
0.147006
0.147082
0.147149
0.147207
0.147254
0.147293
0.147321
0.147341
0.147350
0.147350
0.147341
0.147321
0.147293
0.147254
0.147207
0.147149
0.147082
0.147006
0.146920
0.146825
0.146720
0.146606
0.146483
0.146350
0.146209
0.146057
0.145886
0.143972
0.144154
0.144323
0.144482
0.144630
0.144768
0.144895
0.145012
0.145119
0.145215
0.145300
0.145375
0.145439
0.145492
0.145535
0.145567
0.145589
0.145599
0.145599
0.145589
0.145567
0.145535
0.145492
0.145439
0.145375
0.145300
0.145215
0.145119
0.145012
0.144895
0.144768
0.144630
0.144482
0.144323
0.144154
0.143972
0.141828
0.142047
0.142237
0.142415
0.142582
0.142737
0.142880
0.143012
0.143131
0.143239
0.143335
0.143419
0.143491
0.143551
0.143599
0.143636
0.143660
0.143672
0.143672
0.143660
0.143636
0.143599
0.143551
0.143491
0.143419
0.143335
0.143239
0.143131
0.143012
0.142880
0.142737
0.142582
0.142415
0.142237
0.142047
0.141828
0.139410
0.139659
0.139894
0.140104
0.140291
0.140465
0.140626
0.140774
0.140908
0.141029
0.141137
0.141231
0.141312
0.141380
0.141434
0.141474
0.141501
0.141515
0.141515
0.141501
0.141474
0.141434
0.141380
0.141312
0.141231
0.141137
0.141029
0.140908
0.140774
0.140626
0.140465
0.140291
0.140104
0.139894
0.139659
0.139410
0.136693
0.136968
0.137228
0.137471
0.137699
0.137911
0.138098
0.138262
0.138412
0.138547
0.138667
0.138772
0.138862
0.138938
0.138998
0.139043
0.139073
0.139088
0.139088
0.139073
0.139043
0.138998
0.138938
0.138862
0.138772
0.138667
0.138547
0.138412
0.138262
0.138098
0.137911
0.137699
0.137471
0.137228
0.136968
0.136693
0.133653
0.133973
0.134258
0.134524
0.134772
0.135004
0.135217
0.135413
0.135592
0.135753
0.135896
0.136020
0.136119
0.136202
0.136269
0.136319
0.136352
0.136369
0.136369
0.136352
0.136319
0.136269
0.136202
0.136119
0.136020
0.135896
0.135753
0.135592
0.135413
0.135217
0.135004
0.134772
0.134524
0.134258
0.133973
0.133653
0.130275
0.130617
0.130940
0.131244
0.131528
0.131792
0.132034
0.132246
0.132439
0.132612
0.132767
0.132902
0.133018
0.133115
0.133193
0.133251
0.133290
0.133309
0.133309
0.133290
0.133251
0.133193
0.133115
0.133018
0.132902
0.132767
0.132612
0.132439
0.132246
0.132034
0.131792
0.131528
0.131244
0.130940
0.130617
0.130275
0.126588
0.126967
0.127324
0.127659
0.127972
0.128253
0.128512
0.128749
0.128966
0.129160
0.129334
0.129486
0.129616
0.129725
0.129812
0.129877
0.129920
0.129942
0.129942
0.129920
0.129877
0.129812
0.129725
0.129616
0.129486
0.129334
0.129160
0.128966
0.128749
0.128512
0.128253
0.127972
0.127659
0.127324
0.126967
0.126588
0.122638
0.123047
0.123432
0.123794
0.124128
0.124433
0.124715
0.124974
0.125210
0.125423
0.125612
0.125777
0.125920
0.126037
0.126128
0.126197
0.126243
0.126266
0.126266
0.126243
0.126197
0.126128
0.126037
0.125920
0.125777
0.125612
0.125423
0.125210
0.124974
0.124715
0.124433
0.124128
0.123794
0.123432
0.123047
0.122638
0.118449
0.118885
0.119296
0.119682
0.120042
0.120369
0.120671
0.120949
0.121202
0.121430
0.121633
0.121810
0.121963
0.122087
0.122186
0.122260
0.122310
0.122335
0.122335
0.122310
0.122260
0.122186
0.122087
0.121963
0.121810
0.121633
0.121430
0.121202
0.120949
0.120671
0.120369
0.120042
0.119682
0.119296
0.118885
0.118449
0.114032
0.114494
0.114930
0.115340
0.115723
0.116077
0.116399
0.116694
0.116963
0.117205
0.117421
0.117610
0.117772
0.117907
0.118015
0.118094
0.118147
0.118173
0.118173
0.118147
0.118094
0.118015
0.117907
0.117772
0.117610
0.117421
0.117205
0.116963
0.116694
0.116399
0.116077
0.115723
0.115340
0.114930
0.114494
0.114032
0.109365
0.109866
0.110331
0.110764
0.111170
0.111548
0.111897
0.112212
0.112497
0.112754
0.112983
0.113183
0.113355
0.113498
0.113613
0.113699
0.113756
0.113785
0.113785
0.113756
0.113699
0.113613
0.113498
0.113355
0.113183
0.112983
0.112754
0.112497
0.112212
0.111897
0.111548
0.111170
0.110764
0.110331
0.109866
0.109365
0.104440
0.104970
0.105470
0.105940
0.106371
0.106770
0.107140
0.107479
0.107788
0.108065
0.108307
0.108519
0.108701
0.108853
0.108975
0.109066
0.109127
0.109157
0.109157
0.109127
0.109066
0.108975
0.108853
0.108701
0.108519
0.108307
0.108065
0.107788
0.107479
0.107140
0.106770
0.106371
0.105940
0.105470
0.104970
0.104440
0.099223
0.099796
0.100330
0.100827
0.101292
0.101724
0.102121
0.102480
0.102807
0.103102
0.103364
0.103594
0.103791
0.103955
0.104085
0.104181
0.104246
0.104278
0.104278
0.104246
0.104181
0.104085
0.103955
0.103791
0.103594
0.103364
0.103102
0.102807
0.102480
0.102121
0.101724
0.101292
0.100827
0.100330
0.099796
0.099223
0.000000
0.000000
0.000000
0.000000
0.000000
0.000000
0.000000
0.000000
0.000000
0.000000
0.098137
0.098380
0.098589
0.098763
0.098902
0.099006
0.099076
0.099111
0.099111
0.099076
0.099006
0.098902
0.098763
0.098589
0.098380
0.098137
0.000000
0.000000
0.000000
0.000000
0.000000
0.000000
0.000000
0.000000
0.000000
0.000000
0.000000
0.000000
0.000000
0.000000
0.000000
0.000000
0.000000
0.000000
0.000000
0.000000
0.000000
0.000000
0.000000
0.000000
0.000000
0.000000
0.000000
0.000000
0.000000
0.000000
0.000000
0.000000
0.000000
0.000000
0.000000
0.000000
0.000000
0.000000
0.000000
0.000000
0.000000
0.000000
0.000000
0.000000
0.000000
0.000000
0.185548
0.185635
0.185717
0.185795
0.185867
0.185934
0.185996
0.000000
0.000000
0.000000
0.000000
0.000000
0.000000
0.000000
0.000000
0.000000
0.000000
0.000000
0.000000
0.000000
0.000000
0.000000
0.000000
0.000000
0.000000
0.000000
0.000000
0.000000
0.000000
0.185996
0.185934
0.185867
0.185795
0.185717
0.185635
0.185548
0.184759
0.184847
0.184930
0.185008
0.185081
0.185149
0.185212
0.185270
0.185322
0.185370
0.185412
0.185449
0.185480
0.185507
0.185528
0.185544
0.185555
0.185560
0.185560
0.185555
0.185544
0.185528
0.185507
0.185480
0.185449
0.185412
0.185370
0.185322
0.185270
0.185212
0.185149
0.185081
0.185008
0.184930
0.184847
0.184759
0.183959
0.184058
0.184142
0.184221
0.184295
0.184364
0.184428
0.184486
0.184539
0.184587
0.184630
0.184667
0.184700
0.184726
0.184748
0.184764
0.184775
0.184780
0.184780
0.184775
0.184764
0.184748
0.184726
0.184700
0.184667
0.184630
0.184587
0.184539
0.184486
0.184428
0.184364
0.184295
0.184221
0.184142
0.184058
0.183959
0.182922
0.183041
0.183152
0.183257
0.183356
0.183447
0.183532
0.183610
0.183680
0.183744
0.183801
0.183851
0.183893
0.183929
0.183957
0.183979
0.183993
0.184000
0.184000
0.183993
0.183979
0.183957
0.183929
0.183893
0.183851
0.183801
0.183744
0.183680
0.183610
0.183532
0.183447
0.183356
0.183257
0.183152
0.183041
0.182922
0.181865
0.182005
0.182118
0.182224
0.182324
0.182417
0.182502
0.182581
0.182653
0.182717
0.182775
0.182825
0.182869
0.182905
0.182933
0.182955
0.182970
0.182977
0.182977
0.182970
0.182955
0.182933
0.182905
0.182869
0.182825
0.182775
0.182717
0.182653
0.182581
0.182502
0.182417
0.182324
0.182224
0.182118
0.182005
0.181865
0.180644
0.180787
0.180922
0.181049
0.181167
0.181278
0.181380
0.181474
0.181559
0.181636
0.181705
0.181765
0.181816
0.181859
0.181894
0.181919
0.181937
0.181945
0.181945
0.181937
0.181919
0.181894
0.181859
0.181816
0.181765
0.181705
0.181636
0.181559
0.181474
0.181380
0.181278
0.181167
0.181049
0.180922
0.180787
0.180644
0.179347
0.179511
0.179665
0.179811
0.179947
0.180065
0.180168
0.180263
0.180350
0.180428
0.180497
0.180558
0.180611
0.180654
0.180689
0.180715
0.180733
0.180741
0.180741
0.180733
0.180715
0.180689
0.180654
0.180611
0.180558
0.180497
0.180428
0.180350
0.180263
0.180168
0.180065
0.179947
0.179811
0.179665
0.179511
0.179347
0.177960
0.178130
0.178287
0.178434
0.178572
0.178700
0.178819
0.178928
0.179027
0.179117
0.179197
0.179267
0.179326
0.179376
0.179416
0.179447
0.179467
0.179477
0.179477
0.179467
0.179447
0.179416
0.179376
0.179326
0.179267
0.179197
0.179117
0.179027
0.178928
0.178819
0.178700
0.178572
0.178434
0.178287
0.178130
0.177960
0.176424
0.176610
0.176787
0.176953
0.177108
0.177252
0.177386
0.177509
0.177621
0.177721
0.177811
0.177890
0.177957
0.178012
0.178053
0.178083
0.178104
0.178114
0.178114
0.178104
0.178083
0.178053
0.178012
0.177957
0.177890
0.177811
0.177721
0.177621
0.177509
0.177386
0.177252
0.177108
0.176953
0.176787
0.176610
0.176424
0.174781
0.174988
0.175184
0.175368
0.175540
0.175700
0.175848
0.175985
0.176099
0.176202
0.176293
0.176373
0.176441
0.176498
0.176544
0.176578
0.176601
0.176613
0.176613
0.176601
0.176578
0.176544
0.176498
0.176441
0.176373
0.176293
0.176202
0.176099
0.175985
0.175848
0.175700
0.175540
0.175368
0.175184
0.174988
0.174781
0.173027
0.173253
0.173467
0.173668
0.173856
0.174029
0.174179
0.174317
0.174443
0.174557
0.174658
0.174746
0.174822
0.174886
0.174937
0.174975
0.175000
0.175013
0.175013
0.175000
0.174975
0.174937
0.174886
0.174822
0.174746
0.174658
0.174557
0.174443
0.174317
0.174179
0.174029
0.173856
0.173668
0.173467
0.173253
0.173027
0.171169
0.171411
0.171640
0.171855
0.172053
0.172231
0.172395
0.172546
0.172683
0.172807
0.172918
0.173014
0.173098
0.173167
0.173222
0.173264
0.173292
0.173306
0.173306
0.173292
0.173264
0.173222
0.173167
0.173098
0.173014
0.172918
0.172807
0.172683
0.172546
0.172395
0.172231
0.172053
0.171855
0.171640
0.171411
0.171169
0.169228
0.169482
0.169721
0.169946
0.170152
0.170342
0.170518
0.170680
0.170827
0.170960
0.171078
0.171182
0.171271
0.171345
0.171404
0.171449
0.171479
0.171494
0.171494
0.171479
0.171449
0.171404
0.171345
0.171271
0.171182
0.171078
0.170960
0.170827
0.170680
0.170518
0.170342
0.170152
0.169946
0.169721
0.169482
0.169228
0.167244
0.167503
0.167747
0.167977
0.168191
0.168390
0.168574
0.168743
0.168898
0.169037
0.169161
0.169269
0.169363
0.169440
0.169503
0.169549
0.169580
0.169596
0.169596
0.169580
0.169549
0.169503
0.169440
0.169363
0.169269
0.169161
0.169037
0.168898
0.168743
0.168574
0.168390
0.168191
0.167977
0.167747
0.167503
0.167244
0.165263
0.165521
0.165764
0.165993
0.166212
0.166415
0.166603
0.166776
0.166934
0.167076
0.167203
0.167314
0.167409
0.167489
0.167552
0.167600
0.167632
0.167648
0.167648
0.167632
0.167600
0.167552
0.167489
0.167409
0.167314
0.167203
0.167076
0.166934
0.166776
0.166603
0.166415
0.166212
0.165993
0.165764
0.165521
0.165263
0.163331
0.163582
0.163819
0.164044
0.164262
0.164464
0.164652
0.164825
0.164982
0.165124
0.165250
0.165361
0.165456
0.165535
0.165598
0.165646
0.165678
0.165694
0.165694
0.165678
0.165646
0.165598
0.165535
0.165456
0.165361
0.165250
0.165124
0.164982
0.164825
0.164652
0.164464
0.164262
0.164044
0.163819
0.163582
0.163331
0.161479
0.161719
0.161946
0.162170
0.162382
0.162580
0.162763
0.162931
0.163084
0.163222
0.163345
0.163453
0.163546
0.163623
0.163685
0.163732
0.163763
0.163778
0.163778
0.163763
0.163732
0.163685
0.163623
0.163546
0.163453
0.163345
0.163222
0.163084
0.162931
0.162763
0.162580
0.162382
0.162170
0.161946
0.161719
0.161479
0.159719
0.159948
0.160175
0.160392
0.160595
0.160785
0.160960
0.161121
0.161268
0.161401
0.161519
0.161622
0.161711
0.161785
0.161845
0.161889
0.161919
0.161934
0.161934
0.161919
0.161889
0.161845
0.161785
0.161711
0.161622
0.161519
0.161401
0.161268
0.161121
0.160960
0.160785
0.160595
0.160392
0.160175
0.159948
0.159719
0.158053
0.158285
0.158505
0.158711
0.158904
0.159084
0.159251
0.159404
0.159544
0.159670
0.159782
0.159881
0.159965
0.160038
0.160099
0.160144
0.160174
0.160189
0.160189
0.160174
0.160144
0.160099
0.160038
0.159965
0.159881
0.159782
0.159670
0.159544
0.159404
0.159251
0.159084
0.158904
0.158711
0.158505
0.158285
0.158053
0.156482
0.156704
0.156913
0.157110
0.157295
0.157467
0.157626
0.157773
0.157906
0.158028
0.158142
0.158242
0.158328
0.158400
0.158457
0.158500
0.158529
0.158544
0.158544
0.158529
0.158500
0.158457
0.158400
0.158328
0.158242
0.158142
0.158028
0.157906
0.157773
0.157626
0.157467
0.157295
0.157110
0.156913
0.156704
0.156482
0.154960
0.155175
0.155379
0.155570
0.155750
0.155917
0.156075
0.156224
0.156360
0.156482
0.156591
0.156687
0.156769
0.156838
0.156893
0.156934
0.156961
0.156975
0.156975
0.156961
0.156934
0.156893
0.156838
0.156769
0.156687
0.156591
0.156482
0.156360
0.156224
0.156075
0.155917
0.155750
0.155570
0.155379
0.155175
0.154960
0.153464
0.153680
0.153884
0.154077
0.154259
0.154429
0.154587
0.154732
0.154864
0.154983
0.155089
0.155182
0.155262
0.155329
0.155382
0.155422
0.155449
0.155463
0.155463
0.155449
0.155422
0.155382
0.155329
0.155262
0.155182
0.155089
0.154983
0.154864
0.154732
0.154587
0.154429
0.154259
0.154077
0.153884
0.153680
0.153464
0.151979
0.152199
0.152406
0.152601
0.152784
0.152955
0.153113
0.153258
0.153391
0.153510
0.153617
0.153710
0.153790
0.153857
0.153911
0.153951
0.153978
0.153992
0.153992
0.153978
0.153951
0.153911
0.153857
0.153790
0.153710
0.153617
0.153510
0.153391
0.153258
0.153113
0.152955
0.152784
0.152601
0.152406
0.152199
0.151979
0.150459
0.150687
0.150903
0.151106
0.151296
0.151474
0.151638
0.151789
0.151927
0.152050
0.152159
0.152254
0.152335
0.152404
0.152458
0.152499
0.152526
0.152540
0.152540
0.152526
0.152499
0.152458
0.152404
0.152335
0.152254
0.152159
0.152050
0.151927
0.151789
0.151638
0.151474
0.151296
0.151106
0.150903
0.150687
0.150459
0.148875
0.149121
0.149353
0.149572
0.149777
0.149968
0.150137
0.150291
0.150431
0.150557
0.150670
0.150769
0.150854
0.150925
0.150982
0.151025
0.151053
0.151068
0.151068
0.151053
0.151025
0.150982
0.150925
0.150854
0.150769
0.150670
0.150557
0.150431
0.150291
0.150137
0.149968
0.149777
0.149572
0.149353
0.149121
0.148875
0.147198
0.147469
0.147726
0.147968
0.148179
0.148374
0.148554
0.148720
0.148871
0.149008
0.149129
0.149236
0.149328
0.149404
0.149465
0.149511
0.149542
0.149558
0.149558
0.149542
0.149511
0.149465
0.149404
0.149328
0.149236
0.149129
0.149008
0.148871
0.148720
0.148554
0.148374
0.148179
0.147968
0.147726
0.147469
0.147198
0.145382
0.145687
0.145977
0.146225
0.146456
0.146671
0.146871
0.147054
0.147222
0.147373
0.147508
0.147626
0.147728
0.147813
0.147881
0.147932
0.147966
0.147983
0.147983
0.147966
0.147932
0.147881
0.147813
0.147728
0.147626
0.147508
0.147373
0.147222
0.147054
0.146871
0.146671
0.146456
0.146225
0.145977
0.145687
0.145382
0.143373
0.143719
0.144042
0.144319
0.144579
0.144821
0.145046
0.145253
0.145442
0.145612
0.145764
0.145897
0.146011
0.146097
0.146166
0.146218
0.146253
0.146270
0.146270
0.146253
0.146218
0.146166
0.146097
0.146011
0.145897
0.145764
0.145612
0.145442
0.145253
0.145046
0.144821
0.144579
0.144319
0.144042
0.143719
0.143373
0.141119
0.141510
0.141880
0.142206
0.142500
0.142775
0.143030
0.143264
0.143478
0.143671
0.143844
0.143995
0.144112
0.144209
0.144287
0.144346
0.144385
0.144405
0.144405
0.144385
0.144346
0.144287
0.144209
0.144112
0.143995
0.143844
0.143671
0.143478
0.143264
0.143030
0.142775
0.142500
0.142206
0.141880
0.141510
0.141119
0.138578
0.139016
0.139432
0.139823
0.140173
0.140484
0.140772
0.141037
0.141279
0.141498
0.141693
0.141864
0.142010
0.142120
0.142209
0.142276
0.142320
0.142342
0.142342
0.142320
0.142276
0.142209
0.142120
0.142010
0.141864
0.141693
0.141498
0.141279
0.141037
0.140772
0.140484
0.140173
0.139823
0.139432
0.139016
0.138578
0.135706
0.136215
0.136677
0.137112
0.137521
0.137902
0.138234
0.138532
0.138804
0.139050
0.139269
0.139462
0.139627
0.139765
0.139876
0.139959
0.140013
0.140038
0.140038
0.140013
0.139959
0.139876
0.139765
0.139627
0.139462
0.139269
0.139050
0.138804
0.138532
0.138234
0.137902
0.137521
0.137112
0.136677
0.136215
0.135706
0.132470
0.133042
0.133585
0.134090
0.134540
0.134959
0.135348
0.135707
0.136031
0.136305
0.136549
0.136763
0.136948
0.137101
0.137225
0.137317
0.137379
0.137410
0.137410
0.137379
0.137317
0.137225
0.137101
0.136948
0.136763
0.136549
0.136305
0.136031
0.135707
0.135348
0.134959
0.134540
0.134090
0.133585
0.133042
0.132470
0.128895
0.129543
0.130148
0.130700
0.131217
0.131700
0.132141
0.132531
0.132888
0.133210
0.133497
0.133749
0.133966
0.134138
0.134274
0.134376
0.134444
0.134478
0.134478
0.134444
0.134376
0.134274
0.134138
0.133966
0.133749
0.133497
0.133210
0.132888
0.132531
0.132141
0.131700
0.131217
0.130700
0.130148
0.129543
0.128895
0.125017
0.125728
0.126388
0.127002
0.127578
0.128112
0.128591
0.129033
0.129437
0.129801
0.130121
0.130393
0.130627
0.130823
0.130980
0.131097
0.131176
0.131215
0.131215
0.131176
0.131097
0.130980
0.130823
0.130627
0.130393
0.130121
0.129801
0.129437
0.129033
0.128591
0.128112
0.127578
0.127002
0.126388
0.125728
0.125017
0.120868
0.121636
0.122354
0.123023
0.123650
0.124230
0.124757
0.125244
0.125688
0.126086
0.126432
0.126736
0.126997
0.127215
0.127390
0.127521
0.127609
0.127653
0.127653
0.127609
0.127521
0.127390
0.127215
0.126997
0.126736
0.126432
0.126086
0.125688
0.125244
0.124757
0.124230
0.123650
0.123023
0.122354
0.121636
0.120868
0.116470
0.117294
0.118072
0.118792
0.119467
0.120096
0.120667
0.121193
0.121674
0.122106
0.122483
0.122815
0.123100
0.123338
0.123529
0.123672
0.123768
0.123816
0.123816
0.123768
0.123672
0.123529
0.123338
0.123100
0.122815
0.122483
0.122106
0.121674
0.121193
0.120667
0.120096
0.119467
0.118792
0.118072
0.117294
0.116470
0.111822
0.112706
0.113540
0.114321
0.115044
0.115720
0.116340
0.116905
0.117422
0.117889
0.118299
0.118656
0.118963
0.119220
0.119426
0.119581
0.119684
0.119736
0.119736
0.119684
0.119581
0.119426
0.119220
0.118963
0.118656
0.118299
0.117889
0.117422
0.116905
0.116340
0.115720
0.115044
0.114321
0.113540
0.112706
0.111822
0.106896
0.107857
0.108752
0.109595
0.110378
0.111101
0.111773
0.112383
0.112937
0.113437
0.113884
0.114270
0.114600
0.114876
0.115097
0.115263
0.115374
0.115429
0.115429
0.115374
0.115263
0.115097
0.114876
0.114600
0.114270
0.113884
0.113437
0.112937
0.112383
0.111773
0.111101
0.110378
0.109595
0.108752
0.107857
0.106896
0.101678
0.102711
0.103685
0.104592
0.105438
0.106224
0.106943
0.107606
0.108207
0.108743
0.109222
0.109642
0.110004
0.110299
0.110536
0.110715
0.110834
0.110893
0.110893
0.110834
0.110715
0.110536
0.110299
0.110004
0.109642
0.109222
0.108743
0.108207
0.107606
0.106943
0.106224
0.105438
0.104592
0.103685
0.102711
0.101678
0.000000
0.000000
0.098303
0.099286
0.100206
0.101052
0.101838
0.102550
0.103199
0.103785
0.104303
0.104753
0.105141
0.105465
0.105725
0.105920
0.106049
0.106113
0.106113
0.106049
0.105920
0.105725
0.105465
0.105141
0.104753
0.104303
0.103785
0.103199
0.102550
0.101838
0.101052
0.100206
0.099286
0.098303
0.000000
0.000000
0.000000
0.000000
0.000000
0.000000
0.000000
0.000000
0.000000
0.000000
0.000000
0.098528
0.099090
0.099583
0.100007
0.100354
0.100633
0.100842
0.100982
0.101052
0.101052
0.100982
0.100842
0.100633
0.100354
0.100007
0.099583
0.099090
0.098528
0.000000
0.000000
0.000000
0.000000
0.000000
0.000000
0.000000
0.000000
0.000000
0.185838
0.000000
0.000000
0.000000
0.000000
0.000000
0.000000
0.000000
0.000000
0.000000
0.000000
0.000000
0.000000
0.000000
0.000000
0.000000
0.000000
0.000000
0.000000
0.000000
0.000000
0.000000
0.000000
0.000000
0.000000
0.000000
0.000000
0.000000
0.000000
0.000000
0.000000
0.000000
0.000000
0.000000
0.000000
0.185838
0.185020
0.185192
0.185354
0.185508
0.185653
0.185789
0.185915
0.000000
0.000000
0.000000
0.000000
0.000000
0.000000
0.000000
0.000000
0.000000
0.000000
0.000000
0.000000
0.000000
0.000000
0.000000
0.000000
0.000000
0.000000
0.000000
0.000000
0.000000
0.000000
0.185915
0.185789
0.185653
0.185508
0.185354
0.185192
0.185020
0.184201
0.184376
0.184543
0.184700
0.184848
0.184987
0.185117
0.185236
0.185346
0.185445
0.185533
0.185611
0.185679
0.185735
0.185780
0.185814
0.185836
0.185848
0.185848
0.185836
0.185814
0.185780
0.185735
0.185679
0.185611
0.185533
0.185445
0.185346
0.185236
0.185117
0.184987
0.184848
0.184700
0.184543
0.184376
0.184201
0.183186
0.183421
0.183645
0.183856
0.184043
0.184185
0.184318
0.184440
0.184552
0.184654
0.184745
0.184825
0.184894
0.184952
0.184998
0.185033
0.185056
0.185068
0.185068
0.185056
0.185033
0.184998
0.184952
0.184894
0.184825
0.184745
0.184654
0.184552
0.184440
0.184318
0.184185
0.184043
0.183856
0.183645
0.183421
0.183186
0.182106
0.182347
0.182575
0.182792
0.182996
0.183188
0.183366
0.183531
0.183683
0.183820
0.183942
0.184038
0.184109
0.184169
0.184216
0.184252
0.184276
0.184288
0.184288
0.184276
0.184252
0.184216
0.184169
0.184109
0.184038
0.183942
0.183820
0.183683
0.183531
0.183366
0.183188
0.182996
0.182792
0.182575
0.182347
0.182106
0.180851
0.181140
0.181416
0.181677
0.181924
0.182132
0.182315
0.182484
0.182639
0.182780
0.182906
0.183017
0.183113
0.183193
0.183257
0.183306
0.183338
0.183354
0.183354
0.183338
0.183306
0.183257
0.183193
0.183113
0.183017
0.182906
0.182780
0.182639
0.182484
0.182315
0.182132
0.181924
0.181677
0.181416
0.181140
0.180851
0.179517
0.179852
0.180152
0.180420
0.180673
0.180910
0.181131
0.181336
0.181524
0.181694
0.181847
0.181981
0.182082
0.182165
0.182231
0.182281
0.182314
0.182331
0.182331
0.182314
0.182281
0.182231
0.182165
0.182082
0.181981
0.181847
0.181694
0.181524
0.181336
0.181131
0.180910
0.180673
0.180420
0.180152
0.179852
0.179517
0.178066
0.178410
0.178738
0.179049
0.179343
0.179618
0.179876
0.180101
0.180294
0.180469
0.180626
0.180765
0.180884
0.180984
0.181064
0.181125
0.181165
0.181185
0.181185
0.181165
0.181125
0.181064
0.180984
0.180884
0.180765
0.180626
0.180469
0.180294
0.180101
0.179876
0.179618
0.179343
0.179049
0.178738
0.178410
0.178066
0.176457
0.176848
0.177222
0.177576
0.177912
0.178204
0.178468
0.178714
0.178939
0.179143
0.179326
0.179488
0.179627
0.179744
0.179838
0.179908
0.179955
0.179979
0.179979
0.179955
0.179908
0.179838
0.179744
0.179627
0.179488
0.179326
0.179143
0.178939
0.178714
0.178468
0.178204
0.177912
0.177576
0.177222
0.176848
0.176457
0.174724
0.175163
0.175583
0.175982
0.176328
0.176651
0.176954
0.177234
0.177492
0.177726
0.177936
0.178109
0.178253
0.178373
0.178470
0.178543
0.178592
0.178616
0.178616
0.178592
0.178543
0.178470
0.178373
0.178253
0.178109
0.177936
0.177726
0.177492
0.177234
0.176954
0.176651
0.176328
0.175982
0.175583
0.175163
0.174724
0.172860
0.173345
0.173809
0.174232
0.174620
0.174984
0.175325
0.175642
0.175933
0.176180
0.176397
0.176588
0.176753
0.176891
0.177003
0.177086
0.177143
0.177171
0.177171
0.177143
0.177086
0.177003
0.176891
0.176753
0.176588
0.176397
0.176180
0.175933
0.175642
0.175325
0.174984
0.174620
0.174232
0.173809
0.173345
0.172860
0.170872
0.171398
0.171901
0.172360
0.172789
0.173194
0.173572
0.173923
0.174229
0.174502
0.174747
0.174963
0.175150
0.175307
0.175433
0.175528
0.175592
0.175624
0.175624
0.175592
0.175528
0.175433
0.175307
0.175150
0.174963
0.174747
0.174502
0.174229
0.173923
0.173572
0.173194
0.172789
0.172360
0.171901
0.171398
0.170872
0.168791
0.169348
0.169882
0.170378
0.170844
0.171284
0.171696
0.172075
0.172408
0.172712
0.172985
0.173226
0.173435
0.173610
0.173751
0.173857
0.173928
0.173963
0.173963
0.173928
0.173857
0.173751
0.173610
0.173435
0.173226
0.172985
0.172712
0.172408
0.172075
0.171696
0.171284
0.170844
0.170378
0.169882
0.169348
0.168791
0.166661
0.167238
0.167791
0.168315
0.168811
0.169280
0.169718
0.170122
0.170487
0.170818
0.171117
0.171381
0.171609
0.171801
0.171955
0.172067
0.172141
0.172178
0.172178
0.172141
0.172067
0.171955
0.171801
0.171609
0.171381
0.171117
0.170818
0.170487
0.170122
0.169718
0.169280
0.168811
0.168315
0.167791
0.167238
0.166661
0.164543
0.165125
0.165683
0.166219
0.166735
0.167221
0.167677
0.168101
0.168490
0.168845
0.169164
0.169447
0.169691
0.169897
0.170060
0.170181
0.170262
0.170303
0.170303
0.170262
0.170181
0.170060
0.169897
0.169691
0.169447
0.169164
0.168845
0.168490
0.168101
0.167677
0.167221
0.166735
0.166219
0.165683
0.165125
0.164543
0.162487
0.163061
0.163613
0.164146
0.164668
0.165161
0.165624
0.166057
0.166463
0.166833
0.167167
0.167462
0.167718
0.167933
0.168106
0.168236
0.168323
0.168367
0.168367
0.168323
0.168236
0.168106
0.167933
0.167718
0.167462
0.167167
0.166833
0.166463
0.166057
0.165624
0.165161
0.164668
0.164146
0.163613
0.163061
0.162487
0.160528
0.161086
0.161622
0.162143
0.162660
0.163149
0.163610
0.164040
0.164454
0.164831
0.165172
0.165474
0.165735
0.165956
0.166136
0.166272
0.166364
0.166410
0.166410
0.166364
0.166272
0.166136
0.165956
0.165735
0.165474
0.165172
0.164831
0.164454
0.164040
0.163610
0.163149
0.162660
0.162143
0.161622
0.161086
0.160528
0.158675
0.159212
0.159729
0.160240
0.160744
0.161221
0.161671
0.162097
0.162508
0.162885
0.163226
0.163527
0.163789
0.164011
0.164196
0.164336
0.164430
0.164477
0.164477
0.164430
0.164336
0.164196
0.164011
0.163789
0.163527
0.163226
0.162885
0.162508
0.162097
0.161671
0.161221
0.160744
0.160240
0.159729
0.159212
0.158675
0.156912
0.157432
0.157933
0.158440
0.158928
0.159390
0.159827
0.160251
0.160655
0.161025
0.161359
0.161657
0.161915
0.162141
0.162327
0.162468
0.162562
0.162610
0.162610
0.162562
0.162468
0.162327
0.162141
0.161915
0.161657
0.161359
0.161025
0.160655
0.160251
0.159827
0.159390
0.158928
0.158440
0.157933
0.157432
0.156912
0.155212
0.155725
0.156229
0.156725
0.157199
0.157650
0.158080
0.158504
0.158898
0.159259
0.159586
0.159876
0.160138
0.160366
0.160551
0.160690
0.160784
0.160831
0.160831
0.160784
0.160690
0.160551
0.160366
0.160138
0.159876
0.159586
0.159259
0.158898
0.158504
0.158080
0.157650
0.157199
0.156725
0.156229
0.155725
0.155212
0.153544
0.154066
0.154576
0.155066
0.155536
0.155983
0.156424
0.156838
0.157224
0.157578
0.157899
0.158197
0.158462
0.158687
0.158868
0.159005
0.159098
0.159144
0.159144
0.159098
0.159005
0.158868
0.158687
0.158462
0.158197
0.157899
0.157578
0.157224
0.156838
0.156424
0.155983
0.155536
0.155066
0.154576
0.154066
0.153544
0.151875
0.152414
0.152933
0.153433
0.153913
0.154375
0.154815
0.155228
0.155613
0.155967
0.156302
0.156602
0.156864
0.157086
0.157266
0.157402
0.157493
0.157539
0.157539
0.157493
0.157402
0.157266
0.157086
0.156864
0.156602
0.156302
0.155967
0.155613
0.155228
0.154815
0.154375
0.153913
0.153433
0.152933
0.152414
0.151875
0.150155
0.150720
0.151267
0.151796
0.152298
0.152772
0.153223
0.153648
0.154045
0.154416
0.154754
0.155056
0.155320
0.155544
0.155725
0.155863
0.155956
0.156003
0.156003
0.155956
0.155863
0.155725
0.155544
0.155320
0.155056
0.154754
0.154416
0.154045
0.153648
0.153223
0.152772
0.152298
0.151796
0.151267
0.150720
0.150155
0.148324
0.148940
0.149539
0.150111
0.150638
0.151142
0.151622
0.152073
0.152488
0.152872
0.153222
0.153535
0.153810
0.154044
0.154237
0.154383
0.154482
0.154531
0.154531
0.154482
0.154383
0.154237
0.154044
0.153810
0.153535
0.153222
0.152872
0.152488
0.152073
0.151622
0.151142
0.150638
0.150111
0.149539
0.148940
0.148324
0.146328
0.147019
0.147691
0.148315
0.148892
0.149447
0.149977
0.150451
0.150895
0.151307
0.151684
0.152022
0.152313
0.152561
0.152763
0.152917
0.153020
0.153072
0.153072
0.153020
0.152917
0.152763
0.152561
0.152313
0.152022
0.151684
0.151307
0.150895
0.150451
0.149977
0.149447
0.148892
0.148315
0.147691
0.147019
0.146328
0.144097
0.144884
0.145651
0.146358
0.147010
0.147638
0.148219
0.148742
0.149235
0.149694
0.150109
0.150467
0.150783
0.151052
0.151273
0.151441
0.151554
0.151612
0.151612
0.151554
0.151441
0.151273
0.151052
0.150783
0.150467
0.150109
0.149694
0.149235
0.148742
0.148219
0.147638
0.147010
0.146358
0.145651
0.144884
0.144097
0.141507
0.142457
0.143337
0.144175
0.144922
0.145644
0.146304
0.146900
0.147463
0.147988
0.148434
0.148837
0.149193
0.149498
0.149748
0.149939
0.150064
0.150126
0.150126
0.150064
0.149939
0.149748
0.149498
0.149193
0.148837
0.148434
0.147988
0.147463
0.146900
0.146304
0.145644
0.144922
0.144175
0.143337
0.142457
0.141507
0.138494
0.139629
0.140672
0.141656
0.142552
0.143386
0.144170
0.144860
0.145514
0.146114
0.146627
0.147093
0.147506
0.147862
0.148142
0.148349
0.148489
0.148559
0.148559
0.148489
0.148349
0.148142
0.147862
0.147506
0.147093
0.146627
0.146114
0.145514
0.144860
0.144170
0.143386
0.142552
0.141656
0.140672
0.139629
0.138494
0.134955
0.136306
0.137556
0.138714
0.139807
0.140787
0.141717
0.142549
0.143313
0.144030
0.144632
0.145181
0.145671
0.146086
0.146402
0.146646
0.146812
0.146896
0.146896
0.146812
0.146646
0.146402
0.146086
0.145671
0.145181
0.144632
0.144030
0.143313
0.142549
0.141717
0.140787
0.139807
0.138714
0.137556
0.136306
0.134955
0.130851
0.132421
0.133905
0.135274
0.136562
0.137766
0.138854
0.139884
0.140788
0.141633
0.142380
0.143033
0.143620
0.144116
0.144497
0.144792
0.144993
0.145095
0.145095
0.144993
0.144792
0.144497
0.144116
0.143620
0.143033
0.142380
0.141633
0.140788
0.139884
0.138854
0.137766
0.136562
0.135274
0.133905
0.132421
0.130851
0.126193
0.127978
0.129670
0.131272
0.132784
0.134209
0.135521
0.136732
0.137862
0.138859
0.139785
0.140582
0.141284
0.141900
0.142374
0.142735
0.142983
0.143109
0.143109
0.142983
0.142735
0.142374
0.141900
0.141284
0.140582
0.139785
0.138859
0.137862
0.136732
0.135521
0.134209
0.132784
0.131272
0.129670
0.127978
0.126193
0.121008
0.122986
0.124888
0.126709
0.128445
0.130094
0.131636
0.133073
0.134413
0.135641
0.136744
0.137747
0.138607
0.139348
0.139973
0.140422
0.140730
0.140888
0.140888
0.140730
0.140422
0.139973
0.139348
0.138607
0.137747
0.136744
0.135641
0.134413
0.133073
0.131636
0.130094
0.128445
0.126709
0.124888
0.122986
0.121008
0.115336
0.117506
0.119602
0.121622
0.123562
0.125419
0.127185
0.128857
0.130429
0.131894
0.133221
0.134434
0.135506
0.136430
0.137189
0.137792
0.138195
0.138394
0.138394
0.138195
0.137792
0.137189
0.136430
0.135506
0.134434
0.133221
0.131894
0.130429
0.128857
0.127185
0.125419
0.123562
0.121622
0.119602
0.117506
0.115336
0.109136
0.111512
0.113810
0.116029
0.118168
0.120229
0.122209
0.124102
0.125900
0.127588
0.129163
0.130613
0.131929
0.133061
0.134037
0.134777
0.135301
0.135574
0.135574
0.135301
0.134777
0.134037
0.133061
0.131929
0.130613
0.129163
0.127588
0.125900
0.124102
0.122209
0.120229
0.118168
0.116029
0.113810
0.111512
0.109136
0.102334
0.104936
0.107456
0.109894
0.112245
0.114514
0.116702
0.118806
0.120823
0.122746
0.124563
0.126264
0.127825
0.129214
0.130418
0.131381
0.132073
0.132422
0.132422
0.132073
0.131381
0.130418
0.129214
0.127825
0.126264
0.124563
0.122746
0.120823
0.118806
0.116702
0.114514
0.112245
0.109894
0.107456
0.104936
0.102334
0.000000
0.000000
0.100456
0.103132
0.105723
0.108225
0.110637
0.112966
0.115208
0.117361
0.119417
0.121365
0.123187
0.124857
0.126339
0.127567
0.128466
0.128945
0.128945
0.128466
0.127567
0.126339
0.124857
0.123187
0.121365
0.119417
0.117361
0.115208
0.112966
0.110637
0.108225
0.105723
0.103132
0.100456
0.000000
0.000000
0.000000
0.000000
0.000000
0.000000
0.098496
0.101253
0.103923
0.106496
0.108981
0.111378
0.113684
0.115892
0.117989
0.119953
0.121745
0.123298
0.124501
0.125177
0.125177
0.124501
0.123298
0.121745
0.119953
0.117989
0.115892
0.113684
0.111378
0.108981
0.106496
0.103923
0.101253
0.098496
0.000000
0.000000
0.000000
0.000000
0.185024
0.185439
0.185855
0.000000
0.000000
0.000000
0.000000
0.099271
0.102029
0.104685
0.107254
0.109734
0.112116
0.114386
0.116525
0.118477
0.120114
0.121130
0.121130
0.120114
0.118477
0.116525
0.114386
0.112116
0.109734
0.107254
0.104685
0.102029
0.099271
0.000000
0.000000
0.000000
0.000000
0.185855
0.185439
0.185024
0.183815
0.184276
0.184694
0.185111
0.185528
0.185946
0.000000
0.000000
0.000000
0.000000
0.099985
0.102738
0.105406
0.107989
0.110469
0.112839
0.115035
0.116747
0.116747
0.115035
0.112839
0.110469
0.107989
0.105406
0.102738
0.099985
0.000000
0.000000
0.000000
0.000000
0.185946
0.185528
0.185111
0.184694
0.184276
0.183815
0.182255
0.182803
0.183352
0.183901
0.184342
0.184760
0.185178
0.185597
0.000000
0.000000
0.000000
0.000000
0.000000
0.100501
0.103262
0.105946
0.108539
0.111042
0.111042
0.108539
0.105946
0.103262
0.100501
0.000000
0.000000
0.000000
0.000000
0.000000
0.185597
0.185178
0.184760
0.184342
0.183901
0.183352
0.182803
0.182255
