0.156752
0.157268
0.157755
0.158224
0.158678
0.159100
0.159489
0.159847
0.160184
0.160497
0.160775
0.161019
0.161228
0.161402
0.161542
0.161647
0.161716
0.161751
0.161751
0.161716
0.161647
0.161542
0.161402
0.161228
0.161019
0.160775
0.160497
0.160184
0.159847
0.159489
0.159100
0.158678
0.158224
0.157755
0.157268
0.156752
0.157633
0.158164
0.158686
0.159176
0.159633
0.160063
0.160483
0.160869
0.161219
0.161535
0.161816
0.162066
0.162290
0.162476
0.162625
0.162737
0.162812
0.162849
0.162849
0.162812
0.162737
0.162625
0.162476
0.162290
0.162066
0.161816
0.161535
0.161219
0.160869
0.160483
0.160063
0.159633
0.159176
0.158686
0.158164
0.157633
0.158546
0.159105
0.159632
0.160135
0.160628
0.161087
0.161511
0.161900
0.162269
0.162607
0.162908
0.163171
0.163397
0.163585
0.163735
0.163848
0.163924
0.163961
0.163961
0.163924
0.163848
0.163735
0.163585
0.163397
0.163171
0.162908
0.162607
0.162269
0.161900
0.161511
0.161087
0.160628
0.160135
0.159632
0.159105
0.158546
0.159481
0.160049
0.160616
0.161149
0.161648
0.162117
0.162571
0.162987
0.163366
0.163707
0.164011
0.164287
0.164525
0.164722
0.164881
0.165000
0.165079
0.165118
0.165118
0.165079
0.165000
0.164881
0.164722
0.164525
0.164287
0.164011
0.163707
0.163366
0.162987
0.162571
0.162117
0.161648
0.161149
0.160616
0.160049
0.159481
0.160444
0.161052
0.161625
0.162173
0.162706
0.163201
0.163659
0.164083
0.164481
0.164839
0.165158
0.165438
0.165677
0.165877
0.166038
0.166160
0.166241
0.166282
0.166282
0.166241
0.166160
0.166038
0.165877
0.165677
0.165438
0.165158
0.164839
0.164481
0.164083
0.163659
0.163201
0.162706
0.162173
0.161625
0.161052
0.160444
0.161441
0.162058
0.162671
0.163247
0.163785
0.164296
0.164778
0.165220
0.165622
0.165984
0.166311
0.166599
0.166845
0.167050
0.167215
0.167338
0.167420
0.167461
0.167461
0.167420
0.167338
0.167215
0.167050
0.166845
0.166599
0.166311
0.165984
0.165622
0.165220
0.164778
0.164296
0.163785
0.163247
0.162671
0.162058
0.161441
0.162462
0.163119
0.163738
0.164332
0.164898
0.165424
0.165910
0.166363
0.166776
0.167148
0.167479
0.167769
0.168018
0.168224
0.168389
0.168512
0.168595
0.168636
0.168636
0.168595
0.168512
0.168389
0.168224
0.168018
0.167769
0.167479
0.167148
0.166776
0.166363
0.165910
0.165424
0.164898
0.164332
0.163738
0.163119
0.162462
0.163516
0.164187
0.164838
0.165449
0.166020
0.166561
0.167061
0.167519
0.167937
0.168311
0.168643
0.168934
0.169183
0.169391
0.169557
0.169682
0.169766
0.169807
0.169807
0.169766
0.169682
0.169557
0.169391
0.169183
0.168934
0.168643
0.168311
0.167937
0.167519
0.167061
0.166561
0.166020
0.165449
0.164838
0.164187
0.163516
0.164592
0.165290
0.165947
0.166574
0.167162
0.167708
0.168211
0.168671
0.169089
0.169467
0.169802
0.170093
0.170337
0.170540
0.170703
0.170826
0.170907
0.170948
0.170948
0.170907
0.170826
0.170703
0.170540
0.170337
0.170093
0.169802
0.169467
0.169089
0.168671
0.168211
0.167708
0.167162
0.166574
0.165947
0.165290
0.164592
0.165687
0.166399
0.167074
0.167709
0.168300
0.168848
0.169354
0.169819
0.170234
0.170603
0.170931
0.171219
0.171465
0.171671
0.171835
0.171959
0.172039
0.172078
0.172078
0.172039
0.171959
0.171835
0.171671
0.171465
0.171219
0.170931
0.170603
0.170234
0.169819
0.169354
0.168848
0.168300
0.167709
0.167074
0.166399
0.165687
0.166795
0.167519
0.168200
0.168837
0.169432
0.169985
0.170481
0.170936
0.171349
0.171722
0.172051
0.172326
0.172562
0.172759
0.172916
0.173034
0.173113
0.173152
0.173152
0.173113
0.173034
0.172916
0.172759
0.172562
0.172326
0.172051
0.171722
0.171349
0.170936
0.170481
0.169985
0.169432
0.168837
0.168200
0.167519
0.166795
0.167907
0.168634
0.169319
0.169962
0.170545
0.171087
0.171587
0.172044
0.172440
0.172797
0.173114
0.173392
0.173630
0.173829
0.173988
0.174100
0.174174
0.174211
0.174211
0.174174
0.174100
0.173988
0.173829
0.173630
0.173392
0.173114
0.172797
0.172440
0.172044
0.171587
0.171087
0.170545
0.169962
0.169319
0.168634
0.167907
0.169011
0.169744
0.170422
0.171052
0.171640
0.172177
0.172656
0.173096
0.173496
0.173856
0.174164
0.174425
0.174648
0.174835
0.174984
0.175096
0.175171
0.175208
0.175208
0.175171
0.175096
0.174984
0.174835
0.174648
0.174425
0.174164
0.173856
0.173496
0.173096
0.172656
0.172177
0.171640
0.171052
0.170422
0.169744
0.169011
0.170108
0.170827
0.171504
0.172132
0.172695
0.173219
0.173702
0.174136
0.174512
0.174850
0.175151
0.175414
0.175640
0.175829
0.175980
0.176085
0.176154
0.176188
0.176188
0.176154
0.176085
0.175980
0.175829
0.175640
0.175414
0.175151
0.174850
0.174512
0.174136
0.173702
0.173219
0.172695
0.172132
0.171504
0.170827
0.170108
0.171174
0.171900
0.172553
0.173161
0.173730
0.174241
0.174695
0.175112
0.175491
0.175833
0.176125
0.176368
0.176577
0.176751
0.176890
0.176995
0.177065
0.177099
0.177099
0.177065
0.176995
0.176890
0.176751
0.176577
0.176368
0.176125
0.175833
0.175491
0.175112
0.174695
0.174241
0.173730
0.173161
0.172553
0.171900
0.171174
0.172226
0.172920
0.173575
0.174176
0.174710
0.175207
0.175666
0.176079
0.176430
0.176745
0.177026
0.177272
0.177483
0.177659
0.177799
0.177905
0.177976
0.178010
0.178010
0.177976
0.177905
0.177799
0.177659
0.177483
0.177272
0.177026
0.176745
0.176430
0.176079
0.175666
0.175207
0.174710
0.174176
0.173575
0.172920
0.172226
0.173232
0.173934
0.174553
0.175130
0.175670
0.176157
0.176580
0.176969
0.177324
0.177643
0.177926
0.178158
0.178349
0.178509
0.178638
0.178734
0.178798
0.178830
0.178830
0.178798
0.178734
0.178638
0.178509
0.178349
0.178158
0.177926
0.177643
0.177324
0.176969
0.176580
0.176157
0.175670
0.175130
0.174553
0.173934
0.173232
0.174220
0.174879
0.175500
0.176076
0.176574
0.177038
0.177466
0.177859
0.178195
0.178486
0.178744
0.178970
0.179164
0.179326
0.179456
0.179553
0.179618
0.179650
0.179650
0.179618
0.179553
0.179456
0.179326
0.179164
0.178970
0.178744
0.178486
0.178195
0.177859
0.177466
0.177038
0.176574
0.176076
0.175500
0.174879
0.174220
0.175152
0.175817
0.176407
0.176946
0.177449
0.177918
0.178316
0.178674
0.178999
0.179293
0.179554
0.179783
0.179979
0.180126
0.180242
0.180328
0.180386
0.180415
0.180415
0.180386
0.180328
0.180242
0.180126
0.179979
0.179783
0.179554
0.179293
0.178999
0.178674
0.178316
0.177918
0.177449
0.176946
0.176407
0.175817
0.175152
0.176075
0.176690
0.177269
0.177814
0.178291
0.178717
0.179112
0.179473
0.179803
0.180088
0.180321
0.180526
0.180701
0.180847
0.180964
0.181052
0.181111
0.181140
0.181140
0.181111
0.181052
0.180964
0.180847
0.180701
0.180526
0.180321
0.180088
0.179803
0.179473
0.179112
0.178717
0.178291
0.177814
0.177269
0.176690
0.176075
0.176923
0.177545
0.178118
0.178614
0.179077
0.179508
0.179907
0.180241
0.180535
0.180800
0.181036
0.181243
0.181420
0.181568
0.181687
0.181776
0.181835
0.181864
0.181864
0.181835
0.181776
0.181687
0.181568
0.181420
0.181243
0.181036
0.180800
0.180535
0.180241
0.179907
0.179508
0.179077
0.178614
0.178118
0.177545
0.176923
0.177770
0.178359
0.178892
0.179394
0.179862
0.180264
0.180620
0.180947
0.181244
0.181513
0.181751
0.181960
0.182119
0.182246
0.182348
0.182424
0.182475
0.182501
0.182501
0.182475
0.182424
0.182348
0.182246
0.182119
0.181960
0.181751
0.181513
0.181244
0.180947
0.180620
0.180264
0.179862
0.179394
0.178892
0.178359
0.177770
0.178554
0.179126
0.179666
0.180153
0.180571
0.180961
0.181321
0.181652
0.181953
0.182191
0.182396
0.182576
0.182730
0.182859
0.182962
0.183039
0.183091
0.183117
0.183117
0.183091
0.183039
0.182962
0.182859
0.182730
0.182576
0.182396
0.182191
0.181953
0.181652
0.181321
0.180961
0.180571
0.180153
0.179666
0.179126
0.178554
0.179313
0.179892
0.180387
0.180840
0.181264
0.181658
0.182019
0.182303
0.182562
0.182796
0.183004
0.183186
0.183342
0.183472
0.183576
0.183654
0.183706
0.183733
0.183733
0.183706
0.183654
0.183576
0.183472
0.183342
0.183186
0.183004
0.182796
0.182562
0.182303
0.182019
0.181658
0.181264
0.180840
0.180387
0.179892
0.179313
0.180063
0.180580
0.181068
0.181526
0.181955
0.182301
0.182614
0.182902
0.183164
0.183401
0.183611
0.183795
0.183953
0.184065
0.184145
0.184205
0.184245
0.184266
0.184266
0.184245
0.184205
0.184145
0.184065
0.183953
0.183795
0.183611
0.183401
0.183164
0.182902
0.182614
0.182301
0.181955
0.181526
0.181068
0.180580
0.180063
0.180731
0.181255
0.181748
0.182180
0.182549
0.182892
0.183209
0.183501
0.183766
0.184004
0.184166
0.184308
0.184430
0.184531
0.184613
0.184674
0.184715
0.184735
0.184735
0.184715
0.184674
0.184613
0.184531
0.184430
0.184308
0.184166
0.184004
0.183766
0.183501
0.183209
0.182892
0.182549
0.182180
0.181748
0.181255
0.180731
0.181399
0.181928
0.182363
0.182762
0.183135
0.183483
0.183804
0.184075
0.184280
0.184464
0.184628
0.184772
0.184895
0.184998
0.185081
0.185142
0.185184
0.185204
0.185204
0.185184
0.185142
0.185081
0.184998
0.184895
0.184772
0.184628
0.184464
0.184280
0.184075
0.183804
0.183483
0.183135
0.182762
0.182363
0.181928
0.181399
0.182055
0.182510
0.182940
0.183344
0.183721
0.184055
0.184303
0.184531
0.184738
0.184924
0.185090
0.185236
0.185361
0.185465
0.185548
0.185611
0.185653
0.185674
0.185674
0.185653
0.185611
0.185548
0.185465
0.185361
0.185236
0.185090
0.184924
0.184738
0.184531
0.184303
0.184055
0.183721
0.183344
0.182940
0.182510
0.182055
0.182619
0.183080
0.183515
0.183924
0.184233
0.184504
0.184755
0.184986
0.185195
0.185384
0.185552
0.185700
0.185826
0.185932
0.000000
0.000000
0.000000
0.000000
0.000000
0.000000
0.000000
0.000000
0.185932
0.185826
0.185700
0.185552
0.185384
0.185195
0.184986
0.184755
0.184504
0.184233
0.183924
0.183515
0.183080
0.182619
0.183183
0.183649
0.184068
0.184384
0.184679
0.184953
0.185207
0.185440
0.185652
0.185844
0.000000
0.000000
0.000000
0.000000
0.000000
0.000000
0.000000
0.000000
0.000000
0.000000
0.000000
0.000000
0.000000
0.000000
0.000000
0.000000
0.185844
0.185652
0.185440
0.185207
0.184953
0.184679
0.184384
0.184068
0.183649
0.183183
0.183745
0.184165
0.184505
0.184824
0.185123
0.185401
0.185658
0.185894
0.000000
0.000000
0.000000
0.000000
0.000000
0.000000
0.000000
0.000000
0.000000
0.000000
0.000000
0.000000
0.000000
0.000000
0.000000
0.000000
0.000000
0.000000
0.000000
0.000000
0.185894
0.185658
0.185401
0.185123
0.184824
0.184505
0.184165
0.183745
0.184233
0.184597
0.184941
0.185265
0.185567
0.185849
0.000000
0.000000
0.000000
0.000000
0.000000
0.000000
0.000000
0.000000
0.000000
0.000000
0.000000
0.000000
0.000000
0.000000
0.000000
0.000000
0.000000
0.000000
0.000000
0.000000
0.000000
0.000000
0.000000
0.000000
0.185849
0.185567
0.185265
0.184941
0.184597
0.184233
0.184659
0.185028
0.185376
0.185704
0.000000
0.000000
0.000000
0.000000
0.000000
0.000000
0.000000
0.000000
0.000000
0.098418
0.099025
0.099481
0.099785
0.099937
0.099937
0.099785
0.099481
0.099025
0.098418
0.000000
0.000000
0.000000
0.000000
0.000000
0.000000
0.000000
0.000000
0.000000
0.185704
0.185376
0.185028
0.184659
0.185084
0.185458
0.185811
0.000000
0.000000
0.000000
0.000000
0.000000
0.000000
0.000000
0.098838
0.099912
0.100814
0.101566
0.102164
0.102605
0.102900
0.103047
0.103047
0.102900
0.102605
0.102164
0.101566
0.100814
0.099912
0.098838
0.000000
0.000000
0.000000
0.000000
0.000000
0.000000
0.000000
0.185811
0.185458
0.185084
0.185508
0.185887
0.000000
0.000000
0.000000
0.000000
0.000000
0.000000
0.099347
0.100725
0.101939
0.102981
0.103874
0.104605
0.105189
0.105626
0.105918
0.106063
0.106063
0.105918
0.105626
0.105189
0.104605
0.103874
0.102981
0.101939
0.100725
0.099347
0.000000
0.000000
0.000000
0.000000
0.000000
0.000000
0.185887
0.185508
0.185931
0.000000
0.000000
0.000000
0.000000
0.000000
0.099164
0.100866
0.102391
0.103743
0.104926
0.105957
0.106824
0.107546
0.108121
0.108546
0.108829
0.108970
0.108970
0.108829
0.108546
0.108121
0.107546
0.106824
0.105957
0.104926
0.103743
0.102391
0.100866
0.099164
0.000000
0.000000
0.000000
0.000000
0.000000
0.185931
0.000000
0.000000
0.000000
0.000000
0.098271
0.100316
0.102170
0.103839
0.105329
0.106655
0.107822
0.108826
0.109684
0.110391
0.110951
0.111372
0.111652
0.111792
0.111792
0.111652
0.111372
0.110951
0.110391
0.109684
0.108826
0.107822
0.106655
0.105329
0.103839
0.102170
0.100316
0.098271
0.000000
0.000000
0.000000
0.000000
0.000000
0.000000
0.000000
0.099035
0.101242
0.103250
0.105067
0.106706
0.108177
0.109476
0.110619
0.111610
0.112450
0.113143
0.113698
0.114112
0.114384
0.114520
0.114520
0.114384
0.114112
0.113698
0.113143
0.112450
0.111610
0.110619
0.109476
0.108177
0.106706
0.105067
0.103250
0.101242
0.099035
0.000000
0.000000
0.000000
0.000000
0.000000
0.099577
0.101954
0.104120
0.106092
0.107878
0.109485
0.110925
0.112208
0.113329
0.114304
0.115128
0.115815
0.116357
0.116760
0.117029
0.117164
0.117164
0.117029
0.116760
0.116357
0.115815
0.115128
0.114304
0.113329
0.112208
0.110925
0.109485
0.107878
0.106092
0.104120
0.101954
0.099577
0.000000
0.000000
0.000000
0.099888
0.102434
0.104765
0.106895
0.108833
0.110590
0.112176
0.113592
0.114849
0.115960
0.116912
0.117728
0.118400
0.118932
0.119331
0.119598
0.119731
0.119731
0.119598
0.119331
0.118932
0.118400
0.117728
0.116912
0.115960
0.114849
0.113592
0.112176
0.110590
0.108833
0.106895
0.104765
0.102434
0.099888
0.000000
0.099962
0.102689
0.105194
0.107489
0.109585
0.111491
0.113219
0.114777
0.116177
0.117413
0.118502
0.119444
0.120246
0.120903
0.121429
0.121825
0.122086
0.122214
0.122214
0.122086
0.121825
0.121429
0.120903
0.120246
0.119444
0.118502
0.117413
0.116177
0.114777
0.113219
0.111491
0.109585
0.107489
0.105194
0.102689
0.099962
0.102712
0.105400
0.107869
0.110127
0.112190
0.114069
0.115770
0.117302
0.118676
0.119901
0.120967
0.121898
0.122679
0.123328
0.123848
0.124231
0.124483
0.124609
0.124609
0.124483
0.124231
0.123848
0.123328
0.122679
0.121898
0.120967
0.119901
0.118676
0.117302
0.115770
0.114069
0.112190
0.110127
0.107869
0.105400
0.102712
0.105375
0.108026
0.110451
0.112675
0.114707
0.116559
0.118239
0.119751
0.121101
0.122304
0.123354
0.124265
0.125031
0.125670
0.126176
0.126547
0.126794
0.126918
0.126918
0.126794
0.126547
0.126176
0.125670
0.125031
0.124265
0.123354
0.122304
0.121101
0.119751
0.118239
0.116559
0.114707
0.112675
0.110451
0.108026
0.105375
0.107954
0.110558
0.112952
0.115146
0.117150
0.118975
0.120629
0.122122
0.123448
0.124625
0.125659
0.126545
0.127296
0.127923
0.128408
0.128770
0.129011
0.129132
0.129132
0.129011
0.128770
0.128408
0.127923
0.127296
0.126545
0.125659
0.124625
0.123448
0.122122
0.120629
0.118975
0.117150
0.115146
0.112952
0.110558
0.107954
0.110442
0.113013
0.115376
0.117542
0.119519
0.121317
0.122943
0.124408
0.125715
0.126862
0.127876
0.128734
0.129467
0.130075
0.130541
0.130892
0.131126
0.131243
0.131243
0.131126
0.130892
0.130541
0.130075
0.129467
0.128734
0.127876
0.126862
0.125715
0.124408
0.122943
0.121317
0.119519
0.117542
0.115376
0.113013
0.110442
0.112851
0.115392
0.117727
0.119865
0.121814
0.123583
0.125179
0.126613
0.127894
0.129008
0.129997
0.130824
0.131534
0.132119
0.132568
0.132904
0.133129
0.133241
0.133241
0.133129
0.132904
0.132568
0.132119
0.131534
0.130824
0.129997
0.129008
0.127894
0.126613
0.125179
0.123583
0.121814
0.119865
0.117727
0.115392
0.112851
0.115186
0.117699
0.120005
0.122112
0.124033
0.125770
0.127331
0.128729
0.129979
0.131055
0.132013
0.132807
0.133489
0.134054
0.134481
0.134802
0.135015
0.135122
0.135122
0.135015
0.134802
0.134481
0.134054
0.133489
0.132807
0.132013
0.131055
0.129979
0.128729
0.127331
0.125770
0.124033
0.122112
0.120005
0.117699
0.115186
0.117449
0.119933
0.122205
0.124280
0.126168
0.127872
0.129392
0.130749
0.131961
0.132997
0.133917
0.134678
0.135327
0.135869
0.136280
0.136582
0.136783
0.136884
0.136884
0.136783
0.136582
0.136280
0.135869
0.135327
0.134678
0.133917
0.132997
0.131961
0.130749
0.129392
0.127872
0.126168
0.124280
0.122205
0.119933
0.117449
0.119640
0.122093
0.124331
0.126371
0.128220
0.129883
0.131357
0.132669
0.133833
0.134827
0.135704
0.136437
0.137048
0.137559
0.137967
0.138251
0.138438
0.138532
0.138532
0.138438
0.138251
0.137967
0.137559
0.137048
0.136437
0.135704
0.134827
0.133833
0.132669
0.131357
0.129883
0.128220
0.126371
0.124331
0.122093
0.119640
0.121760
0.124178
0.126381
0.128380
0.130184
0.131796
0.133219
0.134484
0.135592
0.136548
0.137374
0.138089
0.138659
0.139134
0.139514
0.139800
0.139991
0.140078
0.140078
0.139991
0.139800
0.139514
0.139134
0.138659
0.138089
0.137374
0.136548
0.135592
0.134484
0.133219
0.131796
0.130184
0.128380
0.126381
0.124178
0.121760
0.123808
0.126189
0.128350
0.130302
0.132056
0.133605
0.134974
0.136195
0.137238
0.138165
0.138934
0.139609
0.140170
0.140609
0.140960
0.141224
0.141400
0.141488
0.141488
0.141400
0.141224
0.140960
0.140609
0.140170
0.139609
0.138934
0.138165
0.137238
0.136195
0.134974
0.133605
0.132056
0.130302
0.128350
0.126189
0.123808
0.125782
0.128122
0.130234
0.132133
0.133822
0.135309
0.136625
0.137790
0.138780
0.139658
0.140399
0.141022
0.141556
0.142002
0.142324
0.142566
0.142727
0.142807
0.142807
0.142727
0.142566
0.142324
0.142002
0.141556
0.141022
0.140399
0.139658
0.138780
0.137790
0.136625
0.135309
0.133822
0.132133
0.130234
0.128122
0.125782
0.127677
0.129972
0.132030
0.133863
0.135481
0.136909
0.138180
0.139265
0.140231
0.141041
0.141764
0.142357
0.142847
0.143256
0.143584
0.143830
0.143994
0.144069
0.144069
0.143994
0.143830
0.143584
0.143256
0.142847
0.142357
0.141764
0.141041
0.140231
0.139265
0.138180
0.136909
0.135481
0.133863
0.132030
0.129972
0.127677
0.129491
0.131727
0.133721
0.135485
0.137039
0.138415
0.139615
0.140652
0.141566
0.142352
0.143014
0.143595
0.144084
0.144458
0.144758
0.144983
0.145133
0.145209
0.145209
0.145133
0.144983
0.144758
0.144458
0.144084
0.143595
0.143014
0.142352
0.141566
0.140652
0.139615
0.138415
0.137039
0.135485
0.133721
0.131727
0.129491
0.131219
0.133389
0.135314
0.137009
0.138506
0.139824
0.140948
0.141968
0.142809
0.143565
0.144215
0.144746
0.145203
0.145584
0.145890
0.146108
0.146246
0.146315
0.146315
0.146246
0.146108
0.145890
0.145584
0.145203
0.144746
0.144215
0.143565
0.142809
0.141968
0.140948
0.139824
0.138506
0.137009
0.135314
0.133389
0.131219
0.132861
0.134960
0.136814
0.138447
0.139885
0.141113
0.142217
0.143152
0.144005
0.144697
0.145314
0.145856
0.146290
0.146641
0.146923
0.147134
0.147275
0.147346
0.147346
0.147275
0.147134
0.146923
0.146641
0.146290
0.145856
0.145314
0.144697
0.144005
0.143152
0.142217
0.141113
0.139885
0.138447
0.136814
0.134960
0.132861
0.134418
0.136446
0.138233
0.139794
0.141141
0.142343
0.143377
0.144296
0.145077
0.145783
0.146372
0.146871
0.147300
0.147658
0.147945
0.148147
0.148279
0.148346
0.148346
0.148279
0.148147
0.147945
0.147658
0.147300
0.146871
0.146372
0.145783
0.145077
0.144296
0.143377
0.142343
0.141141
0.139794
0.138233
0.136446
0.134418
0.135890
0.137843
0.139543
0.141027
0.142342
0.143479
0.144479
0.145351
0.146133
0.146783
0.147363
0.147872
0.148284
0.148619
0.148888
0.149090
0.149225
0.149292
0.149292
0.149225
0.149090
0.148888
0.148619
0.148284
0.147872
0.147363
0.146783
0.146133
0.145351
0.144479
0.143479
0.142342
0.141027
0.139543
0.137843
0.135890
0.137249
0.139126
0.140765
0.142211
0.143452
0.144548
0.145514
0.146364
0.147098
0.147761
0.148324
0.148800
0.149210
0.149553
0.149827
0.150031
0.150161
0.150226
0.150226
0.150161
0.150031
0.149827
0.149553
0.149210
0.148800
0.148324
0.147761
0.147098
0.146364
0.145514
0.144548
0.143452
0.142211
0.140765
0.139126
0.137249
0.138538
0.140349
0.141936
0.143290
0.144498
0.145560
0.146492
0.147312
0.148055
0.148677
0.149231
0.149717
0.150128
0.150458
0.150722
0.150921
0.151053
0.151120
0.151120
0.151053
0.150921
0.150722
0.150458
0.150128
0.149717
0.149231
0.148677
0.148055
0.147312
0.146492
0.145560
0.144498
0.143290
0.141936
0.140349
0.138538
0.139750
0.141480
0.142988
0.144325
0.145484
0.146512
0.147419
0.148235
0.148937
0.149571
0.150129
0.150598
0.151001
0.151338
0.151607
0.151810
0.151946
0.152013
0.152013
0.151946
0.151810
0.151607
0.151338
0.151001
0.150598
0.150129
0.149571
0.148937
0.148235
0.147419
0.146512
0.145484
0.144325
0.142988
0.141480
0.139750
0.140861
0.142540
0.144022
0.145280
0.146418
0.147416
0.148315
0.149099
0.149815
0.150437
0.150982
0.151461
0.151873
0.152212
0.152481
0.152684
0.152819
0.152886
0.152886
0.152819
0.152684
0.152481
0.152212
0.151873
0.151461
0.150982
0.150437
0.149815
0.149099
0.148315
0.147416
0.146418
0.145280
0.144022
0.142540
0.140861
0.141935
0.143538
0.144945
0.146207
0.147297
0.148290
0.149158
0.149959
0.150652
0.151276
0.151833
0.152315
0.152727
0.153070
0.153346
0.153553
0.153691
0.153760
0.153760
0.153691
0.153553
0.153346
0.153070
0.152727
0.152315
0.151833
0.151276
0.150652
0.149959
0.149158
0.148290
0.147297
0.146207
0.144945
0.143538
0.141935
0.142896
0.144471
0.145858
0.147056
0.148155
0.149111
0.149998
0.150770
0.151476
0.152111
0.152667
0.153156
0.153577
0.153928
0.154213
0.154427
0.154570
0.154642
0.154642
0.154570
0.154427
0.154213
0.153928
0.153577
0.153156
0.152667
0.152111
0.151476
0.150770
0.149998
0.149111
0.148155
0.147056
0.145858
0.144471
0.142896
0.143838
0.145347
0.146689
0.147898
0.148950
0.149926
0.150786
0.151575
0.152289
0.152927
0.153496
0.153996
0.154431
0.154796
0.155088
0.155307
0.155454
0.155527
0.155527
0.155454
0.155307
0.155088
0.154796
0.154431
0.153996
0.153496
0.152927
0.152289
0.151575
0.150786
0.149926
0.148950
0.147898
0.146689
0.145347
0.143838
0.144688
0.146191
0.147497
0.148672
0.149738
0.150694
0.151569
0.152367
0.153088
0.153740
0.154326
0.154845
0.155291
0.155664
0.155963
0.156196
0.156352
0.156431
0.156431
0.156352
0.156196
0.155963
0.155664
0.155291
0.154845
0.154326
0.153740
0.153088
0.152367
0.151569
0.150694
0.149738
0.148672
0.147497
0.146191
0.144688
0.145508
0.146961
0.148271
0.149430
0.150490
0.151453
0.152339
0.153145
0.153883
0.154557
0.155161
0.155692
0.156155
0.156554
0.156874
0.157114
0.157275
0.157355
0.157355
0.157275
0.157114
0.156874
0.156554
0.156155
0.155692
0.155161
0.154557
0.153883
0.153145
0.152339
0.151453
0.150490
0.149430
0.148271
0.146961
0.145508
0.146284
0.147720
0.148995
0.150169
0.151221
0.152200
0.153094
0.153919
0.154683
0.155375
0.155994
0.156561
0.157050
0.157458
0.157786
0.158035
0.158209
0.158297
0.158297
0.158209
0.158035
0.157786
0.157458
0.157050
0.156561
0.155994
0.155375
0.154683
0.153919
0.153094
0.152200
0.151221
0.150169
0.148995
0.147720
0.146284
0.146999
0.148428
0.149708
0.150867
0.151943
0.152928
0.153843
0.154697
0.155481
0.156198
0.156860
0.157442
0.157943
0.158385
0.158742
0.159011
0.159190
0.159280
0.159280
0.159190
0.159011
0.158742
0.158385
0.157943
0.157442
0.156860
0.156198
0.155481
0.154697
0.153843
0.152928
0.151943
0.150867
0.149708
0.148428
0.146999
0.147700
0.149101
0.150387
0.151556
0.152642
0.153649
0.154594
0.155471
0.156286
0.157045
0.157724
0.158341
0.158887
0.159344
0.159711
0.159987
0.160182
0.160281
0.160281
0.160182
0.159987
0.159711
0.159344
0.158887
0.158341
0.157724
0.157045
0.156286
0.155471
0.154594
0.153649
0.152642
0.151556
0.150387
0.149101
0.147700
0.148354
0.149762
0.151039
0.152230
0.153331
0.154368
0.155341
0.156250
0.157109
0.157888
0.158621
0.159272
0.159833
0.160323
0.160725
0.161027
0.161229
0.161331
0.161331
0.161229
0.161027
0.160725
0.160323
0.159833
0.159272
0.158621
0.157888
0.157109
0.156250
0.155341
0.154368
0.153331
0.152230
0.151039
0.149762
0.148354
0.148968
0.150386
0.151679
0.152883
0.154011
0.155082
0.156083
0.157046
0.157928
0.158773
0.159533
0.160215
0.160830
0.161345
0.161758
0.162073
0.162293
0.162403
0.162403
0.162293
0.162073
0.161758
0.161345
0.160830
0.160215
0.159533
0.158773
0.157928
0.157046
0.156083
0.155082
0.154011
0.152883
0.151679
0.150386
0.148968
0.149567
0.150982
0.152299
0.153525
0.154690
0.155788
0.156847
0.157835
0.158787
0.159659
0.160470
0.161204
0.161836
0.162387
0.162837
0.163176
0.163402
0.163515
0.163515
0.163402
0.163176
0.162837
0.162387
0.161836
0.161204
0.160470
0.159659
0.158787
0.157835
0.156847
0.155788
0.154690
0.153525
0.152299
0.150982
0.149567
0.150139
0.151563
0.152898
0.154157
0.155358
0.156506
0.157602
0.158655
0.159644
0.160577
0.161434
0.162200
0.162889
0.163466
0.163929
0.164289
0.164532
0.164653
0.164653
0.164532
0.164289
0.163929
0.163466
0.162889
0.162200
0.161434
0.160577
0.159644
0.158655
0.157602
0.156506
0.155358
0.154157
0.152898
0.151563
0.150139
0.150670
0.152125
0.153483
0.154781
0.156014
0.157222
0.158369
0.159477
0.160527
0.161512
0.162417
0.163240
0.163949
0.164565
0.165062
0.165436
0.165686
0.165811
0.165811
0.165686
0.165436
0.165062
0.164565
0.163949
0.163240
0.162417
0.161512
0.160527
0.159477
0.158369
0.157222
0.156014
0.154781
0.153483
0.152125
0.150670
0.151182
0.152661
0.154053
0.155392
0.156686
0.157926
0.159151
0.160310
0.161426
0.162466
0.163427
0.164286
0.165047
0.165685
0.166201
0.166593
0.166855
0.166987
0.166987
0.166855
0.166593
0.166201
0.165685
0.165047
0.164286
0.163427
0.162466
0.161426
0.160310
0.159151
0.157926
0.156686
0.155392
0.154053
0.152661
0.151182
0.151674
0.153178
0.154613
0.155987
0.157343
0.158656
0.159921
0.161167
0.162335
0.163441
0.164449
0.165359
0.166147
0.166816
0.167354
0.167759
0.168030
0.168164
0.168164
0.168030
0.167759
0.167354
0.166816
0.166147
0.165359
0.164449
0.163441
0.162335
0.161167
0.159921
0.158656
0.157343
0.155987
0.154613
0.153178
0.151674
0.152141
0.153675
0.155155
0.156591
0.157985
0.159377
0.160724
0.162013
0.163267
0.164424
0.165488
0.166434
0.167259
0.167950
0.168503
0.168918
0.169196
0.169335
0.169335
0.169196
0.168918
0.168503
0.167950
0.167259
0.166434
0.165488
0.164424
0.163267
0.162013
0.160724
0.159377
0.157985
0.156591
0.155155
0.153675
0.152141
0.152577
0.154153
0.155677
0.157177
0.158648
0.160087
0.161518
0.162895
0.164196
0.165420
0.166528
0.167515
0.168364
0.169074
0.169644
0.170072
0.170350
0.170490
0.170490
0.170350
0.170072
0.169644
0.169074
0.168364
0.167515
0.166528
0.165420
0.164196
0.162895
0.161518
0.160087
0.158648
0.157177
0.155677
0.154153
0.152577
0.152989
0.154612
0.156186
0.157742
0.159292
0.160820
0.162312
0.163762
0.165142
0.166413
0.167568
0.168584
0.169459
0.170188
0.170760
0.171191
0.171479
0.171624
0.171624
0.171479
0.171191
0.170760
0.170188
0.169459
0.168584
0.167568
0.166413
0.165142
0.163762
0.162312
0.160820
0.159292
0.157742
0.156186
0.154612
0.152989
0.153374
0.155046
0.156684
0.158302
0.159915
0.161533
0.163116
0.164638
0.166074
0.167404
0.168595
0.169643
0.170532
0.171269
0.171862
0.172292
0.172576
0.172717
0.172717
0.172576
0.172292
0.171862
0.171269
0.170532
0.169643
0.168595
0.167404
0.166074
0.164638
0.163116
0.161533
0.159915
0.158302
0.156684
0.155046
0.153374
0.153730
0.155453
0.157156
0.158853
0.160550
0.162237
0.163900
0.165505
0.167006
0.168379
0.169607
0.170672
0.171582
0.172328
0.172910
0.173350
0.173644
0.173791
0.173791
0.173644
0.173350
0.172910
0.172328
0.171582
0.170672
0.169607
0.168379
0.167006
0.165505
0.163900
0.162237
0.160550
0.158853
0.157156
0.155453
0.153730
0.154056
0.155830
0.157599
0.159377
0.161163
0.162943
0.164687
0.166357
0.167919
0.169335
0.170589
0.171680
0.172592
0.173343
0.173949
0.174377
0.174661
0.174803
0.174803
0.174661
0.174377
0.173949
0.173343
0.172592
0.171680
0.170589
0.169335
0.167919
0.166357
0.164687
0.162943
0.161163
0.159377
0.157599
0.155830
0.154056
0.154351
0.156183
0.158011
0.159869
0.161746
0.163620
0.165452
0.167195
0.168807
0.170265
0.171545
0.172643
0.173573
0.174329
0.174915
0.175356
0.175652
0.175800
0.175800
0.175652
0.175356
0.174915
0.174329
0.173573
0.172643
0.171545
0.170265
0.168807
0.167195
0.165452
0.163620
0.161746
0.159869
0.158011
0.156183
0.154351
0.154609
0.156506
0.158413
0.160350
0.162314
0.164277
0.166191
0.168006
0.169672
0.171157
0.172461
0.173578
0.174507
0.175263
0.175873
0.176305
0.176587
0.176728
0.176728
0.176587
0.176305
0.175873
0.175263
0.174507
0.173578
0.172461
0.171157
0.169672
0.168006
0.166191
0.164277
0.162314
0.160350
0.158413
0.156506
0.154609
0.154827
0.156790
0.158775
0.160800
0.162858
0.164913
0.166908
0.168783
0.170496
0.172028
0.173338
0.174465
0.175402
0.176175
0.176757
0.177196
0.177491
0.177639
0.177639
0.177491
0.177196
0.176757
0.176175
0.175402
0.174465
0.173338
0.172028
0.170496
0.168783
0.166908
0.164913
0.162858
0.160800
0.158775
0.156790
0.154827
0.155001
0.157030
0.159093
0.161207
0.163360
0.165509
0.167587
0.169528
0.171284
0.172832
0.174183
0.175309
0.176263
0.177017
0.177626
0.178077
0.178355
0.178494
0.178494
0.178355
0.178077
0.177626
0.177017
0.176263
0.175309
0.174183
0.172832
0.171284
0.169528
0.167587
0.165509
0.163360
0.161207
0.159093
0.157030
0.155001
0.155127
0.157223
0.159363
0.161566
0.163816
0.166061
0.168224
0.170230
0.172039
0.173612
0.174963
0.176127
0.177062
0.177852
0.178441
0.178876
0.179167
0.179314
0.179314
0.179167
0.178876
0.178441
0.177852
0.177062
0.176127
0.174963
0.173612
0.172039
0.170230
0.168224
0.166061
0.163816
0.161566
0.159363
0.157223
0.155127
0.155202
0.157364
0.159581
0.161873
0.164228
0.166571
0.168812
0.170878
0.172723
0.174339
0.175721
0.176871
0.177851
0.178611
0.179215
0.179672
0.179979
0.180117
0.180117
0.179979
0.179672
0.179215
0.178611
0.177851
0.176871
0.175721
0.174339
0.172723
0.170878
0.168812
0.166571
0.164228
0.161873
0.159581
0.157364
0.155202
0.155220
0.157448
0.159742
0.162128
0.164587
0.167025
0.169350
0.171481
0.173371
0.175009
0.176417
0.177597
0.178564
0.179348
0.179984
0.180411
0.180697
0.180841
0.180841
0.180697
0.180411
0.179984
0.179348
0.178564
0.177597
0.176417
0.175009
0.173371
0.171481
0.169350
0.167025
0.164587
0.162128
0.159742
0.157448
0.155220
0.155176
0.157470
0.159839
0.162323
0.164880
0.167416
0.169830
0.172033
0.173978
0.175647
0.177063
0.178272
0.179248
0.180066
0.180659
0.181110
0.181412
0.181564
0.181564
0.181412
0.181110
0.180659
0.180066
0.179248
0.178272
0.177063
0.175647
0.173978
0.172033
0.169830
0.167416
0.164880
0.162323
0.159839
0.157470
0.155176
0.155066
0.157424
0.159866
0.162443
0.165099
0.167736
0.170238
0.172504
0.174499
0.176224
0.177680
0.178887
0.179916
0.180699
0.181327
0.181805
0.182107
0.182245
0.182245
0.182107
0.181805
0.181327
0.180699
0.179916
0.178887
0.177680
0.176224
0.174499
0.172504
0.170238
0.167736
0.165099
0.162443
0.159866
0.157424
0.155066
0.154882
0.157303
0.159816
0.162478
0.165235
0.167977
0.170570
0.172914
0.174967
0.176732
0.178238
0.179477
0.180500
0.181320
0.181987
0.182422
0.182713
0.182859
0.182859
0.182713
0.182422
0.181987
0.181320
0.180500
0.179477
0.178238
0.176732
0.174967
0.172914
0.170570
0.167977
0.165235
0.162478
0.159816
0.157303
0.154882
0.154619
0.157101
0.159682
0.162421
0.165278
0.168128
0.170821
0.173253
0.175378
0.177192
0.178727
0.180034
0.181055
0.181927
0.182543
0.183005
0.183317
0.183474
0.183474
0.183317
0.183005
0.182543
0.181927
0.181055
0.180034
0.178727
0.177192
0.175378
0.173253
0.170821
0.168128
0.165278
0.162421
0.159682
0.157101
0.154619
0.154269
0.156810
0.159455
0.162262
0.165218
0.168178
0.170981
0.173513
0.175721
0.177599
0.179175
0.180500
0.181586
0.182439
0.183088
0.183584
0.183919
0.184067
0.184067
0.183919
0.183584
0.183088
0.182439
0.181586
0.180500
0.179175
0.177599
0.175721
0.173513
0.170981
0.168178
0.165218
0.162262
0.159455
0.156810
0.154269
0.153828
0.156421
0.159125
0.161989
0.165042
0.168116
0.171038
0.173681
0.175986
0.177941
0.179573
0.180929
0.182075
0.182924
0.183621
0.184119
0.184396
0.184535
0.184535
0.184396
0.184119
0.183621
0.182924
0.182075
0.180929
0.179573
0.177941
0.175986
0.173681
0.171038
0.168116
0.165042
0.161989
0.159125
0.156421
0.153828
0.153290
0.155929
0.158682
0.161611
0.164737
0.167927
0.170977
0.173744
0.176146
0.178187
0.179912
0.181314
0.182473
0.183386
0.184107
0.184550
0.184851
0.185003
0.185003
0.184851
0.184550
0.184107
0.183386
0.182473
0.181314
0.179912
0.178187
0.176146
0.173744
0.170977
0.167927
0.164737
0.161611
0.158682
0.155929
0.153290
0.152643
0.155344
0.158116
0.161102
0.164288
0.167592
0.170781
0.173684
0.176207
0.178348
0.180159
0.181646
0.182834
0.183821
0.184489
0.184973
0.185303
0.185471
0.185471
0.185303
0.184973
0.184489
0.183821
0.182834
0.181646
0.180159
0.178348
0.176207
0.173684
0.170781
0.167592
0.164288
0.161102
0.158116
0.155344
0.152643
0.151876
0.154638
0.157449
0.160448
0.163692
0.167096
0.170432
0.173484
0.176155
0.178413
0.180319
0.181912
0.183149
0.184169
0.184853
0.185386
0.185751
0.185938
0.185938
0.185751
0.185386
0.184853
0.184169
0.183149
0.181912
0.180319
0.178413
0.176155
0.173484
0.170432
0.167096
0.163692
0.160448
0.157449
0.154638
0.151876
0.150966
0.153805
0.156651
0.159657
0.162936
0.166418
0.169906
0.173121
0.175967
0.178364
0.180387
0.182081
0.183406
0.184439
0.185193
0.185785
0.000000
0.000000
0.000000
0.000000
0.185785
0.185193
0.184439
0.183406
0.182081
0.180387
0.178364
0.175967
0.173121
0.169906
0.166418
0.162936
0.159657
0.156651
0.153805
0.150966
0.149913
0.152842
0.155715
0.158731
0.161992
0.165546
0.169163
0.172573
0.175594
0.178180
0.180342
0.182150
0.183587
0.184664
0.185501
0.000000
0.000000
0.000000
0.000000
0.000000
0.000000
0.185501
0.184664
0.183587
0.182150
0.180342
0.178180
0.175594
0.172573
0.169163
0.165546
0.161992
0.158731
0.155715
0.152842
0.149913
0.148648
0.151725
0.154652
0.157650
0.160906
0.164459
0.168191
0.171801
0.175022
0.177816
0.180160
0.182110
0.183671
0.184828
0.185764
0.000000
0.000000
0.000000
0.000000
0.000000
0.000000
0.185764
0.184828
0.183671
0.182110
0.180160
0.177816
0.175022
0.171801
0.168191
0.164459
0.160906
0.157650
0.154652
0.151725
0.148648
0.147151
0.150428
0.153431
0.156433
0.159631
0.163163
0.166957
0.170742
0.174221
0.177220
0.179784
0.181920
0.183627
0.184908
0.185963
0.000000
0.000000
0.098407
0.098407
0.000000
0.000000
0.185963
0.184908
0.183627
0.181920
0.179784
0.177220
0.174221
0.170742
0.166957
0.163163
0.159631
0.156433
0.153431
0.150428
0.147151
0.145346
0.148899
0.152045
0.155064
0.158199
0.161651
0.165447
0.169378
0.173093
0.176376
0.179159
0.181507
0.183417
0.184871
0.000000
0.000000
0.098717
0.101502
0.101502
0.098717
0.000000
0.000000
0.184871
0.183417
0.181507
0.179159
0.176376
0.173093
0.169378
0.165447
0.161651
0.158199
0.155064
0.152045
0.148899
0.145346
0.143115
0.147083
0.150441
0.153524
0.156625
0.159947
0.163664
0.167660
0.171608
0.175173
0.178261
0.180843
0.182988
0.184672
0.000000
0.000000
0.100906
0.104447
0.104447
0.100906
0.000000
0.000000
0.184672
0.182988
0.180843
0.178261
0.175173
0.171608
0.167660
0.163664
0.159947
0.156625
0.153524
0.150441
0.147083
0.143115
0.140315
0.144866
0.148561
0.151792
0.154885
0.158091
0.161646
0.165583
0.169681
0.173549
0.176942
0.179861
0.182282
0.184251
0.185758
0.000000
0.102277
0.107180
0.107180
0.102277
0.000000
0.185758
0.184251
0.182282
0.179861
0.176942
0.173549
0.169681
0.165583
0.161646
0.158091
0.154885
0.151792
0.148561
0.144866
0.140315
0.136706
0.142101
0.146305
0.149801
0.152959
0.156086
0.159448
0.163196
0.167285
0.171385
0.175125
0.178371
0.181107
0.183396
0.185167
0.000000
0.101701
0.109384
0.109384
0.101701
0.000000
0.185167
0.183396
0.181107
0.178371
0.175125
0.171385
0.167285
0.163196
0.159448
0.156086
0.152959
0.149801
0.146305
0.142101
0.136706
0.132106
0.138489
0.143474
0.147426
0.150789
0.153920
0.157111
0.160584
0.164470
0.168627
0.172662
0.176275
0.179361
0.182007
0.184148
0.185814
0.000000
0.107129
0.107129
0.000000
0.185814
0.184148
0.182007
0.179361
0.176275
0.172662
0.168627
0.164470
0.160584
0.157111
0.153920
0.150789
0.147426
0.143474
0.138489
0.132106
