0.135216
0.135729
0.136196
0.136616
0.137008
0.137373
0.137710
0.138018
0.138276
0.138508
0.138715
0.138895
0.139051
0.139180
0.139283
0.139361
0.139413
0.139439
0.139439
0.139413
0.139361
0.139283
0.139180
0.139051
0.138895
0.138715
0.138508
0.138276
0.138018
0.137710
0.137373
0.137008
0.136616
0.136196
0.135729
0.135216
0.133742
0.134276
0.134763
0.135221
0.135649
0.136043
0.136383
0.136695
0.136979
0.137235
0.137463
0.137662
0.137833
0.137976
0.138082
0.138161
0.138213
0.138239
0.138239
0.138213
0.138161
0.138082
0.137976
0.137833
0.137662
0.137463
0.137235
0.136979
0.136695
0.136383
0.136043
0.135649
0.135221
0.134763
0.134276
0.133742
0.132184
0.132742
0.133268
0.133761
0.134208
0.134609
0.134980
0.135320
0.135630
0.135909
0.136146
0.136347
0.136519
0.136663
0.136778
0.136865
0.136922
0.136951
0.136951
0.136922
0.136865
0.136778
0.136663
0.136519
0.136347
0.136146
0.135909
0.135630
0.135320
0.134980
0.134609
0.134208
0.133761
0.133268
0.132742
0.132184
0.130546
0.131142
0.131703
0.132217
0.132683
0.133115
0.133515
0.133882
0.134202
0.134484
0.134735
0.134954
0.135142
0.135299
0.135425
0.135519
0.135581
0.135613
0.135613
0.135581
0.135519
0.135425
0.135299
0.135142
0.134954
0.134735
0.134484
0.134202
0.133882
0.133515
0.133115
0.132683
0.132217
0.131703
0.131142
0.130546
0.128843
0.129473
0.130064
0.130596
0.131093
0.131555
0.131982
0.132354
0.132691
0.132995
0.133265
0.133501
0.133704
0.133874
0.134008
0.134103
0.134167
0.134199
0.134199
0.134167
0.134103
0.134008
0.133874
0.133704
0.133501
0.133265
0.132995
0.132691
0.132354
0.131982
0.131555
0.131093
0.130596
0.130064
0.129473
0.128843
0.127075
0.127738
0.128348
0.128911
0.129437
0.129927
0.130361
0.130757
0.131117
0.131442
0.131730
0.131983
0.132189
0.132359
0.132496
0.132599
0.132667
0.132701
0.132701
0.132667
0.132599
0.132496
0.132359
0.132189
0.131983
0.131730
0.131442
0.131117
0.130757
0.130361
0.129927
0.129437
0.128911
0.128348
0.127738
0.127075
0.125246
0.125938
0.126571
0.127163
0.127717
0.128222
0.128679
0.129098
0.129479
0.129823
0.130122
0.130377
0.130596
0.130779
0.130925
0.131034
0.131107
0.131144
0.131144
0.131107
0.131034
0.130925
0.130779
0.130596
0.130377
0.130122
0.129823
0.129479
0.129098
0.128679
0.128222
0.127717
0.127163
0.126571
0.125938
0.125246
0.123357
0.124076
0.124736
0.125355
0.125933
0.126455
0.126936
0.127376
0.127777
0.128133
0.128442
0.128712
0.128944
0.129137
0.129292
0.129408
0.129485
0.129524
0.129524
0.129485
0.129408
0.129292
0.129137
0.128944
0.128712
0.128442
0.128133
0.127777
0.127376
0.126936
0.126455
0.125933
0.125355
0.124736
0.124076
0.123357
0.121413
0.122157
0.122844
0.123489
0.124088
0.124632
0.125134
0.125595
0.126014
0.126379
0.126704
0.126988
0.127232
0.127435
0.127598
0.127720
0.127801
0.127842
0.127842
0.127801
0.127720
0.127598
0.127435
0.127232
0.126988
0.126704
0.126379
0.126014
0.125595
0.125134
0.124632
0.124088
0.123489
0.122844
0.122157
0.121413
0.119414
0.120185
0.120898
0.121567
0.122188
0.122754
0.123277
0.123757
0.124188
0.124570
0.124909
0.125207
0.125462
0.125675
0.125845
0.125973
0.126056
0.126097
0.126097
0.126056
0.125973
0.125845
0.125675
0.125462
0.125207
0.124909
0.124570
0.124188
0.123757
0.123277
0.122754
0.122188
0.121567
0.120898
0.120185
0.119414
0.117361
0.118160
0.118899
0.119593
0.120235
0.120823
0.121367
0.121865
0.122310
0.122708
0.123062
0.123372
0.123637
0.123859
0.124035
0.124164
0.124250
0.124293
0.124293
0.124250
0.124164
0.124035
0.123859
0.123637
0.123372
0.123062
0.122708
0.122310
0.121865
0.121367
0.120823
0.120235
0.119593
0.118899
0.118160
0.117361
0.115255
0.116084
0.116848
0.117567
0.118232
0.118841
0.119405
0.119921
0.120382
0.120795
0.121162
0.121484
0.121760
0.121990
0.122170
0.122304
0.122394
0.122439
0.122439
0.122394
0.122304
0.122170
0.121990
0.121760
0.121484
0.121162
0.120795
0.120382
0.119921
0.119405
0.118841
0.118232
0.117567
0.116848
0.116084
0.115255
0.113094
0.113952
0.114745
0.115488
0.116178
0.116809
0.117392
0.117927
0.118404
0.118832
0.119213
0.119547
0.119833
0.120070
0.120256
0.120396
0.120489
0.120535
0.120535
0.120489
0.120396
0.120256
0.120070
0.119833
0.119547
0.119213
0.118832
0.118404
0.117927
0.117392
0.116809
0.116178
0.115488
0.114745
0.113952
0.113094
0.110876
0.111763
0.112587
0.113355
0.114072
0.114724
0.115328
0.115881
0.116376
0.116820
0.117214
0.117560
0.117856
0.118101
0.118294
0.118439
0.118535
0.118584
0.118584
0.118535
0.118439
0.118294
0.118101
0.117856
0.117560
0.117214
0.116820
0.116376
0.115881
0.115328
0.114724
0.114072
0.113355
0.112587
0.111763
0.110876
0.108598
0.109516
0.110373
0.111168
0.111911
0.112588
0.113212
0.113784
0.114299
0.114757
0.115166
0.115523
0.115830
0.116084
0.116284
0.116434
0.116534
0.116584
0.116584
0.116534
0.116434
0.116284
0.116084
0.115830
0.115523
0.115166
0.114757
0.114299
0.113784
0.113212
0.112588
0.111911
0.111168
0.110373
0.109516
0.108598
0.106260
0.107209
0.108102
0.108923
0.109691
0.110396
0.111042
0.111634
0.112169
0.112644
0.113066
0.113436
0.113754
0.114018
0.114225
0.114380
0.114484
0.114535
0.114535
0.114484
0.114380
0.114225
0.114018
0.113754
0.113436
0.113066
0.112644
0.112169
0.111634
0.111042
0.110396
0.109691
0.108923
0.108102
0.107209
0.106260
0.103855
0.104839
0.105764
0.106619
0.107413
0.108148
0.108816
0.109428
0.109986
0.110477
0.110914
0.111297
0.111625
0.111899
0.112116
0.112276
0.112383
0.112437
0.112437
0.112383
0.112276
0.112116
0.111899
0.111625
0.111297
0.110914
0.110477
0.109986
0.109428
0.108816
0.108148
0.107413
0.106619
0.105764
0.104839
0.103855
0.101377
0.102405
0.103361
0.104253
0.105074
0.105838
0.106532
0.107165
0.107742
0.108256
0.108708
0.109104
0.109444
0.109727
0.109953
0.110121
0.110232
0.110287
0.110287
0.110232
0.110121
0.109953
0.109727
0.109444
0.109104
0.108708
0.108256
0.107742
0.107165
0.106532
0.105838
0.105074
0.104253
0.103361
0.102405
0.101377
0.098830
0.099901
0.100892
0.101820
0.102673
0.103462
0.104188
0.104843
0.105439
0.105977
0.106445
0.106855
0.107206
0.107499
0.107733
0.107909
0.108026
0.108083
0.108083
0.108026
0.107909
0.107733
0.107499
0.107206
0.106855
0.106445
0.105977
0.105439
0.104843
0.104188
0.103462
0.102673
0.101820
0.100892
0.099901
0.098830
0.000000
0.000000
0.098354
0.099314
0.100206
0.101022
0.101777
0.102459
0.103076
0.103632
0.104124
0.104547
0.104911
0.105214
0.105456
0.105638
0.105760
0.105820
0.105820
0.105760
0.105638
0.105456
0.105214
0.104911
0.104547
0.104124
0.103632
0.103076
0.102459
0.101777
0.101022
0.100206
0.099314
0.098354
0.000000
0.000000
0.000000
0.000000
0.000000
0.000000
0.000000
0.098516
0.099296
0.100012
0.100650
0.101225
0.101736
0.102180
0.102556
0.102869
0.103120
0.103308
0.103434
0.103497
0.103497
0.103434
0.103308
0.103120
0.102869
0.102556
0.102180
0.101736
0.101225
0.100650
0.100012
0.099296
0.098516
0.000000
0.000000
0.000000
0.000000
0.000000
0.000000
0.000000
0.000000
0.000000
0.000000
0.000000
0.000000
0.000000
0.098158
0.098753
0.099282
0.099745
0.100139
0.100463
0.100723
0.100918
0.101048
0.101112
0.101112
0.101048
0.100918
0.100723
0.100463
0.100139
0.099745
0.099282
0.098753
0.098158
0.000000
0.000000
0.000000
0.000000
0.000000
0.000000
0.000000
0.000000
0.000000
0.000000
0.000000
0.000000
0.000000
0.000000
0.000000
0.000000
0.000000
0.000000
0.000000
0.000000
0.000000
0.000000
0.098262
0.098464
0.098598
0.098665
0.098665
0.098598
0.098464
0.098262
0.000000
0.000000
0.000000
0.000000
0.000000
0.000000
0.000000
0.000000
0.000000
0.000000
0.000000
0.000000
0.000000
0.000000
0.185964
0.000000
0.000000
0.000000
0.000000
0.000000
0.000000
0.000000
0.000000
0.000000
0.000000
0.000000
0.000000
0.000000
0.000000
0.000000
0.000000
0.000000
0.000000
0.000000
0.000000
0.000000
0.000000
0.000000
0.000000
0.000000
0.000000
0.000000
0.000000
0.000000
0.000000
0.000000
0.000000
0.000000
0.000000
0.185964
0.185584
0.185752
0.185910
0.000000
0.000000
0.000000
0.000000
0.000000
0.000000
0.000000
0.000000
0.000000
0.000000
0.000000
0.000000
0.000000
0.000000
0.000000
0.000000
0.000000
0.000000
0.000000
0.000000
0.000000
0.000000
0.000000
0.000000
0.000000
0.000000
0.000000
0.000000
0.000000
0.000000
0.185910
0.185752
0.185584
0.185203
0.185373
0.185533
0.185684
0.185825
0.185956
0.000000
0.000000
0.000000
0.000000
0.000000
0.000000
0.000000
0.000000
0.000000
0.000000
0.000000
0.000000
0.000000
0.000000
0.000000
0.000000
0.000000
0.000000
0.000000
0.000000
0.000000
0.000000
0.000000
0.000000
0.185956
0.185825
0.185684
0.185533
0.185373
0.185203
0.184822
0.184994
0.185156
0.185309
0.185451
0.185584
0.185707
0.185819
0.185922
0.000000
0.000000
0.000000
0.000000
0.000000
0.000000
0.000000
0.000000
0.000000
0.000000
0.000000
0.000000
0.000000
0.000000
0.000000
0.000000
0.000000
0.000000
0.185922
0.185819
0.185707
0.185584
0.185451
0.185309
0.185156
0.184994
0.184822
0.184441
0.184615
0.184779
0.184933
0.185077
0.185212
0.185336
0.185450
0.185554
0.185647
0.185731
0.185803
0.185866
0.185918
0.185960
0.185991
0.000000
0.000000
0.000000
0.000000
0.185991
0.185960
0.185918
0.185866
0.185803
0.185731
0.185647
0.185554
0.185450
0.185336
0.185212
0.185077
0.184933
0.184779
0.184615
0.184441
0.184059
0.184235
0.184401
0.184557
0.184703
0.184839
0.184965
0.185080
0.185186
0.185280
0.185365
0.185438
0.185502
0.185555
0.185597
0.185629
0.185650
0.185661
0.185661
0.185650
0.185629
0.185597
0.185555
0.185502
0.185438
0.185365
0.185280
0.185186
0.185080
0.184965
0.184839
0.184703
0.184557
0.184401
0.184235
0.184059
0.183576
0.183810
0.184023
0.184181
0.184329
0.184467
0.184594
0.184711
0.184817
0.184913
0.184999
0.185073
0.185138
0.185191
0.185234
0.185266
0.185288
0.185298
0.185298
0.185288
0.185266
0.185234
0.185191
0.185138
0.185073
0.184999
0.184913
0.184817
0.184711
0.184594
0.184467
0.184329
0.184181
0.184023
0.183810
0.183576
0.183073
0.183310
0.183534
0.183744
0.183940
0.184094
0.184223
0.184341
0.184449
0.184546
0.184632
0.184708
0.184773
0.184827
0.184871
0.184903
0.184925
0.184936
0.184936
0.184925
0.184903
0.184871
0.184827
0.184773
0.184708
0.184632
0.184546
0.184449
0.184341
0.184223
0.184094
0.183940
0.183744
0.183534
0.183310
0.183073
0.182570
0.182810
0.183036
0.183249
0.183448
0.183633
0.183805
0.183962
0.184080
0.184179
0.184266
0.184343
0.184409
0.184464
0.184508
0.184541
0.184563
0.184574
0.184574
0.184563
0.184541
0.184508
0.184464
0.184409
0.184343
0.184266
0.184179
0.184080
0.183962
0.183805
0.183633
0.183448
0.183249
0.183036
0.182810
0.182570
0.182067
0.182309
0.182539
0.182754
0.182956
0.183143
0.183317
0.183476
0.183621
0.183752
0.183869
0.183971
0.184044
0.184100
0.184145
0.184178
0.184200
0.184212
0.184212
0.184200
0.184178
0.184145
0.184100
0.184044
0.183971
0.183869
0.183752
0.183621
0.183476
0.183317
0.183143
0.182956
0.182754
0.182539
0.182309
0.182067
0.181485
0.181774
0.182040
0.182258
0.182463
0.182653
0.182828
0.182990
0.183137
0.183270
0.183388
0.183491
0.183580
0.183654
0.183713
0.183758
0.183787
0.183802
0.183802
0.183787
0.183758
0.183713
0.183654
0.183580
0.183491
0.183388
0.183270
0.183137
0.182990
0.182828
0.182653
0.182463
0.182258
0.182040
0.181774
0.181485
0.180891
0.181184
0.181460
0.181720
0.181964
0.182162
0.182340
0.182503
0.182653
0.182787
0.182907
0.183011
0.183101
0.183176
0.183237
0.183282
0.183312
0.183327
0.183327
0.183312
0.183282
0.183237
0.183176
0.183101
0.183011
0.182907
0.182787
0.182653
0.182503
0.182340
0.182162
0.181964
0.181720
0.181460
0.181184
0.180891
0.180295
0.180592
0.180872
0.181136
0.181383
0.181612
0.181825
0.182017
0.182168
0.182304
0.182425
0.182532
0.182623
0.182699
0.182760
0.182806
0.182836
0.182851
0.182851
0.182836
0.182806
0.182760
0.182699
0.182623
0.182532
0.182425
0.182304
0.182168
0.182017
0.181825
0.181612
0.181383
0.181136
0.180872
0.180592
0.180295
0.179659
0.180000
0.180284
0.180551
0.180801
0.181034
0.181249
0.181447
0.181627
0.181789
0.181934
0.182052
0.182144
0.182221
0.182283
0.182330
0.182361
0.182376
0.182376
0.182361
0.182330
0.182283
0.182221
0.182144
0.182052
0.181934
0.181789
0.181627
0.181447
0.181249
0.181034
0.180801
0.180551
0.180284
0.180000
0.179659
0.178983
0.179328
0.179654
0.179961
0.180219
0.180455
0.180673
0.180873
0.181056
0.181221
0.181368
0.181496
0.181607
0.181699
0.181772
0.181828
0.181865
0.181883
0.181883
0.181865
0.181828
0.181772
0.181699
0.181607
0.181496
0.181368
0.181221
0.181056
0.180873
0.180673
0.180455
0.180219
0.179961
0.179654
0.179328
0.178983
0.178306
0.178656
0.178986
0.179297
0.179588
0.179858
0.180096
0.180300
0.180485
0.180652
0.180801
0.180931
0.181043
0.181137
0.181212
0.181268
0.181305
0.181324
0.181324
0.181305
0.181268
0.181212
0.181137
0.181043
0.180931
0.180801
0.180652
0.180485
0.180300
0.180096
0.179858
0.179588
0.179297
0.178986
0.178656
0.178306
0.177586
0.177980
0.178317
0.178632
0.178927
0.179202
0.179456
0.179689
0.179902
0.180083
0.180234
0.180367
0.180480
0.180575
0.180651
0.180708
0.180746
0.180765
0.180765
0.180746
0.180708
0.180651
0.180575
0.180480
0.180367
0.180234
0.180083
0.179902
0.179689
0.179456
0.179202
0.178927
0.178632
0.178317
0.177980
0.177586
0.176830
0.177230
0.177608
0.177963
0.178266
0.178544
0.178802
0.179039
0.179255
0.179450
0.179623
0.179775
0.179906
0.180013
0.180090
0.180148
0.180186
0.180205
0.180205
0.180186
0.180148
0.180090
0.180013
0.179906
0.179775
0.179623
0.179450
0.179255
0.179039
0.178802
0.178544
0.178266
0.177963
0.177608
0.177230
0.176830
0.176073
0.176479
0.176862
0.177222
0.177559
0.177873
0.178148
0.178388
0.178607
0.178805
0.178981
0.179135
0.179268
0.179378
0.179467
0.179533
0.179577
0.179600
0.179600
0.179577
0.179533
0.179467
0.179378
0.179268
0.179135
0.178981
0.178805
0.178607
0.178388
0.178148
0.177873
0.177559
0.177222
0.176862
0.176479
0.176073
0.175250
0.175700
0.176115
0.176480
0.176822
0.177141
0.177436
0.177708
0.177955
0.178160
0.178339
0.178495
0.178630
0.178742
0.178832
0.178899
0.178944
0.178967
0.178967
0.178944
0.178899
0.178832
0.178742
0.178630
0.178495
0.178339
0.178160
0.177955
0.177708
0.177436
0.177141
0.176822
0.176480
0.176115
0.175700
0.175250
0.174418
0.174875
0.175306
0.175712
0.176085
0.176408
0.176708
0.176983
0.177234
0.177460
0.177662
0.177839
0.177990
0.178105
0.178197
0.178265
0.178311
0.178334
0.178334
0.178311
0.178265
0.178197
0.178105
0.177990
0.177839
0.177662
0.177460
0.177234
0.176983
0.176708
0.176408
0.176085
0.175712
0.175306
0.174875
0.174418
0.173552
0.174047
0.174485
0.174898
0.175284
0.175643
0.175976
0.176258
0.176513
0.176743
0.176947
0.177127
0.177281
0.177410
0.177513
0.177590
0.177642
0.177667
0.177667
0.177642
0.177590
0.177513
0.177410
0.177281
0.177127
0.176947
0.176743
0.176513
0.176258
0.175976
0.175643
0.175284
0.174898
0.174485
0.174047
0.173552
0.172651
0.173158
0.173637
0.174081
0.174473
0.174839
0.175177
0.175488
0.175771
0.176024
0.176232
0.176415
0.176571
0.176702
0.176807
0.176885
0.176938
0.176964
0.176964
0.176938
0.176885
0.176807
0.176702
0.176571
0.176415
0.176232
0.176024
0.175771
0.175488
0.175177
0.174839
0.174473
0.174081
0.173637
0.173158
0.172651
0.171735
0.172263
0.172750
0.173207
0.173636
0.174033
0.174376
0.174692
0.174980
0.175240
0.175471
0.175674
0.175849
0.175994
0.176101
0.176181
0.176234
0.176261
0.176261
0.176234
0.176181
0.176101
0.175994
0.175849
0.175674
0.175471
0.175240
0.174980
0.174692
0.174376
0.174033
0.173636
0.173207
0.172750
0.172263
0.171735
0.170779
0.171331
0.171853
0.172325
0.172761
0.173167
0.173542
0.173888
0.174189
0.174453
0.174688
0.174894
0.175071
0.175219
0.175337
0.175426
0.175486
0.175515
0.175515
0.175486
0.175426
0.175337
0.175219
0.175071
0.174894
0.174688
0.174453
0.174189
0.173888
0.173542
0.173167
0.172761
0.172325
0.171853
0.171331
0.170779
0.169816
0.170382
0.170911
0.171410
0.171877
0.172296
0.172678
0.173030
0.173350
0.173639
0.173896
0.174114
0.174294
0.174444
0.174564
0.174655
0.174715
0.174745
0.174745
0.174715
0.174655
0.174564
0.174444
0.174294
0.174114
0.173896
0.173639
0.173350
0.173030
0.172678
0.172296
0.171877
0.171410
0.170911
0.170382
0.169816
0.168824
0.169412
0.169967
0.170475
0.170950
0.171392
0.171803
0.172170
0.172496
0.172790
0.173052
0.173281
0.173479
0.173643
0.173775
0.173874
0.173940
0.173973
0.173973
0.173940
0.173874
0.173775
0.173643
0.173479
0.173281
0.173052
0.172790
0.172496
0.172170
0.171803
0.171392
0.170950
0.170475
0.169967
0.169412
0.168824
0.167828
0.168427
0.168991
0.169523
0.170021
0.170471
0.170888
0.171271
0.171621
0.171937
0.172206
0.172440
0.172641
0.172808
0.172942
0.173043
0.173110
0.173144
0.173144
0.173110
0.173043
0.172942
0.172808
0.172641
0.172440
0.172206
0.171937
0.171621
0.171271
0.170888
0.170471
0.170021
0.169523
0.168991
0.168427
0.167828
0.166824
0.167435
0.168013
0.168553
0.169060
0.169533
0.169970
0.170361
0.170717
0.171038
0.171325
0.171576
0.171791
0.171971
0.172109
0.172212
0.172280
0.172315
0.172315
0.172280
0.172212
0.172109
0.171971
0.171791
0.171576
0.171325
0.171038
0.170717
0.170361
0.169970
0.169533
0.169060
0.168553
0.168013
0.167435
0.166824
0.165819
0.166437
0.167025
0.167579
0.168097
0.168578
0.169023
0.169433
0.169807
0.170139
0.170431
0.170686
0.170906
0.171089
0.171236
0.171346
0.171420
0.171457
0.171457
0.171420
0.171346
0.171236
0.171089
0.170906
0.170686
0.170431
0.170139
0.169807
0.169433
0.169023
0.168578
0.168097
0.167579
0.167025
0.166437
0.165819
0.164826
0.165447
0.166034
0.166598
0.167126
0.167618
0.168074
0.168491
0.168872
0.169215
0.169521
0.169790
0.170020
0.170207
0.170356
0.170469
0.170543
0.170581
0.170581
0.170543
0.170469
0.170356
0.170207
0.170020
0.169790
0.169521
0.169215
0.168872
0.168491
0.168074
0.167618
0.167126
0.166598
0.166034
0.165447
0.164826
0.163836
0.164461
0.165058
0.165621
0.166151
0.166653
0.167117
0.167545
0.167935
0.168285
0.168597
0.168871
0.169106
0.169302
0.169459
0.169578
0.169656
0.169696
0.169696
0.169656
0.169578
0.169459
0.169302
0.169106
0.168871
0.168597
0.168285
0.167935
0.167545
0.167117
0.166653
0.166151
0.165621
0.165058
0.164461
0.163836
0.162875
0.163492
0.164079
0.164652
0.165189
0.165691
0.166158
0.166594
0.166991
0.167350
0.167670
0.167951
0.168191
0.168391
0.168551
0.168671
0.168752
0.168792
0.168792
0.168752
0.168671
0.168551
0.168391
0.168191
0.167951
0.167670
0.167350
0.166991
0.166594
0.166158
0.165691
0.165189
0.164652
0.164079
0.163492
0.162875
0.161916
0.162539
0.163133
0.163693
0.164227
0.164738
0.165212
0.165647
0.166046
0.166412
0.166738
0.167024
0.167270
0.167475
0.167640
0.167763
0.167846
0.167887
0.167887
0.167846
0.167763
0.167640
0.167475
0.167270
0.167024
0.166738
0.166412
0.166046
0.165647
0.165212
0.164738
0.164227
0.163693
0.163133
0.162539
0.161916
0.161002
0.161605
0.162187
0.162757
0.163292
0.163792
0.164266
0.164710
0.165115
0.165482
0.165808
0.166097
0.166347
0.166557
0.166725
0.166851
0.166935
0.166977
0.166977
0.166935
0.166851
0.166725
0.166557
0.166347
0.166097
0.165808
0.165482
0.165115
0.164710
0.164266
0.163792
0.163292
0.162757
0.162187
0.161605
0.161002
0.160084
0.160699
0.161280
0.161829
0.162364
0.162873
0.163345
0.163780
0.164184
0.164558
0.164891
0.165183
0.165434
0.165644
0.165813
0.165939
0.166024
0.166067
0.166067
0.166024
0.165939
0.165813
0.165644
0.165434
0.165183
0.164891
0.164558
0.164184
0.163780
0.163345
0.162873
0.162364
0.161829
0.161280
0.160699
0.160084
0.159216
0.159802
0.160381
0.160939
0.161464
0.161954
0.162433
0.162876
0.163281
0.163647
0.163973
0.164271
0.164527
0.164741
0.164913
0.165042
0.165128
0.165171
0.165171
0.165128
0.165042
0.164913
0.164741
0.164527
0.164271
0.163973
0.163647
0.163281
0.162876
0.162433
0.161954
0.161464
0.160939
0.160381
0.159802
0.159216
0.158349
0.158945
0.159511
0.160047
0.160582
0.161082
0.161545
0.161972
0.162384
0.162757
0.163090
0.163383
0.163634
0.163844
0.164013
0.164145
0.164233
0.164277
0.164277
0.164233
0.164145
0.164013
0.163844
0.163634
0.163383
0.163090
0.162757
0.162384
0.161972
0.161545
0.161082
0.160582
0.160047
0.159511
0.158945
0.158349
0.157508
0.158085
0.158662
0.159206
0.159717
0.160207
0.160680
0.161116
0.161514
0.161874
0.162207
0.162505
0.162762
0.162977
0.163149
0.163278
0.163364
0.163407
0.163407
0.163364
0.163278
0.163149
0.162977
0.162762
0.162505
0.162207
0.161874
0.161514
0.161116
0.160680
0.160207
0.159717
0.159206
0.158662
0.158085
0.157508
0.156685
0.157268
0.157820
0.158364
0.158885
0.159372
0.159824
0.160257
0.160664
0.161031
0.161360
0.161648
0.161895
0.162108
0.162284
0.162416
0.162505
0.162549
0.162549
0.162505
0.162416
0.162284
0.162108
0.161895
0.161648
0.161360
0.161031
0.160664
0.160257
0.159824
0.159372
0.158885
0.158364
0.157820
0.157268
0.156685
0.155862
0.156451
0.157015
0.157547
0.158051
0.158548
0.159010
0.159435
0.159824
0.160188
0.160523
0.160818
0.161071
0.161282
0.161452
0.161580
0.161665
0.161707
0.161707
0.161665
0.161580
0.161452
0.161282
0.161071
0.160818
0.160523
0.160188
0.159824
0.159435
0.159010
0.158548
0.158051
0.157547
0.157015
0.156451
0.155862
0.155065
0.155645
0.156205
0.156749
0.157260
0.157737
0.158192
0.158627
0.159025
0.159384
0.159705
0.159987
0.160246
0.160462
0.160636
0.160766
0.160853
0.160897
0.160897
0.160853
0.160766
0.160636
0.160462
0.160246
0.159987
0.159705
0.159384
0.159025
0.158627
0.158192
0.157737
0.157260
0.156749
0.156205
0.155645
0.155065
0.154262
0.154855
0.155417
0.155949
0.156468
0.156956
0.157410
0.157828
0.158224
0.158591
0.158920
0.159208
0.159457
0.159664
0.159831
0.159956
0.160042
0.160086
0.160086
0.160042
0.159956
0.159831
0.159664
0.159457
0.159208
0.158920
0.158591
0.158224
0.157828
0.157410
0.156956
0.156468
0.155949
0.155417
0.154855
0.154262
0.153461
0.154059
0.154634
0.155177
0.155688
0.156173
0.156636
0.157064
0.157455
0.157809
0.158133
0.158428
0.158683
0.158895
0.159065
0.159194
0.159279
0.159322
0.159322
0.159279
0.159194
0.159065
0.158895
0.158683
0.158428
0.158133
0.157809
0.157455
0.157064
0.156636
0.156173
0.155688
0.155177
0.154634
0.154059
0.153461
0.152659
0.153269
0.153848
0.154401
0.154923
0.155411
0.155866
0.156297
0.156698
0.157060
0.157384
0.157668
0.157913
0.158125
0.158300
0.158431
0.158519
0.158563
0.158563
0.158519
0.158431
0.158300
0.158125
0.157913
0.157668
0.157384
0.157060
0.156698
0.156297
0.155866
0.155411
0.154923
0.154401
0.153848
0.153269
0.152659
0.151847
0.152474
0.153066
0.153625
0.154154
0.154654
0.155119
0.155548
0.155941
0.156309
0.156641
0.156933
0.157184
0.157394
0.157562
0.157689
0.157773
0.157816
0.157816
0.157773
0.157689
0.157562
0.157394
0.157184
0.156933
0.156641
0.156309
0.155941
0.155548
0.155119
0.154654
0.154154
0.153625
0.153066
0.152474
0.151847
0.151014
0.151665
0.152278
0.152851
0.153390
0.153895
0.154369
0.154809
0.155211
0.155576
0.155901
0.156196
0.156454
0.156669
0.156842
0.156972
0.157059
0.157102
0.157102
0.157059
0.156972
0.156842
0.156669
0.156454
0.156196
0.155901
0.155576
0.155211
0.154809
0.154369
0.153895
0.153390
0.152851
0.152278
0.151665
0.151014
0.150174
0.150840
0.151473
0.152071
0.152623
0.153140
0.153622
0.154067
0.154479
0.154853
0.155187
0.155481
0.155734
0.155946
0.156121
0.156255
0.156344
0.156388
0.156388
0.156344
0.156255
0.156121
0.155946
0.155734
0.155481
0.155187
0.154853
0.154479
0.154067
0.153622
0.153140
0.152623
0.152071
0.151473
0.150840
0.150174
0.149287
0.150008
0.150656
0.151270
0.151848
0.152382
0.152875
0.153331
0.153748
0.154129
0.154472
0.154773
0.155033
0.155251
0.155426
0.155557
0.155645
0.155688
0.155688
0.155645
0.155557
0.155426
0.155251
0.155033
0.154773
0.154472
0.154129
0.153748
0.153331
0.152875
0.152382
0.151848
0.151270
0.150656
0.150008
0.149287
0.148381
0.149120
0.149823
0.150461
0.151054
0.151610
0.152125
0.152592
0.153021
0.153410
0.153757
0.154064
0.154331
0.154555
0.154735
0.154870
0.154960
0.155005
0.155005
0.154960
0.154870
0.154735
0.154555
0.154331
0.154064
0.153757
0.153410
0.153021
0.152592
0.152125
0.151610
0.151054
0.150461
0.149823
0.149120
0.148381
0.147420
0.148223
0.148943
0.149625
0.150254
0.150824
0.151355
0.151847
0.152291
0.152690
0.153047
0.153362
0.153633
0.153860
0.154043
0.154182
0.154275
0.154322
0.154322
0.154275
0.154182
0.154043
0.153860
0.153633
0.153362
0.153047
0.152690
0.152291
0.151847
0.151355
0.150824
0.150254
0.149625
0.148943
0.148223
0.147420
0.146414
0.147257
0.148055
0.148755
0.149415
0.150033
0.150579
0.151084
0.151547
0.151967
0.152335
0.152659
0.152938
0.153172
0.153360
0.153501
0.153596
0.153643
0.153643
0.153596
0.153501
0.153360
0.153172
0.152938
0.152659
0.152335
0.151967
0.151547
0.151084
0.150579
0.150033
0.149415
0.148755
0.148055
0.147257
0.146414
0.145334
0.146262
0.147085
0.147866
0.148555
0.149191
0.149785
0.150316
0.150792
0.151225
0.151612
0.151953
0.152242
0.152483
0.152677
0.152822
0.152920
0.152968
0.152968
0.152920
0.152822
0.152677
0.152483
0.152242
0.151953
0.151612
0.151225
0.150792
0.150316
0.149785
0.149191
0.148555
0.147866
0.147085
0.146262
0.145334
0.144197
0.145176
0.146099
0.146901
0.147659
0.148341
0.148951
0.149517
0.150034
0.150479
0.150879
0.151230
0.151534
0.151788
0.151993
0.152143
0.152244
0.152294
0.152294
0.152244
0.152143
0.151993
0.151788
0.151534
0.151230
0.150879
0.150479
0.150034
0.149517
0.148951
0.148341
0.147659
0.146901
0.146099
0.145176
0.144197
0.142939
0.144050
0.145008
0.145919
0.146705
0.147437
0.148111
0.148694
0.149229
0.149715
0.150142
0.150505
0.150819
0.151081
0.151292
0.151451
0.151558
0.151611
0.151611
0.151558
0.151451
0.151292
0.151081
0.150819
0.150505
0.150142
0.149715
0.149229
0.148694
0.148111
0.147437
0.146705
0.145919
0.145008
0.144050
0.142939
0.141601
0.142787
0.143882
0.144829
0.145715
0.146495
0.147199
0.147852
0.148416
0.148918
0.149368
0.149765
0.150102
0.150373
0.150591
0.150756
0.150866
0.150921
0.150921
0.150866
0.150756
0.150591
0.150373
0.150102
0.149765
0.149368
0.148918
0.148416
0.147852
0.147199
0.146495
0.145715
0.144829
0.143882
0.142787
0.141601
0.140140
0.141446
0.142626
0.143696
0.144638
0.145496
0.146270
0.146943
0.147562
0.148116
0.148581
0.148991
0.149346
0.149644
0.149883
0.150060
0.150174
0.150231
0.150231
0.150174
0.150060
0.149883
0.149644
0.149346
0.148991
0.148581
0.148116
0.147562
0.146943
0.146270
0.145496
0.144638
0.143696
0.142626
0.141446
0.140140
0.138519
0.139998
0.141282
0.142454
0.143498
0.144432
0.145260
0.146026
0.146666
0.147248
0.147772
0.148215
0.148582
0.148890
0.149138
0.149325
0.149451
0.149513
0.149513
0.149451
0.149325
0.149138
0.148890
0.148582
0.148215
0.147772
0.147248
0.146666
0.146026
0.145260
0.144432
0.143498
0.142454
0.141282
0.139998
0.138519
0.136753
0.138377
0.139833
0.141106
0.142270
0.143284
0.144211
0.145005
0.145736
0.146364
0.146906
0.147385
0.147800
0.148136
0.148393
0.148587
0.148717
0.148782
0.148782
0.148717
0.148587
0.148393
0.148136
0.147800
0.147385
0.146906
0.146364
0.145736
0.145005
0.144211
0.143284
0.142270
0.141106
0.139833
0.138377
0.136753
0.134823
0.136614
0.138227
0.139656
0.140919
0.142073
0.143054
0.143967
0.144728
0.145418
0.146035
0.146532
0.146962
0.147324
0.147615
0.147835
0.147982
0.148051
0.148051
0.147982
0.147835
0.147615
0.147324
0.146962
0.146532
0.146035
0.145418
0.144728
0.143967
0.143054
0.142073
0.140919
0.139656
0.138227
0.136614
0.134823
0.132714
0.134688
0.136467
0.138067
0.139467
0.140716
0.141843
0.142804
0.143676
0.144425
0.145070
0.145640
0.146122
0.146498
0.146801
0.147030
0.147183
0.147260
0.147260
0.147183
0.147030
0.146801
0.146498
0.146122
0.145640
0.145070
0.144425
0.143676
0.142804
0.141843
0.140716
0.139467
0.138067
0.136467
0.134688
0.132714
0.130422
0.132586
0.134546
0.136310
0.137887
0.139263
0.140497
0.141585
0.142531
0.143357
0.144093
0.144686
0.145201
0.145634
0.145984
0.146224
0.146384
0.146464
0.146464
0.146384
0.146224
0.145984
0.145634
0.145201
0.144686
0.144093
0.143357
0.142531
0.141585
0.140497
0.139263
0.137887
0.136310
0.134546
0.132586
0.130422
0.127944
0.130303
0.132453
0.134396
0.136143
0.137686
0.139043
0.140259
0.141302
0.142231
0.143007
0.143695
0.144263
0.144715
0.145080
0.145355
0.145540
0.145633
0.145633
0.145540
0.145355
0.145080
0.144715
0.144263
0.143695
0.143007
0.142231
0.141302
0.140259
0.139043
0.137686
0.136143
0.134396
0.132453
0.130303
0.127944
0.125263
0.127830
0.130179
0.132311
0.134236
0.135960
0.137468
0.138803
0.139998
0.140991
0.141889
0.142618
0.143242
0.143768
0.144173
0.144462
0.144655
0.144752
0.144752
0.144655
0.144462
0.144173
0.143768
0.143242
0.142618
0.141889
0.140991
0.139998
0.138803
0.137468
0.135960
0.134236
0.132311
0.130179
0.127830
0.125263
0.122401
0.125159
0.127711
0.130049
0.132161
0.134064
0.135750
0.137231
0.138539
0.139680
0.140646
0.141480
0.142184
0.142735
0.143181
0.143518
0.143744
0.143857
0.143857
0.143744
0.143518
0.143181
0.142735
0.142184
0.141480
0.140646
0.139680
0.138539
0.137231
0.135750
0.134064
0.132161
0.130049
0.127711
0.125159
0.122401
0.119340
0.122306
0.125052
0.127588
0.129907
0.132001
0.133870
0.135521
0.136970
0.138247
0.139327
0.140262
0.141021
0.141664
0.142165
0.142520
0.142758
0.142877
0.142877
0.142758
0.142520
0.142165
0.141664
0.141021
0.140262
0.139327
0.138247
0.136970
0.135521
0.133870
0.132001
0.129907
0.127588
0.125052
0.122306
0.119340
0.116078
0.119248
0.122208
0.124942
0.127459
0.129754
0.131819
0.133655
0.135269
0.136681
0.137915
0.138931
0.139811
0.140504
0.141052
0.141467
0.141745
0.141886
0.141886
0.141745
0.141467
0.141052
0.140504
0.139811
0.138931
0.137915
0.136681
0.135269
0.133655
0.131819
0.129754
0.127459
0.124942
0.122208
0.119248
0.116078
0.112579
0.115988
0.119155
0.122109
0.124827
0.127323
0.129590
0.131621
0.133418
0.134989
0.136358
0.137515
0.138482
0.139268
0.139906
0.140353
0.140648
0.140797
0.140797
0.140648
0.140353
0.139906
0.139268
0.138482
0.137515
0.136358
0.134989
0.133418
0.131621
0.129590
0.127323
0.124827
0.122109
0.119155
0.115988
0.112579
0.108828
0.112484
0.115896
0.119062
0.122008
0.124708
0.127179
0.129413
0.131404
0.133154
0.134676
0.135991
0.137059
0.137966
0.138645
0.139158
0.139504
0.139678
0.139678
0.139504
0.139158
0.138645
0.137966
0.137059
0.135991
0.134676
0.133154
0.131404
0.129413
0.127179
0.124708
0.122008
0.119062
0.115896
0.112484
0.108828
0.104786
0.108721
0.112389
0.115803
0.118968
0.121901
0.124584
0.127025
0.129219
0.131163
0.132858
0.134319
0.135539
0.136535
0.137319
0.137916
0.138291
0.138477
0.138477
0.138291
0.137916
0.137319
0.136535
0.135539
0.134319
0.132858
0.131163
0.129219
0.127025
0.124584
0.121901
0.118968
0.115803
0.112389
0.108721
0.104786
0.100412
0.104657
0.108612
0.112294
0.115711
0.118872
0.121791
0.124452
0.126857
0.129005
0.130892
0.132521
0.133903
0.135014
0.135917
0.136561
0.136992
0.137209
0.137209
0.136992
0.136561
0.135917
0.135014
0.133903
0.132521
0.130892
0.129005
0.126857
0.124452
0.121791
0.118872
0.115711
0.112294
0.108612
0.104657
0.100412
0.000000
0.100249
0.104524
0.108502
0.112198
0.115619
0.118776
0.121676
0.124311
0.126674
0.128765
0.130582
0.132130
0.133391
0.134397
0.135136
0.135637
0.135889
0.135889
0.135637
0.135136
0.134397
0.133391
0.132130
0.130582
0.128765
0.126674
0.124311
0.121676
0.118776
0.115619
0.112198
0.108502
0.104524
0.100249
0.000000
0.000000
0.000000
0.100078
0.104387
0.108391
0.112103
0.115527
0.118677
0.121556
0.124158
0.126469
0.128491
0.130222
0.131651
0.132781
0.133634
0.134199
0.134472
0.134472
0.134199
0.133634
0.132781
0.131651
0.130222
0.128491
0.126469
0.124158
0.121556
0.118677
0.115527
0.112103
0.108391
0.104387
0.100078
0.000000
0.000000
0.185943
0.000000
0.000000
0.099895
0.104245
0.108277
0.112007
0.115434
0.118576
0.121429
0.123990
0.126236
0.128172
0.129785
0.131066
0.132042
0.132671
0.132990
0.132990
0.132671
0.132042
0.131066
0.129785
0.128172
0.126236
0.123990
0.121429
0.118576
0.115434
0.112007
0.108277
0.104245
0.099895
0.000000
0.000000
0.185943
0.185171
0.185894
0.000000
0.000000
0.099698
0.104095
0.108160
0.111908
0.115341
0.118473
0.121292
0.123795
0.125963
0.127781
0.129239
0.130344
0.131074
0.131445
0.131445
0.131074
0.130344
0.129239
0.127781
0.125963
0.123795
0.121292
0.118473
0.115341
0.111908
0.108160
0.104095
0.099698
0.000000
0.000000
0.185894
0.185171
0.184368
0.185109
0.185840
0.000000
0.000000
0.099485
0.103935
0.108039
0.111808
0.115248
0.118365
0.121141
0.123570
0.125626
0.127290
0.128554
0.129402
0.129834
0.129834
0.129402
0.128554
0.127290
0.125626
0.123570
0.121141
0.118365
0.115248
0.111808
0.108039
0.103935
0.099485
0.000000
0.000000
0.185840
0.185109
0.184368
0.183385
0.184289
0.185039
0.185779
0.000000
0.000000
0.099250
0.103760
0.107911
0.111708
0.115155
0.118252
0.120972
0.123301
0.125206
0.126664
0.127652
0.128152
0.128152
0.127652
0.126664
0.125206
0.123301
0.120972
0.118252
0.115155
0.111708
0.107911
0.103760
0.099250
0.000000
0.000000
0.185779
0.185039
0.184289
0.183385
0.182239
0.183255
0.184200
0.184960
0.185710
0.000000
0.000000
0.098988
0.103569
0.107775
0.111606
0.115061
0.118131
0.120774
0.122965
0.124659
0.125820
0.126404
0.126404
0.125820
0.124659
0.122965
0.120774
0.118131
0.115061
0.111606
0.107775
0.103569
0.098988
0.000000
0.000000
0.185710
0.184960
0.184200
0.183255
0.182239
0.180873
0.182079
0.183108
0.184098
0.184869
0.185630
0.000000
0.000000
0.098688
0.103354
0.107628
0.111503
0.114966
0.117997
0.120529
0.122518
0.123899
0.124598
0.124598
0.123899
0.122518
0.120529
0.117997
0.114966
0.111503
0.107628
0.103354
0.098688
0.000000
0.000000
0.185630
0.184869
0.184098
0.183108
0.182079
0.180873
0.179324
0.180643
0.181877
0.182938
0.183974
0.184762
0.185536
0.000000
0.000000
0.098333
0.103105
0.107465
0.111397
0.114870
0.117836
0.120203
0.121873
0.122735
0.122735
0.121873
0.120203
0.117836
0.114870
0.111397
0.107465
0.103105
0.098333
0.000000
0.000000
0.185536
0.184762
0.183974
0.182938
0.181877
0.180643
0.179324
0.177540
0.179009
0.180378
0.181627
0.182740
0.183791
0.184636
0.185424
0.000000
0.000000
0.000000
0.102802
0.107275
0.111285
0.114772
0.117633
0.119709
0.120811
0.120811
0.119709
0.117633
0.114772
0.111285
0.107275
0.102802
0.000000
0.000000
0.000000
0.185424
0.184636
0.183791
0.182740
0.181627
0.180378
0.179009
0.177540
0.175476
0.177121
0.178646
0.180071
0.181334
0.182505
0.183571
0.184482
0.185285
0.000000
0.000000
0.000000
0.102410
0.107039
0.111164
0.114668
0.117331
0.118816
0.118816
0.117331
0.114668
0.111164
0.107039
0.102410
0.000000
0.000000
0.000000
0.185285
0.184482
0.183571
0.182505
0.181334
0.180071
0.178646
0.177121
0.175476
0.173105
0.174935
0.176638
0.178224
0.179671
0.180986
0.182221
0.183302
0.184290
0.185108
0.185921
0.000000
0.000000
0.101850
0.106707
0.111020
0.114550
0.116719
0.116719
0.114550
0.111020
0.106707
0.101850
0.000000
0.000000
0.185921
0.185108
0.184290
0.183302
0.182221
0.180986
0.179671
0.178224
0.176638
0.174935
0.173105
0.170430
0.172424
0.174310
0.176076
0.177696
0.179183
0.180565
0.181851
0.182965
0.184043
0.184874
0.185703
0.000000
0.000000
0.100928
0.106129
0.110799
0.114357
0.114357
0.110799
0.106129
0.100928
0.000000
0.000000
0.185703
0.184874
0.184043
0.182965
0.181851
0.180565
0.179183
0.177696
0.176076
0.174310
0.172424
0.170430
0.167497
0.169586
0.171618
0.173552
0.175360
0.177038
0.178594
0.180048
0.181338
0.182534
0.183630
0.184554
0.185389
0.000000
0.000000
0.099083
0.104598
0.109757
0.109757
0.104598
0.099083
0.000000
0.000000
0.185389
0.184554
0.183630
0.182534
0.181338
0.180048
0.178594
0.177038
0.175360
0.173552
0.171618
0.169586
0.167497
