0.143460
0.151790
0.159267
0.168427
0.177151
0.183296
0.000000
0.119122
0.136878
0.147585
0.155056
0.163187
0.172656
0.180251
0.185208
0.106774
0.127999
0.142444
0.151074
0.158479
0.167485
0.176421
0.182802
0.000000
0.117059
0.135480
0.146759
0.154347
0.162295
0.171784
0.179627
0.184832
0.104392
0.126188
0.141364
0.150358
0.157710
0.166540
0.175661
0.182309
0.000000
0.114944
0.134012
0.145926
0.153643
0.161438
0.170875
0.178970
0.184456
0.101945
0.124319
0.185925
0.177279
0.162690
0.150151
0.132411
0.000000
0.180340
0.166939
0.153425
0.138961
0.108787
0.182868
0.171239
0.156724
0.144041
0.118804
0.184874
0.175165
0.160300
0.148039
0.127677
0.000000
0.178548
0.164327
0.151456
0.135188
0.102115
0.181398
0.168656
0.154710
0.141115
0.112880
0.183767
0.172848
0.158078
0.145706
0.122445
0.185559
0.176568
0.161833
0.149421
0.130820
0.000000
0.179745
0.166019
0.152744
0.137725
0.106519
0.182387
0.170354
