0.135402
0.138302
0.140715
0.142746
0.144470
0.145953
0.147195
0.148302
0.149250
0.150097
0.150813
0.151440
0.151977
0.152415
0.152765
0.153028
0.153203
0.153290
0.153290
0.153203
0.153028
0.152765
0.152415
0.151977
0.151440
0.150813
0.150097
0.149250
0.148302
0.147195
0.145953
0.144470
0.142746
0.140715
0.138302
0.135402
0.146563
0.148291
0.149809
0.151162
0.152406
0.153544
0.154603
0.155579
0.156488
0.157322
0.158068
0.158758
0.159350
0.159843
0.160254
0.160570
0.160780
0.160886
0.160886
0.160780
0.160570
0.160254
0.159843
0.159350
0.158758
0.158068
0.157322
0.156488
0.155579
0.154603
0.153544
0.152406
0.151162
0.149809
0.148291
0.146563
0.153975
0.155484
0.156945
0.158357
0.159739
0.161091
0.162377
0.163606
0.164753
0.165800
0.166744
0.167573
0.168282
0.168870
0.169341
0.169694
0.169930
0.170046
0.170046
0.169930
0.169694
0.169341
0.168870
0.168282
0.167573
0.166744
0.165800
0.164753
0.163606
0.162377
0.161091
0.159739
0.158357
0.156945
0.155484
0.153975
0.161508
0.163378
0.165215
0.166978
0.168633
0.170159
0.171527
0.172741
0.173822
0.174738
0.175541
0.176222
0.176773
0.177231
0.177598
0.177873
0.178051
0.178134
0.178134
0.178051
0.177873
0.177598
0.177231
0.176773
0.176222
0.175541
0.174738
0.173822
0.172741
0.171527
0.170159
0.168633
0.166978
0.165215
0.163378
0.161508
0.170501
0.172418
0.174137
0.175643
0.176958
0.178136
0.179127
0.180032
0.180762
0.181419
0.182002
0.182437
0.182809
0.183120
0.183368
0.183554
0.183679
0.183741
0.183741
0.183679
0.183554
0.183368
0.183120
0.182809
0.182437
0.182002
0.181419
0.180762
0.180032
0.179127
0.178136
0.176958
0.175643
0.174137
0.172418
0.170501
0.178305
0.179709
0.180912
0.182006
0.182876
0.183683
0.184327
0.184848
0.185321
0.185747
0.000000
0.000000
0.000000
0.000000
0.000000
0.000000
0.000000
0.000000
0.000000
0.000000
0.000000
0.000000
0.000000
0.000000
0.000000
0.000000
0.185747
0.185321
0.184848
0.184327
0.183683
0.182876
0.182006
0.180912
0.179709
0.178305
0.183750
0.184615
0.185373
0.000000
0.000000
0.000000
0.099339
0.102817
0.105871
0.108527
0.110824
0.112787
0.114436
0.115787
0.116848
0.117639
0.118163
0.118421
0.118421
0.118163
0.117639
0.116848
0.115787
0.114436
0.112787
0.110824
0.108527
0.105871
0.102817
0.099339
0.000000
0.000000
0.000000
0.185373
0.184615
0.183750
0.000000
0.100976
0.105912
0.110298
0.114205
0.117679
0.120760
0.123482
0.125867
0.127932
0.129694
0.131175
0.132410
0.133401
0.134182
0.134739
0.135110
0.135296
0.135296
0.135110
0.134739
0.134182
0.133401
0.132410
0.131175
0.129694
0.127932
0.125867
0.123482
0.120760
0.117679
0.114205
0.110298
0.105912
0.100976
0.000000
0.117457
0.121807
0.125672
0.129073
0.132050
0.134588
0.136757
0.138594
0.140154
0.141440
0.142526
0.143427
0.144179
0.144757
0.145220
0.145567
0.145798
0.145914
0.145914
0.145798
0.145567
0.145220
0.144757
0.144179
0.143427
0.142526
0.141440
0.140154
0.138594
0.136757
0.134588
0.132050
0.129073
0.125672
0.121807
0.117457
0.134254
0.137308
0.139888
0.142039
0.143842
0.145362
0.146679
0.147829
0.148805
0.149670
0.150415
0.151051
0.151596
0.152049
0.152404
0.152670
0.152847
0.152936
0.152936
0.152847
0.152670
0.152404
0.152049
0.151596
0.151051
0.150415
0.149670
0.148805
0.147829
0.146679
0.145362
0.143842
0.142039
0.139888
0.137308
0.134254
0.145042
0.146913
0.148541
0.149984
0.151256
0.152427
0.153493
0.154477
0.155377
0.156196
0.156948
0.157607
0.158182
0.158682
0.159082
0.159383
0.159583
0.159683
0.159683
0.159583
0.159383
0.159082
0.158682
0.158182
0.157607
0.156948
0.156196
0.155377
0.154477
0.153493
0.152427
0.151256
0.149984
0.148541
0.146913
0.145042
0.152097
0.153607
0.155043
0.156412
0.157729
0.159013
0.160229
0.161405
0.162503
0.163523
0.164447
0.165273
0.165982
0.166582
0.167063
0.167424
0.167664
0.167784
0.167784
0.167664
0.167424
0.167063
0.166582
0.165982
0.165273
0.164447
0.163523
0.162503
0.161405
0.160229
0.159013
0.157729
0.156412
0.155043
0.153607
0.152097
0.158544
0.160263
0.161975
0.163674
0.165313
0.166864
0.168305
0.169619
0.170788
0.171830
0.172716
0.173483
0.174131
0.174640
0.175048
0.175353
0.175557
0.175659
0.175659
0.175557
0.175353
0.175048
0.174640
0.174131
0.173483
0.172716
0.171830
0.170788
0.169619
0.168305
0.166864
0.165313
0.163674
0.161975
0.160263
0.158544
0.166185
0.168229
0.170136
0.171873
0.173415
0.174781
0.176004
0.177028
0.177959
0.178717
0.179387
0.179974
0.180421
0.180792
0.181088
0.181310
0.181458
0.181533
0.181533
0.181458
0.181310
0.181088
0.180792
0.180421
0.179974
0.179387
0.178717
0.177959
0.177028
0.176004
0.174781
0.173415
0.171873
0.170136
0.168229
0.166185
0.174108
0.175841
0.177344
0.178667
0.179841
0.180823
0.181712
0.182448
0.183079
0.183646
0.184114
0.184451
0.184739
0.184979
0.185171
0.185316
0.185412
0.185460
0.185460
0.185412
0.185316
0.185171
0.184979
0.184739
0.184451
0.184114
0.183646
0.183079
0.182448
0.181712
0.180823
0.179841
0.178667
0.177344
0.175841
0.174108
0.180262
0.181522
0.182602
0.183548
0.184328
0.184953
0.185530
0.000000
0.000000
0.000000
0.000000
0.000000
0.099684
0.101296
0.102569
0.103511
0.104136
0.104444
0.104444
0.104136
0.103511
0.102569
0.101296
0.099684
0.000000
0.000000
0.000000
0.000000
0.000000
0.185530
0.184953
0.184328
0.183548
0.182602
0.181522
0.180262
0.184543
0.185360
0.000000
0.000000
0.000000
0.100812
0.104597
0.107934
0.110855
0.113407
0.115615
0.117500
0.119081
0.120378
0.121398
0.122158
0.122654
0.122902
0.122902
0.122654
0.122158
0.121398
0.120378
0.119081
0.117500
0.115615
0.113407
0.110855
0.107934
0.104597
0.100812
0.000000
0.000000
0.000000
0.185360
0.184543
0.000000
0.103198
0.108086
0.112430
0.116301
0.119742
0.122787
0.125470
0.127812
0.129828
0.131539
0.132973
0.134169
0.135111
0.135865
0.136398
0.136747
0.136922
0.136922
0.136747
0.136398
0.135865
0.135111
0.134169
0.132973
0.131539
0.129828
0.127812
0.125470
0.122787
0.119742
0.116301
0.112430
0.108086
0.103198
0.000000
0.116980
0.121417
0.125361
0.128836
0.131871
0.134464
0.136672
0.138543
0.140130
0.141435
0.142537
0.143451
0.144211
0.144799
0.145268
0.145620
0.145855
0.145973
0.145973
0.145855
0.145620
0.145268
0.144799
0.144211
0.143451
0.142537
0.141435
0.140130
0.138543
0.136672
0.134464
0.131871
0.128836
0.125361
0.121417
0.116980
0.132194
0.135515
0.138317
0.140651
0.142615
0.144282
0.145692
0.146890
0.147952
0.148834
0.149615
0.150282
0.150835
0.151296
0.151665
0.151941
0.152123
0.152213
0.152213
0.152123
0.151941
0.151665
0.151296
0.150835
0.150282
0.149615
0.148834
0.147952
0.146890
0.145692
0.144282
0.142615
0.140651
0.138317
0.135515
0.132194
0.142694
0.144824
0.146637
0.148212
0.149579
0.150801
0.151908
0.152902
0.153804
0.154624
0.155355
0.155995
0.156567
0.157045
0.157427
0.157713
0.157904
0.158000
0.158000
0.157904
0.157713
0.157427
0.157045
0.156567
0.155995
0.155355
0.154624
0.153804
0.152902
0.151908
0.150801
0.149579
0.148212
0.146637
0.144824
0.142694
0.149544
0.151138
0.152600
0.153953
0.155233
0.156441
0.157587
0.158678
0.159695
0.160651
0.161519
0.162296
0.162986
0.163561
0.164022
0.164382
0.164622
0.164741
0.164741
0.164622
0.164382
0.164022
0.163561
0.162986
0.162296
0.161519
0.160651
0.159695
0.158678
0.157587
0.156441
0.155233
0.153953
0.152600
0.151138
0.149544
0.155112
0.156697
0.158240
0.159765
0.161270
0.162722
0.164108
0.165426
0.166637
0.167736
0.168707
0.169556
0.170275
0.170863
0.171333
0.171685
0.171920
0.172036
0.172036
0.171920
0.171685
0.171333
0.170863
0.170275
0.169556
0.168707
0.167736
0.166637
0.165426
0.164108
0.162722
0.161270
0.159765
0.158240
0.156697
0.155112
0.161021
0.162920
0.164794
0.166604
0.168312
0.169889
0.171303
0.172564
0.173678
0.174632
0.175459
0.176168
0.176735
0.177207
0.177585
0.177869
0.178052
0.178137
0.178137
0.178052
0.177869
0.177585
0.177207
0.176735
0.176168
0.175459
0.174632
0.173678
0.172564
0.171303
0.169889
0.168312
0.166604
0.164794
0.162920
0.161021
0.167916
0.169980
0.171862
0.173540
0.175022
0.176335
0.177470
0.178459
0.179310
0.180068
0.180669
0.181196
0.181648
0.182020
0.182276
0.182468
0.182596
0.182660
0.182660
0.182596
0.182468
0.182276
0.182020
0.181648
0.181196
0.180669
0.180068
0.179310
0.178459
0.177470
0.176335
0.175022
0.173540
0.171862
0.169980
0.167916
0.174585
0.176315
0.177828
0.179123
0.180278
0.181257
0.182136
0.182840
0.183480
0.184043
0.184434
0.184775
0.185068
0.185312
0.185507
0.185654
0.185751
0.185800
0.185800
0.185751
0.185654
0.185507
0.185312
0.185068
0.184775
0.184434
0.184043
0.183480
0.182840
0.182136
0.181257
0.180278
0.179123
0.177828
0.176315
0.174585
0.179873
0.181168
0.182317
0.183277
0.184133
0.184767
0.185353
0.185891
0.000000
0.000000
0.000000
0.000000
0.098740
0.100399
0.101704
0.102668
0.103306
0.103625
0.103625
0.103306
0.102668
0.101704
0.100399
0.098740
0.000000
0.000000
0.000000
0.000000
0.185891
0.185353
0.184767
0.184133
0.183277
0.182317
0.181168
0.179873
0.183780
0.184662
0.185444
0.000000
0.000000
0.000000
0.100359
0.103907
0.107008
0.109717
0.112056
0.114051
0.115723
0.117090
0.118174
0.118971
0.119503
0.119768
0.119768
0.119503
0.118971
0.118174
0.117090
0.115723
0.114051
0.112056
0.109717
0.107008
0.103907
0.100359
0.000000
0.000000
0.000000
0.185444
0.184662
0.183780
0.000000
0.000000
0.100649
0.105437
0.109687
0.113455
0.116794
0.119746
0.122333
0.124583
0.126520
0.128165
0.129525
0.130628
0.131493
0.132134
0.132543
0.132747
0.132747
0.132543
0.132134
0.131493
0.130628
0.129525
0.128165
0.126520
0.124583
0.122333
0.119746
0.116794
0.113455
0.109687
0.105437
0.100649
0.000000
0.000000
0.107254
0.112290
0.116772
0.120769
0.124322
0.127449
0.130184
0.132532
0.134541
0.136245
0.137664
0.138829
0.139804
0.140559
0.141149
0.141591
0.141886
0.142030
0.142030
0.141886
0.141591
0.141149
0.140559
0.139804
0.138829
0.137664
0.136245
0.134541
0.132532
0.130184
0.127449
0.124322
0.120769
0.116772
0.112290
0.107254
0.122048
0.126256
0.129955
0.133137
0.135874
0.138174
0.140113
0.141735
0.143089
0.144255
0.145210
0.146041
0.146688
0.147228
0.147659
0.147983
0.148183
0.148282
0.148282
0.148183
0.147983
0.147659
0.147228
0.146688
0.146041
0.145210
0.144255
0.143089
0.141735
0.140113
0.138174
0.135874
0.133137
0.129955
0.126256
0.122048
0.133950
0.137122
0.139797
0.142026
0.143885
0.145449
0.146797
0.147984
0.148978
0.149870
0.150627
0.151283
0.151845
0.152306
0.152673
0.152947
0.153131
0.153222
0.153222
0.153131
0.152947
0.152673
0.152306
0.151845
0.151283
0.150627
0.149870
0.148978
0.147984
0.146797
0.145449
0.143885
0.142026
0.139797
0.137122
0.133950
0.142424
0.144614
0.146475
0.148087
0.149476
0.150724
0.151848
0.152860
0.153776
0.154609
0.155352
0.156003
0.156585
0.157070
0.157458
0.157749
0.157943
0.158043
0.158043
0.157943
0.157749
0.157458
0.157070
0.156585
0.156003
0.155352
0.154609
0.153776
0.152860
0.151848
0.150724
0.149476
0.148087
0.146475
0.144614
0.142424
0.148288
0.149976
0.151478
0.152864
0.154150
0.155358
0.156494
0.157562
0.158567
0.159496
0.160345
0.161117
0.161779
0.162350
0.162818
0.163169
0.163403
0.163520
0.163520
0.163403
0.163169
0.162818
0.162350
0.161779
0.161117
0.160345
0.159496
0.158567
0.157562
0.156494
0.155358
0.154150
0.152864
0.151478
0.149976
0.148288
0.152962
0.154528
0.156016
0.157473
0.158886
0.160245
0.161569
0.162830
0.164000
0.165096
0.166073
0.166941
0.167686
0.168304
0.168797
0.169166
0.169413
0.169536
0.169536
0.169413
0.169166
0.168797
0.168304
0.167686
0.166941
0.166073
0.165096
0.164000
0.162830
0.161569
0.160245
0.158886
0.157473
0.156016
0.154528
0.152962
0.157482
0.159206
0.160918
0.162609
0.164258
0.165842
0.167329
0.168690
0.169923
0.171000
0.171956
0.172751
0.173430
0.173996
0.174417
0.174732
0.174942
0.175047
0.175047
0.174942
0.174732
0.174417
0.173996
0.173430
0.172751
0.171956
0.171000
0.169923
0.168690
0.167329
0.165842
0.164258
0.162609
0.160918
0.159206
0.157482
0.162506
0.164517
0.166477
0.168337
0.170062
0.171616
0.172995
0.174223
0.175275
0.176202
0.176971
0.177644
0.178199
0.178631
0.178977
0.179237
0.179410
0.179496
0.179496
0.179410
0.179237
0.178977
0.178631
0.178199
0.177644
0.176971
0.176202
0.175275
0.174223
0.172995
0.171616
0.170062
0.168337
0.166477
0.164517
0.162506
0.168109
0.170200
0.172108
0.173807
0.175293
0.176604
0.177758
0.178734
0.179600
0.180335
0.180947
0.181482
0.181941
0.182275
0.182535
0.182731
0.182861
0.182926
0.182926
0.182861
0.182731
0.182535
0.182275
0.181941
0.181482
0.180947
0.180335
0.179600
0.178734
0.177758
0.176604
0.175293
0.173807
0.172108
0.170200
0.168109
0.173487
0.175313
0.176911
0.178319
0.179531
0.180580
0.181498
0.182289
0.182940
0.183526
0.184036
0.184383
0.184681
0.184929
0.185127
0.185276
0.185376
0.185425
0.185425
0.185376
0.185276
0.185127
0.184929
0.184681
0.184383
0.184036
0.183526
0.182940
0.182289
0.181498
0.180580
0.179531
0.178319
0.176911
0.175313
0.173487
0.177989
0.179463
0.180750
0.181899
0.182825
0.183672
0.184345
0.184892
0.185388
0.185835
0.000000
0.000000
0.000000
0.000000
0.000000
0.000000
0.000000
0.000000
0.000000
0.000000
0.000000
0.000000
0.000000
0.000000
0.000000
0.000000
0.185835
0.185388
0.184892
0.184345
0.183672
0.182825
0.181899
0.180750
0.179463
0.177989
0.181534
0.182711
0.183753
0.184557
0.185252
0.185898
0.000000
0.000000
0.000000
0.099699
0.102353
0.104611
0.106505
0.108056
0.109270
0.110177
0.110770
0.111067
0.111067
0.110770
0.110177
0.109270
0.108056
0.106505
0.104611
0.102353
0.099699
0.000000
0.000000
0.000000
0.185898
0.185252
0.184557
0.183753
0.182711
0.181534
0.184272
0.185116
0.185912
0.000000
0.000000
0.099798
0.103748
0.107220
0.110268
0.112918
0.115210
0.117166
0.118808
0.120155
0.121208
0.121999
0.122511
0.122767
0.122767
0.122511
0.121999
0.121208
0.120155
0.118808
0.117166
0.115210
0.112918
0.110268
0.107220
0.103748
0.099798
0.000000
0.000000
0.185912
0.185116
0.184272
0.000000
0.000000
0.099562
0.104487
0.108851
0.112721
0.116149
0.119167
0.121823
0.124131
0.126116
0.127797
0.129189
0.130326
0.131206
0.131866
0.132289
0.132497
0.132497
0.132289
0.131866
0.131206
0.130326
0.129189
0.127797
0.126116
0.124131
0.121823
0.119167
0.116149
0.112721
0.108851
0.104487
0.099562
0.000000
0.000000
0.102002
0.107418
0.112236
0.116519
0.120332
0.123712
0.126681
0.129271
0.131505
0.133405
0.135001
0.136338
0.137420
0.138296
0.138957
0.139453
0.139783
0.139949
0.139949
0.139783
0.139453
0.138957
0.138296
0.137420
0.136338
0.135001
0.133405
0.131505
0.129271
0.126681
0.123712
0.120332
0.116519
0.112236
0.107418
0.102002
0.114076
0.118813
0.123034
0.126768
0.130046
0.132858
0.135270
0.137309
0.139021
0.140462
0.141662
0.142641
0.143451
0.144114
0.144599
0.144964
0.145206
0.145328
0.145328
0.145206
0.144964
0.144599
0.144114
0.143451
0.142641
0.141662
0.140462
0.139021
0.137309
0.135270
0.132858
0.130046
0.126768
0.123034
0.118813
0.114076
0.124399
0.128519
0.132105
0.135150
0.137741
0.139914
0.141723
0.143237
0.144528
0.145621
0.146536
0.147305
0.147964
0.148471
0.148875
0.149178
0.149380
0.149481
0.149481
0.149380
0.149178
0.148875
0.148471
0.147964
0.147305
0.146536
0.145621
0.144528
0.143237
0.141723
0.139914
0.137741
0.135150
0.132105
0.128519
0.124399
0.133020
0.136369
0.139154
0.141485
0.143428
0.145066
0.146474
0.147682
0.148717
0.149626
0.150410
0.151077
0.151649
0.152123
0.152496
0.152776
0.152962
0.153055
0.153055
0.152962
0.152776
0.152496
0.152123
0.151649
0.151077
0.150410
0.149626
0.148717
0.147682
0.146474
0.145066
0.143428
0.141485
0.139154
0.136369
0.133020
0.139720
0.142269
0.144389
0.146192
0.147731
0.149066
0.150263
0.151312
0.152260
0.153099
0.153845
0.154505
0.155072
0.155545
0.155923
0.156216
0.156414
0.156512
0.156512
0.156414
0.156216
0.155923
0.155545
0.155072
0.154505
0.153845
0.153099
0.152260
0.151312
0.150263
0.149066
0.147731
0.146192
0.144389
0.142269
0.139720
0.144686
0.146681
0.148405
0.149921
0.151261
0.152491
0.153610
0.154645
0.155591
0.156462
0.157253
0.157945
0.158572
0.159097
0.159518
0.159833
0.160046
0.160159
0.160159
0.160046
0.159833
0.159518
0.159097
0.158572
0.157945
0.157253
0.156462
0.155591
0.154645
0.153610
0.152491
0.151261
0.149921
0.148405
0.146681
0.144686
0.148553
0.150257
0.151784
0.153189
0.154503
0.155733
0.156907
0.157995
0.159046
0.159993
0.160891
0.161677
0.162372
0.162968
0.163444
0.163801
0.164041
0.164165
0.164165
0.164041
0.163801
0.163444
0.162968
0.162372
0.161677
0.160891
0.159993
0.159046
0.157995
0.156907
0.155733
0.154503
0.153189
0.151784
0.150257
0.148553
0.151831
0.153423
0.154929
0.156365
0.157750
0.159101
0.160389
0.161625
0.162794
0.163866
0.164853
0.165721
0.166474
0.167106
0.167611
0.167990
0.168241
0.168367
0.168367
0.168241
0.167990
0.167611
0.167106
0.166474
0.165721
0.164853
0.163866
0.162794
0.161625
0.160389
0.159101
0.157750
0.156365
0.154929
0.153423
0.151831
0.154884
0.156516
0.158105
0.159684
0.161236
0.162740
0.164177
0.165542
0.166798
0.167935
0.168940
0.169819
0.170555
0.171163
0.171650
0.172014
0.172244
0.172359
0.172359
0.172244
0.172014
0.171650
0.171163
0.170555
0.169819
0.168940
0.167935
0.166798
0.165542
0.164177
0.162740
0.161236
0.159684
0.158105
0.156516
0.154884
0.157954
0.159741
0.161523
0.163283
0.164992
0.166617
0.168134
0.169515
0.170747
0.171843
0.172773
0.173581
0.174253
0.174788
0.175217
0.175538
0.175752
0.175860
0.175860
0.175752
0.175538
0.175217
0.174788
0.174253
0.173581
0.172773
0.171843
0.170747
0.169515
0.168134
0.166617
0.164992
0.163283
0.161523
0.159741
0.157954
0.161249
0.163232
0.165187
0.167070
0.168836
0.170455
0.171916
0.173189
0.174318
0.175282
0.176128
0.176813
0.177400
0.177890
0.178253
0.178518
0.178694
0.178782
0.178782
0.178694
0.178518
0.178253
0.177890
0.177400
0.176813
0.176128
0.175282
0.174318
0.173189
0.171916
0.170455
0.168836
0.167070
0.165187
0.163232
0.161249
0.164763
0.166892
0.168911
0.170772
0.172452
0.173952
0.175242
0.176385
0.177364
0.178221
0.178926
0.179544
0.180064
0.180454
0.180766
0.180999
0.181155
0.181233
0.181233
0.181155
0.180999
0.180766
0.180454
0.180064
0.179544
0.178926
0.178221
0.177364
0.176385
0.175242
0.173952
0.172452
0.170772
0.168911
0.166892
0.164763
0.168358
0.170481
0.172408
0.174130
0.175631
0.176937
0.178101
0.179072
0.179954
0.180661
0.181285
0.181831
0.182254
0.182585
0.182850
0.183049
0.183182
0.183248
0.183248
0.183182
0.183049
0.182850
0.182585
0.182254
0.181831
0.181285
0.180661
0.179954
0.179072
0.178101
0.176937
0.175631
0.174130
0.172408
0.170481
0.168358
0.171776
0.173751
0.175486
0.177000
0.178336
0.179483
0.180479
0.181337
0.182099
0.182696
0.183227
0.183692
0.184068
0.184321
0.184524
0.184675
0.184776
0.184827
0.184827
0.184776
0.184675
0.184524
0.184321
0.184068
0.183692
0.183227
0.182696
0.182099
0.181337
0.180479
0.179483
0.178336
0.177000
0.175486
0.173751
0.171776
0.174804
0.176575
0.178129
0.179454
0.180610
0.181624
0.182477
0.183207
0.183870
0.184357
0.184761
0.185116
0.185419
0.185672
0.185875
0.000000
0.000000
0.000000
0.000000
0.000000
0.000000
0.185875
0.185672
0.185419
0.185116
0.184761
0.184357
0.183870
0.183207
0.182477
0.181624
0.180610
0.179454
0.178129
0.176575
0.174804
0.177425
0.178984
0.180351
0.181522
0.182523
0.183386
0.184139
0.184696
0.185202
0.185658
0.000000
0.000000
0.000000
0.000000
0.000000
0.000000
0.000000
0.000000
0.000000
0.000000
0.000000
0.000000
0.000000
0.000000
0.000000
0.000000
0.185658
0.185202
0.184696
0.184139
0.183386
0.182523
0.181522
0.180351
0.178984
0.177425
0.179663
0.181030
0.182238
0.183234
0.184125
0.184783
0.185391
0.185948
0.000000
0.000000
0.000000
0.000000
0.099633
0.101333
0.102672
0.103665
0.104320
0.104643
0.104643
0.104320
0.103665
0.102672
0.101333
0.099633
0.000000
0.000000
0.000000
0.000000
0.185948
0.185391
0.184783
0.184125
0.183234
0.182238
0.181030
0.179663
0.181554
0.182750
0.183814
0.184618
0.185327
0.185986
0.000000
0.000000
0.000000
0.100575
0.103255
0.105539
0.107450
0.109010
0.110243
0.111151
0.111757
0.112058
0.112058
0.111757
0.111151
0.110243
0.109010
0.107450
0.105539
0.103255
0.100575
0.000000
0.000000
0.000000
0.185986
0.185327
0.184618
0.183814
0.182750
0.181554
0.183131
0.184199
0.185010
0.185771
0.000000
0.000000
0.098084
0.101852
0.105143
0.108013
0.110480
0.112586
0.114354
0.115799
0.116934
0.117781
0.118338
0.118613
0.118613
0.118338
0.117781
0.116934
0.115799
0.114354
0.112586
0.110480
0.108013
0.105143
0.101852
0.098084
0.000000
0.000000
0.185771
0.185010
0.184199
0.183131
0.184440
0.185302
0.000000
0.000000
0.000000
0.101439
0.105397
0.108878
0.111932
0.114585
0.116878
0.118835
0.120478
0.121822
0.122873
0.123657
0.124175
0.124429
0.124429
0.124175
0.123657
0.122873
0.121822
0.120478
0.118835
0.116878
0.114585
0.111932
0.108878
0.105397
0.101439
0.000000
0.000000
0.000000
0.185302
0.184440
0.185493
0.000000
0.000000
0.099319
0.104034
0.108196
0.111873
0.115108
0.117956
0.120429
0.122565
0.124384
0.125907
0.127135
0.128111
0.128817
0.129288
0.129523
0.129523
0.129288
0.128817
0.128111
0.127135
0.125907
0.124384
0.122565
0.120429
0.117956
0.115108
0.111873
0.108196
0.104034
0.099319
0.000000
0.000000
0.185493
0.000000
0.000000
0.100962
0.105918
0.110301
0.114187
0.117623
0.120652
0.123306
0.125611
0.127586
0.129251
0.130633
0.131756
0.132618
0.133256
0.133680
0.133893
0.133893
0.133680
0.133256
0.132618
0.131756
0.130633
0.129251
0.127586
0.125611
0.123306
0.120652
0.117623
0.114187
0.110301
0.105918
0.100962
0.000000
0.000000
0.000000
0.101915
0.107131
0.111764
0.115876
0.119519
0.122741
0.125572
0.128038
0.130151
0.131948
0.133438
0.134668
0.135662
0.136424
0.136977
0.137345
0.137530
0.137530
0.137345
0.136977
0.136424
0.135662
0.134668
0.133438
0.131948
0.130151
0.128038
0.125572
0.122741
0.119519
0.115876
0.111764
0.107131
0.101915
0.000000
0.102190
0.107712
0.112610
0.116966
0.120836
0.124265
0.127269
0.129891
0.132136
0.134045
0.135637
0.136954
0.138055
0.138900
0.139575
0.140074
0.140380
0.140534
0.140534
0.140380
0.140074
0.139575
0.138900
0.138055
0.136954
0.135637
0.134045
0.132136
0.129891
0.127269
0.124265
0.120836
0.116966
0.112610
0.107712
0.102190
0.107661
0.112861
0.117490
0.121607
0.125248
0.128446
0.131217
0.133598
0.135615
0.137303
0.138713
0.139895
0.140824
0.141590
0.142183
0.142597
0.142873
0.143011
0.143011
0.142873
0.142597
0.142183
0.141590
0.140824
0.139895
0.138713
0.137303
0.135615
0.133598
0.131217
0.128446
0.125248
0.121607
0.117490
0.112861
0.107661
0.112522
0.117452
0.121841
0.125725
0.129126
0.132086
0.134598
0.136731
0.138527
0.140044
0.141270
0.142309
0.143137
0.143827
0.144341
0.144713
0.144962
0.145086
0.145086
0.144962
0.144713
0.144341
0.143827
0.143137
0.142309
0.141270
0.140044
0.138527
0.136731
0.134598
0.132086
0.129126
0.125725
0.121841
0.117452
0.112522
0.116849
0.121539
0.125696
0.129337
0.132490
0.135176
0.137452
0.139358
0.140951
0.142298
0.143403
0.144332
0.145077
0.145698
0.146176
0.146512
0.146737
0.146849
0.146849
0.146737
0.146512
0.146176
0.145698
0.145077
0.144332
0.143403
0.142298
0.140951
0.139358
0.137452
0.135176
0.132490
0.129337
0.125696
0.121539
0.116849
0.120700
0.125160
0.129078
0.132470
0.135359
0.137806
0.139852
0.141554
0.142980
0.144201
0.145194
0.146057
0.146731
0.147292
0.147741
0.148072
0.148278
0.148381
0.148381
0.148278
0.148072
0.147741
0.147292
0.146731
0.146057
0.145194
0.144201
0.142980
0.141554
0.139852
0.137806
0.135359
0.132470
0.129078
0.125160
0.120700
0.124118
0.128348
0.132027
0.135144
0.137793
0.140010
0.141852
0.143387
0.144691
0.145809
0.146726
0.147512
0.148171
0.148687
0.149100
0.149410
0.149616
0.149720
0.149720
0.149616
0.149410
0.149100
0.148687
0.148171
0.147512
0.146726
0.145809
0.144691
0.143387
0.141852
0.140010
0.137793
0.135144
0.132027
0.128348
0.124118
0.127113
0.131111
0.134533
0.137413
0.139832
0.141844
0.143519
0.144935
0.146160
0.147172
0.148065
0.148788
0.149408
0.149924
0.150318
0.150611
0.150806
0.150904
0.150904
0.150806
0.150611
0.150318
0.149924
0.149408
0.148788
0.148065
0.147172
0.146160
0.144935
0.143519
0.141844
0.139832
0.137413
0.134533
0.131111
0.127113
0.129732
0.133491
0.136664
0.139317
0.141531
0.143376
0.144931
0.146270
0.147394
0.148373
0.149200
0.149923
0.150513
0.151001
0.151391
0.151684
0.151879
0.151976
0.151976
0.151879
0.151684
0.151391
0.151001
0.150513
0.149923
0.149200
0.148373
0.147394
0.146270
0.144931
0.143376
0.141531
0.139317
0.136664
0.133491
0.129732
0.131987
0.135510
0.138463
0.140911
0.142957
0.144680
0.146156
0.147393
0.148476
0.149406
0.150220
0.150903
0.151489
0.151977
0.152360
0.152646
0.152837
0.152932
0.152932
0.152837
0.152646
0.152360
0.151977
0.151489
0.150903
0.150220
0.149406
0.148476
0.147393
0.146156
0.144680
0.142957
0.140911
0.138463
0.135510
0.131987
0.133899
0.137205
0.139984
0.142263
0.144181
0.145798
0.147168
0.148373
0.149407
0.150319
0.151100
0.151784
0.152361
0.152839
0.153221
0.153507
0.153698
0.153794
0.153794
0.153698
0.153507
0.153221
0.152839
0.152361
0.151784
0.151100
0.150319
0.149407
0.148373
0.147168
0.145798
0.144181
0.142263
0.139984
0.137205
0.133899
0.135498
0.138625
0.141214
0.143370
0.145176
0.146719
0.148064
0.149202
0.150223
0.151103
0.151884
0.152555
0.153129
0.153606
0.153988
0.154279
0.154472
0.154569
0.154569
0.154472
0.154279
0.153988
0.153606
0.153129
0.152555
0.151884
0.151103
0.150223
0.149202
0.148064
0.146719
0.145176
0.143370
0.141214
0.138625
0.135498
0.136829
0.139811
0.142262
0.144306
0.146045
0.147509
0.148791
0.149929
0.150911
0.151790
0.152559
0.153228
0.153802
0.154283
0.154671
0.154962
0.155155
0.155252
0.155252
0.155155
0.154962
0.154671
0.154283
0.153802
0.153228
0.152559
0.151790
0.150911
0.149929
0.148791
0.147509
0.146045
0.144306
0.142262
0.139811
0.136829
0.137940
0.140753
0.143095
0.145056
0.146724
0.148173
0.149416
0.150524
0.151502
0.152373
0.153138
0.153807
0.154386
0.154871
0.155258
0.155549
0.155743
0.155840
0.155840
0.155743
0.155549
0.155258
0.154871
0.154386
0.153807
0.153138
0.152373
0.151502
0.150524
0.149416
0.148173
0.146724
0.145056
0.143095
0.140753
0.137940
0.138796
0.141526
0.143792
0.145683
0.147291
0.148695
0.149939
0.151018
0.151996
0.152857
0.153622
0.154296
0.154878
0.155363
0.155750
0.156043
0.156246
0.156347
0.156347
0.156246
0.156043
0.155750
0.155363
0.154878
0.154296
0.153622
0.152857
0.151996
0.151018
0.149939
0.148695
0.147291
0.145683
0.143792
0.141526
0.138796
0.139479
0.142132
0.144317
0.146169
0.147748
0.149116
0.150339
0.151416
0.152386
0.153247
0.154013
0.154692
0.155274
0.155759
0.156153
0.156457
0.156660
0.156761
0.156761
0.156660
0.156457
0.156153
0.155759
0.155274
0.154692
0.154013
0.153247
0.152386
0.151416
0.150339
0.149116
0.147748
0.146169
0.144317
0.142132
0.139479
0.139995
0.142555
0.144697
0.146514
0.148086
0.149434
0.150640
0.151717
0.152681
0.153542
0.154312
0.154992
0.155574
0.156062
0.156467
0.156772
0.156974
0.157076
0.157076
0.156974
0.156772
0.156467
0.156062
0.155574
0.154992
0.154312
0.153542
0.152681
0.151717
0.150640
0.149434
0.148086
0.146514
0.144697
0.142555
0.139995
0.140311
0.142840
0.144954
0.146747
0.148301
0.149649
0.150844
0.151922
0.152881
0.153743
0.154516
0.155196
0.155778
0.156276
0.156681
0.156986
0.157188
0.157290
0.157290
0.157188
0.156986
0.156681
0.156276
0.155778
0.155196
0.154516
0.153743
0.152881
0.151922
0.150844
0.149649
0.148301
0.146747
0.144954
0.142840
0.140311
0.140474
0.142988
0.145088
0.146869
0.148413
0.149762
0.150951
0.152029
0.152987
0.153849
0.154624
0.155304
0.155887
0.156389
0.156795
0.157099
0.157302
0.157404
0.157404
0.157302
0.157099
0.156795
0.156389
0.155887
0.155304
0.154624
0.153849
0.152987
0.152029
0.150951
0.149762
0.148413
0.146869
0.145088
0.142988
0.140474
0.140484
0.142998
0.145098
0.146879
0.148423
0.149772
0.150961
0.152039
0.152997
0.153860
0.154636
0.155316
0.155899
0.156402
0.156808
0.157113
0.157316
0.157417
0.157417
0.157316
0.157113
0.156808
0.156402
0.155899
0.155316
0.154636
0.153860
0.152997
0.152039
0.150961
0.149772
0.148423
0.146879
0.145098
0.142998
0.140484
0.140342
0.142871
0.144984
0.146777
0.148330
0.149680
0.150875
0.151954
0.152913
0.153777
0.154551
0.155232
0.155815
0.156315
0.156721
0.157025
0.157229
0.157330
0.157330
0.157229
0.157025
0.156721
0.156315
0.155815
0.155232
0.154551
0.153777
0.152913
0.151954
0.150875
0.149680
0.148330
0.146777
0.144984
0.142871
0.140342
0.140046
0.142605
0.144747
0.146563
0.148134
0.149484
0.150691
0.151770
0.152734
0.153598
0.154370
0.155051
0.155635
0.156126
0.156533
0.156838
0.157041
0.157142
0.157142
0.157041
0.156838
0.156533
0.156126
0.155635
0.155051
0.154370
0.153598
0.152734
0.151770
0.150691
0.149484
0.148134
0.146563
0.144747
0.142605
0.140046
0.139556
0.142202
0.144386
0.146237
0.147820
0.149186
0.150409
0.151489
0.152460
0.153324
0.154093
0.154774
0.155358
0.155844
0.156244
0.156549
0.156752
0.156854
0.156854
0.156752
0.156549
0.156244
0.155844
0.155358
0.154774
0.154093
0.153324
0.152460
0.151489
0.150409
0.149186
0.147820
0.146237
0.144386
0.142202
0.139556
0.138892
0.141624
0.143889
0.145777
0.147382
0.148784
0.150030
0.151111
0.152091
0.152955
0.153723
0.154400
0.154984
0.155471
0.155861
0.156159
0.156363
0.156464
0.156464
0.156363
0.156159
0.155861
0.155471
0.154984
0.154400
0.153723
0.152955
0.152091
0.151111
0.150030
0.148784
0.147382
0.145777
0.143889
0.141624
0.138892
0.138059
0.140869
0.143210
0.145168
0.146832
0.148279
0.149528
0.150635
0.151617
0.152490
0.153259
0.153931
0.154514
0.155001
0.155391
0.155683
0.155878
0.155975
0.155975
0.155878
0.155683
0.155391
0.155001
0.154514
0.153931
0.153259
0.152490
0.151617
0.150635
0.149528
0.148279
0.146832
0.145168
0.143210
0.140869
0.138059
0.136969
0.139956
0.142393
0.144434
0.146169
0.147642
0.148920
0.150061
0.151044
0.151928
0.152699
0.153371
0.153948
0.154434
0.154824
0.155116
0.155311
0.155409
0.155409
0.155311
0.155116
0.154824
0.154434
0.153948
0.153371
0.152699
0.151928
0.151044
0.150061
0.148920
0.147642
0.146169
0.144434
0.142393
0.139956
0.136969
0.135664
0.138784
0.141374
0.143528
0.145330
0.146867
0.148208
0.149353
0.150373
0.151258
0.152043
0.152716
0.153293
0.153774
0.154161
0.154453
0.154648
0.154745
0.154745
0.154648
0.154453
0.154161
0.153774
0.153293
0.152716
0.152043
0.151258
0.150373
0.149353
0.148208
0.146867
0.145330
0.143528
0.141374
0.138784
0.135664
0.134082
0.137392
0.140159
0.142434
0.144347
0.145977
0.147339
0.148538
0.149580
0.150489
0.151276
0.151965
0.152542
0.153023
0.153408
0.153697
0.153889
0.153985
0.153985
0.153889
0.153697
0.153408
0.153023
0.152542
0.151965
0.151276
0.150489
0.149580
0.148538
0.147339
0.145977
0.144347
0.142434
0.140159
0.137392
0.134082
0.132183
0.135721
0.138664
0.141112
0.143154
0.144870
0.146339
0.147586
0.148662
0.149600
0.150409
0.151098
0.151689
0.152177
0.152562
0.152850
0.153043
0.153139
0.153139
0.153043
0.152850
0.152562
0.152177
0.151689
0.151098
0.150409
0.149600
0.148662
0.147586
0.146339
0.144870
0.143154
0.141112
0.138664
0.135721
0.132183
0.129950
0.133720
0.136890
0.139546
0.141759
0.143597
0.145144
0.146473
0.147608
0.148578
0.149412
0.150134
0.150725
0.151217
0.151611
0.151906
0.152101
0.152197
0.152197
0.152101
0.151906
0.151611
0.151217
0.150725
0.150134
0.149412
0.148578
0.147608
0.146473
0.145144
0.143597
0.141759
0.139546
0.136890
0.133720
0.129950
0.127335
0.131353
0.134778
0.137668
0.140081
0.142087
0.143763
0.145168
0.146382
0.147404
0.148286
0.149016
0.149642
0.150155
0.150549
0.150844
0.151041
0.151140
0.151140
0.151041
0.150844
0.150549
0.150155
0.149642
0.149016
0.148286
0.147404
0.146382
0.145168
0.143763
0.142087
0.140081
0.137668
0.134778
0.131353
0.127335
0.124335
0.128593
0.132285
0.135418
0.138068
0.140265
0.142114
0.143651
0.144942
0.146065
0.146973
0.147768
0.148413
0.148935
0.149352
0.149665
0.149874
0.149978
0.149978
0.149874
0.149665
0.149352
0.148935
0.148413
0.147768
0.146973
0.146065
0.144942
0.143651
0.142114
0.140265
0.138068
0.135418
0.132285
0.128593
0.124335
0.120909
0.125408
0.129351
0.132754
0.135657
0.138101
0.140140
0.141847
0.143260
0.144466
0.145471
0.146316
0.146998
0.147566
0.148019
0.148332
0.148541
0.148645
0.148645
0.148541
0.148332
0.148019
0.147566
0.146998
0.146316
0.145471
0.144466
0.143260
0.141847
0.140140
0.138101
0.135657
0.132754
0.129351
0.125408
0.120909
0.117035
0.121774
0.125968
0.129633
0.132795
0.135494
0.137774
0.139676
0.141259
0.142591
0.143710
0.144619
0.145373
0.146001
0.146456
0.146797
0.147024
0.147138
0.147138
0.147024
0.146797
0.146456
0.146001
0.145373
0.144619
0.143710
0.142591
0.141259
0.139676
0.137774
0.135494
0.132795
0.129633
0.125968
0.121774
0.117035
0.112672
0.117659
0.122093
0.126016
0.129441
0.132407
0.134930
0.137066
0.138857
0.140361
0.141604
0.142622
0.143462
0.144145
0.144648
0.145025
0.145276
0.145402
0.145402
0.145276
0.145025
0.144648
0.144145
0.143462
0.142622
0.141604
0.140361
0.138857
0.137066
0.134930
0.132407
0.129441
0.126016
0.122093
0.117659
0.112672
0.107760
0.113026
0.117712
0.121875
0.125551
0.128772
0.131565
0.133961
0.135983
0.137668
0.139066
0.140241
0.141173
0.141950
0.142515
0.142935
0.143215
0.143355
0.143355
0.143215
0.142935
0.142515
0.141950
0.141173
0.140241
0.139066
0.137668
0.135983
0.133961
0.131565
0.128772
0.125551
0.121875
0.117712
0.113026
0.107760
0.102216
0.107818
0.112781
0.117193
0.121109
0.124573
0.127611
0.130246
0.132499
0.134412
0.136027
0.137336
0.138420
0.139278
0.139963
0.140433
0.140744
0.140900
0.140900
0.140744
0.140433
0.139963
0.139278
0.138420
0.137336
0.136027
0.134412
0.132499
0.130246
0.127611
0.124573
0.121109
0.117193
0.112781
0.107818
0.102216
0.000000
0.101939
0.107234
0.111935
0.116101
0.119794
0.123051
0.125918
0.128397
0.130525
0.132332
0.133843
0.135066
0.136071
0.136819
0.137381
0.137755
0.137943
0.137943
0.137755
0.137381
0.136819
0.136071
0.135066
0.133843
0.132332
0.130525
0.128397
0.125918
0.123051
0.119794
0.116101
0.111935
0.107234
0.101939
0.000000
0.000000
0.000000
0.100971
0.106008
0.110457
0.114400
0.117887
0.120953
0.123643
0.125977
0.127972
0.129649
0.131036
0.132168
0.133032
0.133679
0.134104
0.134306
0.134306
0.134104
0.133679
0.133032
0.132168
0.131036
0.129649
0.127972
0.125977
0.123643
0.120953
0.117887
0.114400
0.110457
0.106008
0.100971
0.000000
0.000000
0.185447
0.000000
0.000000
0.099300
0.104096
0.108326
0.112063
0.115348
0.118234
0.120742
0.122906
0.124747
0.126286
0.127533
0.128510
0.129229
0.129708
0.129947
0.129947
0.129708
0.129229
0.128510
0.127533
0.126286
0.124747
0.122906
0.120742
0.118234
0.115348
0.112063
0.108326
0.104096
0.099300
0.000000
0.000000
0.185447
0.184372
0.185250
0.000000
0.000000
0.000000
0.101458
0.105487
0.109027
0.112131
0.114826
0.117156
0.119142
0.120807
0.122171
0.123237
0.124035
0.124552
0.124810
0.124810
0.124552
0.124035
0.123237
0.122171
0.120807
0.119142
0.117156
0.114826
0.112131
0.109027
0.105487
0.101458
0.000000
0.000000
0.000000
0.185250
0.184372
0.183010
0.184124
0.184950
0.185726
0.000000
0.000000
0.098038
0.101879
0.105232
0.108153
0.110664
0.112806
0.114602
0.116074
0.117226
0.118087
0.118649
0.118930
0.118930
0.118649
0.118087
0.117226
0.116074
0.114602
0.112806
0.110664
0.108153
0.105232
0.101879
0.098038
0.000000
0.000000
0.185726
0.184950
0.184124
0.183010
0.181369
0.182616
0.183701
0.184547
0.185271
0.185943
0.000000
0.000000
0.000000
0.100578
0.103312
0.105640
0.107587
0.109176
0.110430
0.111357
0.111974
0.112277
0.112277
0.111974
0.111357
0.110430
0.109176
0.107587
0.105640
0.103312
0.100578
0.000000
0.000000
0.000000
0.185943
0.185271
0.184547
0.183701
0.182616
0.181369
