0.123439
0.126597
0.129413
0.131909
0.134086
0.135980
0.137600
0.138993
0.140208
0.141217
0.142102
0.142809
0.143415
0.143919
0.144290
0.144562
0.144744
0.144835
0.144835
0.144744
0.144562
0.144290
0.143919
0.143415
0.142809
0.142102
0.141217
0.140208
0.138993
0.137600
0.135980
0.134086
0.131909
0.129413
0.126597
0.123439
0.135875
0.138164
0.140129
0.141811
0.143243
0.144499
0.145588
0.146530
0.147351
0.148082
0.148685
0.149213
0.149665
0.150040
0.150325
0.150538
0.150681
0.150752
0.150752
0.150681
0.150538
0.150325
0.150040
0.149665
0.149213
0.148685
0.148082
0.147351
0.146530
0.145588
0.144499
0.143243
0.141811
0.140129
0.138164
0.135875
0.144346
0.145890
0.147213
0.148408
0.149464
0.150420
0.151274
0.152056
0.152753
0.153379
0.153936
0.154429
0.154853
0.155206
0.155488
0.155700
0.155841
0.155912
0.155912
0.155841
0.155700
0.155488
0.155206
0.154853
0.154429
0.153936
0.153379
0.152753
0.152056
0.151274
0.150420
0.149464
0.148408
0.147213
0.145890
0.144346
0.150231
0.151442
0.152569
0.153613
0.154596
0.155514
0.156377
0.157189
0.157926
0.158627
0.159255
0.159804
0.160293
0.160712
0.161047
0.161299
0.161466
0.161550
0.161550
0.161466
0.161299
0.161047
0.160712
0.160293
0.159804
0.159255
0.158627
0.157926
0.157189
0.156377
0.155514
0.154596
0.153613
0.152569
0.151442
0.150231
0.155259
0.156480
0.157660
0.158815
0.159914
0.160997
0.162003
0.162980
0.163869
0.164696
0.165436
0.166085
0.166650
0.167121
0.167498
0.167781
0.167969
0.168063
0.168063
0.167969
0.167781
0.167498
0.167121
0.166650
0.166085
0.165436
0.164696
0.163869
0.162980
0.162003
0.160997
0.159914
0.158815
0.157660
0.156480
0.155259
0.160613
0.162040
0.163462
0.164828
0.166126
0.167351
0.168478
0.169508
0.170430
0.171246
0.171972
0.172575
0.173090
0.173520
0.173863
0.174112
0.174272
0.174352
0.174352
0.174272
0.174112
0.173863
0.173520
0.173090
0.172575
0.171972
0.171246
0.170430
0.169508
0.168478
0.167351
0.166126
0.164828
0.163462
0.162040
0.160613
0.166827
0.168427
0.169925
0.171288
0.172528
0.173646
0.174629
0.175506
0.176278
0.176935
0.177518
0.178026
0.178419
0.178748
0.179010
0.179207
0.179338
0.179404
0.179404
0.179338
0.179207
0.179010
0.178748
0.178419
0.178026
0.177518
0.176935
0.176278
0.175506
0.174629
0.173646
0.172528
0.171288
0.169925
0.168427
0.166827
0.173085
0.174507
0.175785
0.176897
0.177919
0.178780
0.179568
0.180257
0.180837
0.181359
0.181824
0.182196
0.182492
0.182738
0.182936
0.183084
0.183182
0.183232
0.183232
0.183182
0.183084
0.182936
0.182738
0.182492
0.182196
0.181824
0.181359
0.180837
0.180257
0.179568
0.178780
0.177919
0.176897
0.175785
0.174507
0.173085
0.178288
0.179405
0.180403
0.181274
0.182073
0.182715
0.183307
0.183851
0.184262
0.184601
0.184902
0.185166
0.185391
0.185580
0.185730
0.185843
0.185918
0.185956
0.185956
0.185918
0.185843
0.185730
0.185580
0.185391
0.185166
0.184902
0.184601
0.184262
0.183851
0.183307
0.182715
0.182073
0.181274
0.180403
0.179405
0.178288
0.182297
0.183137
0.183927
0.184509
0.185036
0.185525
0.185977
0.000000
0.000000
0.000000
0.000000
0.000000
0.099103
0.100380
0.101386
0.102138
0.102630
0.102876
0.102876
0.102630
0.102138
0.101386
0.100380
0.099103
0.000000
0.000000
0.000000
0.000000
0.000000
0.185977
0.185525
0.185036
0.184509
0.183927
0.183137
0.182297
0.185170
0.185811
0.000000
0.000000
0.000000
0.099769
0.102776
0.105450
0.107815
0.109890
0.111691
0.113236
0.114542
0.115615
0.116463
0.117092
0.117512
0.117722
0.117722
0.117512
0.117092
0.116463
0.115615
0.114542
0.113236
0.111691
0.109890
0.107815
0.105450
0.102776
0.099769
0.000000
0.000000
0.000000
0.185811
0.185170
0.000000
0.101435
0.105355
0.108880
0.112053
0.114890
0.117433
0.119699
0.121702
0.123458
0.124980
0.126288
0.127379
0.128277
0.128975
0.129499
0.129849
0.130022
0.130022
0.129849
0.129499
0.128975
0.128277
0.127379
0.126288
0.124980
0.123458
0.121702
0.119699
0.117433
0.114890
0.112053
0.108880
0.105355
0.101435
0.000000
0.112411
0.116097
0.119420
0.122418
0.125102
0.127498
0.129614
0.131464
0.133069
0.134455
0.135635
0.136619
0.137438
0.138111
0.138612
0.138987
0.139237
0.139362
0.139362
0.139237
0.138987
0.138612
0.138111
0.137438
0.136619
0.135635
0.134455
0.133069
0.131464
0.129614
0.127498
0.125102
0.122418
0.119420
0.116097
0.112411
0.125226
0.128332
0.131076
0.133490
0.135588
0.137395
0.138948
0.140294
0.141430
0.142406
0.143224
0.143940
0.144497
0.144957
0.145324
0.145600
0.145784
0.145875
0.145875
0.145784
0.145600
0.145324
0.144957
0.144497
0.143940
0.143224
0.142406
0.141430
0.140294
0.138948
0.137395
0.135588
0.133490
0.131076
0.128332
0.125226
0.135542
0.137899
0.139911
0.141623
0.143092
0.144379
0.145482
0.146445
0.147276
0.148022
0.148633
0.149168
0.149626
0.150007
0.150296
0.150512
0.150656
0.150728
0.150728
0.150656
0.150512
0.150296
0.150007
0.149626
0.149168
0.148633
0.148022
0.147276
0.146445
0.145482
0.144379
0.143092
0.141623
0.139911
0.137899
0.135542
0.142961
0.144629
0.146090
0.147337
0.148460
0.149453
0.150349
0.151143
0.151864
0.152502
0.153066
0.153559
0.153982
0.154340
0.154626
0.154840
0.154983
0.155054
0.155054
0.154983
0.154840
0.154626
0.154340
0.153982
0.153559
0.153066
0.152502
0.151864
0.151143
0.150349
0.149453
0.148460
0.147337
0.146090
0.144629
0.142961
0.148288
0.149587
0.150764
0.151847
0.152838
0.153755
0.154609
0.155396
0.156116
0.156788
0.157386
0.157908
0.158379
0.158776
0.159094
0.159333
0.159491
0.159571
0.159571
0.159491
0.159333
0.159094
0.158776
0.158379
0.157908
0.157386
0.156788
0.156116
0.155396
0.154609
0.153755
0.152838
0.151847
0.150764
0.149587
0.148288
0.152610
0.153810
0.154951
0.156025
0.157071
0.158045
0.158999
0.159873
0.160713
0.161478
0.162166
0.162796
0.163336
0.163785
0.164151
0.164432
0.164620
0.164714
0.164714
0.164620
0.164432
0.164151
0.163785
0.163336
0.162796
0.162166
0.161478
0.160713
0.159873
0.158999
0.158045
0.157071
0.156025
0.154951
0.153810
0.152610
0.156758
0.158030
0.159302
0.160528
0.161717
0.162870
0.163950
0.164979
0.165916
0.166774
0.167538
0.168204
0.168773
0.169247
0.169626
0.169911
0.170097
0.170189
0.170189
0.170097
0.169911
0.169626
0.169247
0.168773
0.168204
0.167538
0.166774
0.165916
0.164979
0.163950
0.162870
0.161717
0.160528
0.159302
0.158030
0.156758
0.161278
0.162765
0.164214
0.165621
0.166950
0.168190
0.169328
0.170360
0.171279
0.172100
0.172796
0.173406
0.173928
0.174337
0.174661
0.174903
0.175065
0.175146
0.175146
0.175065
0.174903
0.174661
0.174337
0.173928
0.173406
0.172796
0.172100
0.171279
0.170360
0.169328
0.168190
0.166950
0.165621
0.164214
0.162765
0.161278
0.166364
0.167988
0.169505
0.170899
0.172176
0.173308
0.174328
0.175217
0.176024
0.176689
0.177280
0.177797
0.178216
0.178549
0.178815
0.179015
0.179148
0.179214
0.179214
0.179148
0.179015
0.178815
0.178549
0.178216
0.177797
0.177280
0.176689
0.176024
0.175217
0.174328
0.173308
0.172176
0.170899
0.169505
0.167988
0.166364
0.171532
0.173037
0.174400
0.175614
0.176682
0.177643
0.178477
0.179209
0.179874
0.180418
0.180888
0.181300
0.181652
0.181946
0.182154
0.182304
0.182404
0.182454
0.182454
0.182404
0.182304
0.182154
0.181946
0.181652
0.181300
0.180888
0.180418
0.179874
0.179209
0.178477
0.177643
0.176682
0.175614
0.174400
0.173037
0.171532
0.176084
0.177341
0.178471
0.179470
0.180355
0.181119
0.181825
0.182402
0.182902
0.183352
0.183752
0.184078
0.184307
0.184497
0.184650
0.184764
0.184841
0.184879
0.184879
0.184841
0.184764
0.184650
0.184497
0.184307
0.184078
0.183752
0.183352
0.182902
0.182402
0.181825
0.181119
0.180355
0.179470
0.178471
0.177341
0.176084
0.179799
0.180822
0.181763
0.182549
0.183250
0.183900
0.184382
0.184801
0.185183
0.185526
0.185831
0.000000
0.000000
0.000000
0.000000
0.000000
0.000000
0.000000
0.000000
0.000000
0.000000
0.000000
0.000000
0.000000
0.000000
0.185831
0.185526
0.185183
0.184801
0.184382
0.183900
0.183250
0.182549
0.181763
0.180822
0.179799
0.182748
0.183599
0.184304
0.184877
0.185411
0.185907
0.000000
0.000000
0.000000
0.000000
0.098542
0.100358
0.101888
0.103137
0.104131
0.104862
0.105350
0.105594
0.105594
0.105350
0.104862
0.104131
0.103137
0.101888
0.100358
0.098542
0.000000
0.000000
0.000000
0.000000
0.185907
0.185411
0.184877
0.184304
0.183599
0.182748
0.184991
0.185640
0.000000
0.000000
0.000000
0.098807
0.101892
0.104624
0.107040
0.109160
0.111002
0.112584
0.113920
0.115010
0.115880
0.116521
0.116946
0.117159
0.117159
0.116946
0.116521
0.115880
0.115010
0.113920
0.112584
0.111002
0.109160
0.107040
0.104624
0.101892
0.098807
0.000000
0.000000
0.000000
0.185640
0.184991
0.000000
0.000000
0.100880
0.104632
0.108003
0.111011
0.113707
0.116106
0.118227
0.120092
0.121711
0.123096
0.124268
0.125222
0.125986
0.126539
0.126908
0.127092
0.127092
0.126908
0.126539
0.125986
0.125222
0.124268
0.123096
0.121711
0.120092
0.118227
0.116106
0.113707
0.111011
0.108003
0.104632
0.100880
0.000000
0.000000
0.104887
0.108947
0.112605
0.115904
0.118862
0.121522
0.123897
0.126000
0.127844
0.129444
0.130820
0.132002
0.132960
0.133759
0.134372
0.134820
0.135119
0.135269
0.135269
0.135119
0.134820
0.134372
0.133759
0.132960
0.132002
0.130820
0.129444
0.127844
0.126000
0.123897
0.121522
0.118862
0.115904
0.112605
0.108947
0.104887
0.115919
0.119501
0.122731
0.125634
0.128220
0.130498
0.132497
0.134237
0.135733
0.136999
0.138098
0.138986
0.139748
0.140347
0.140807
0.141152
0.141382
0.141497
0.141497
0.141382
0.141152
0.140807
0.140347
0.139748
0.138986
0.138098
0.136999
0.135733
0.134237
0.132497
0.130498
0.128220
0.125634
0.122731
0.119501
0.115919
0.125461
0.128591
0.131360
0.133792
0.135899
0.137708
0.139256
0.140591
0.141742
0.142701
0.143530
0.144230
0.144789
0.145254
0.145627
0.145907
0.146084
0.146168
0.146168
0.146084
0.145907
0.145627
0.145254
0.144789
0.144230
0.143530
0.142701
0.141742
0.140591
0.139256
0.137708
0.135899
0.133792
0.131360
0.128591
0.125461
0.133491
0.136062
0.138257
0.140146
0.141758
0.143130
0.144337
0.145362
0.146265
0.147024
0.147698
0.148264
0.148729
0.149116
0.149426
0.149658
0.149813
0.149890
0.149890
0.149813
0.149658
0.149426
0.149116
0.148729
0.148264
0.147698
0.147024
0.146265
0.145362
0.144337
0.143130
0.141758
0.140146
0.138257
0.136062
0.133491
0.139798
0.141775
0.143457
0.144910
0.146195
0.147290
0.148277
0.149129
0.149904
0.150567
0.151152
0.151664
0.152101
0.152458
0.152744
0.152959
0.153102
0.153173
0.153173
0.153102
0.152959
0.152744
0.152458
0.152101
0.151664
0.151152
0.150567
0.149904
0.149129
0.148277
0.147290
0.146195
0.144910
0.143457
0.141775
0.139798
0.144553
0.146125
0.147474
0.148679
0.149763
0.150728
0.151606
0.152401
0.153116
0.153760
0.154337
0.154844
0.155279
0.155642
0.155932
0.156156
0.156308
0.156383
0.156383
0.156308
0.156156
0.155932
0.155642
0.155279
0.154844
0.154337
0.153760
0.153116
0.152401
0.151606
0.150728
0.149763
0.148679
0.147474
0.146125
0.144553
0.148306
0.149624
0.150816
0.151913
0.152917
0.153847
0.154715
0.155513
0.156249
0.156931
0.157537
0.158071
0.158555
0.158958
0.159280
0.159522
0.159683
0.159764
0.159764
0.159683
0.159522
0.159280
0.158958
0.158555
0.158071
0.157537
0.156931
0.156249
0.155513
0.154715
0.153847
0.152917
0.151913
0.150816
0.149624
0.148306
0.151490
0.152718
0.153863
0.154949
0.155965
0.156949
0.157858
0.158736
0.159542
0.160286
0.160975
0.161577
0.162100
0.162556
0.162921
0.163195
0.163377
0.163468
0.163468
0.163377
0.163195
0.162921
0.162556
0.162100
0.161577
0.160975
0.160286
0.159542
0.158736
0.157858
0.156949
0.155965
0.154949
0.153863
0.152718
0.151490
0.154459
0.155693
0.156892
0.158031
0.159160
0.160222
0.161256
0.162216
0.163128
0.163950
0.164708
0.165374
0.165945
0.166428
0.166815
0.167105
0.167299
0.167396
0.167396
0.167299
0.167105
0.166815
0.166428
0.165945
0.165374
0.164708
0.163950
0.163128
0.162216
0.161256
0.160222
0.159160
0.158031
0.156892
0.155693
0.154459
0.157442
0.158778
0.160073
0.161366
0.162606
0.163793
0.164926
0.165972
0.166940
0.167812
0.168583
0.169256
0.169833
0.170304
0.170677
0.170957
0.171143
0.171236
0.171236
0.171143
0.170957
0.170677
0.170304
0.169833
0.169256
0.168583
0.167812
0.166940
0.165972
0.164926
0.163793
0.162606
0.161366
0.160073
0.158778
0.157442
0.160615
0.162085
0.163546
0.164954
0.166292
0.167551
0.168709
0.169767
0.170707
0.171546
0.172276
0.172894
0.173424
0.173866
0.174204
0.174450
0.174614
0.174696
0.174696
0.174614
0.174450
0.174204
0.173866
0.173424
0.172894
0.172276
0.171546
0.170707
0.169767
0.168709
0.167551
0.166292
0.164954
0.163546
0.162085
0.160615
0.164032
0.165650
0.167194
0.168643
0.169991
0.171204
0.172306
0.173277
0.174149
0.174888
0.175544
0.176109
0.176558
0.176933
0.177233
0.177458
0.177608
0.177683
0.177683
0.177608
0.177458
0.177233
0.176933
0.176558
0.176109
0.175544
0.174888
0.174149
0.173277
0.172306
0.171204
0.169991
0.168643
0.167194
0.165650
0.164032
0.167613
0.169253
0.170769
0.172159
0.173396
0.174506
0.175492
0.176360
0.177110
0.177785
0.178347
0.178819
0.179224
0.179562
0.179832
0.180031
0.180150
0.180210
0.180210
0.180150
0.180031
0.179832
0.179562
0.179224
0.178819
0.178347
0.177785
0.177110
0.176360
0.175492
0.174506
0.173396
0.172159
0.170769
0.169253
0.167613
0.171081
0.172632
0.174044
0.175275
0.176388
0.177363
0.178237
0.178980
0.179655
0.180233
0.180710
0.181128
0.181486
0.181784
0.182020
0.182172
0.182273
0.182324
0.182324
0.182273
0.182172
0.182020
0.181784
0.181486
0.181128
0.180710
0.180233
0.179655
0.178980
0.178237
0.177363
0.176388
0.175275
0.174044
0.172632
0.171081
0.174238
0.175634
0.176867
0.177992
0.178939
0.179817
0.180555
0.181211
0.181808
0.182294
0.182700
0.183056
0.183360
0.183614
0.183817
0.183970
0.184054
0.184093
0.184093
0.184054
0.183970
0.183817
0.183614
0.183360
0.183056
0.182700
0.182294
0.181808
0.181211
0.180555
0.179817
0.178939
0.177992
0.176867
0.175634
0.174238
0.176971
0.178223
0.179304
0.180281
0.181117
0.181893
0.182518
0.183077
0.183585
0.184032
0.184342
0.184613
0.184845
0.185039
0.185194
0.185310
0.185387
0.185426
0.185426
0.185387
0.185310
0.185194
0.185039
0.184845
0.184613
0.184342
0.184032
0.183585
0.183077
0.182518
0.181893
0.181117
0.180281
0.179304
0.178223
0.176971
0.179332
0.180425
0.181381
0.182235
0.182947
0.183607
0.184165
0.184591
0.184979
0.185327
0.185637
0.185908
0.000000
0.000000
0.000000
0.000000
0.000000
0.000000
0.000000
0.000000
0.000000
0.000000
0.000000
0.000000
0.185908
0.185637
0.185327
0.184979
0.184591
0.184165
0.183607
0.182947
0.182235
0.181381
0.180425
0.179332
0.181347
0.182308
0.183122
0.183884
0.184454
0.184958
0.185422
0.185849
0.000000
0.000000
0.000000
0.000000
0.000000
0.000000
0.098079
0.098873
0.099402
0.099667
0.099667
0.099402
0.098873
0.098079
0.000000
0.000000
0.000000
0.000000
0.000000
0.000000
0.185849
0.185422
0.184958
0.184454
0.183884
0.183122
0.182308
0.181347
0.183043
0.183907
0.184549
0.185131
0.185673
0.000000
0.000000
0.000000
0.000000
0.098474
0.100578
0.102382
0.103901
0.105142
0.106130
0.106856
0.107341
0.107583
0.107583
0.107341
0.106856
0.106130
0.105142
0.103901
0.102382
0.100578
0.098474
0.000000
0.000000
0.000000
0.000000
0.185673
0.185131
0.184549
0.183907
0.183043
0.184451
0.185110
0.185731
0.000000
0.000000
0.000000
0.098606
0.101486
0.104029
0.106253
0.108187
0.109845
0.111237
0.112386
0.113291
0.113970
0.114412
0.114633
0.114633
0.114412
0.113970
0.113291
0.112386
0.111237
0.109845
0.108187
0.106253
0.104029
0.101486
0.098606
0.000000
0.000000
0.000000
0.185731
0.185110
0.184451
0.185595
0.000000
0.000000
0.000000
0.099801
0.103148
0.106137
0.108785
0.111128
0.113185
0.114972
0.116508
0.117804
0.118863
0.119706
0.120330
0.120741
0.120946
0.120946
0.120741
0.120330
0.119706
0.118863
0.117804
0.116508
0.114972
0.113185
0.111128
0.108785
0.106137
0.103148
0.099801
0.000000
0.000000
0.000000
0.185595
0.000000
0.000000
0.099674
0.103534
0.106993
0.110094
0.112854
0.115313
0.117490
0.119400
0.121059
0.122485
0.123684
0.124663
0.125439
0.126020
0.126395
0.126582
0.126582
0.126395
0.126020
0.125439
0.124663
0.123684
0.122485
0.121059
0.119400
0.117490
0.115313
0.112854
0.110094
0.106993
0.103534
0.099674
0.000000
0.000000
0.098225
0.102656
0.106639
0.110221
0.113431
0.116314
0.118885
0.121175
0.123198
0.124968
0.126502
0.127813
0.128900
0.129800
0.130495
0.131010
0.131353
0.131525
0.131525
0.131353
0.131010
0.130495
0.129800
0.128900
0.127813
0.126502
0.124968
0.123198
0.121175
0.118885
0.116314
0.113431
0.110221
0.106639
0.102656
0.098225
0.105054
0.109172
0.112879
0.116219
0.119216
0.121910
0.124304
0.126423
0.128285
0.129905
0.131283
0.132458
0.133432
0.134228
0.134835
0.135291
0.135595
0.135747
0.135747
0.135595
0.135291
0.134835
0.134228
0.133432
0.132458
0.131283
0.129905
0.128285
0.126423
0.124304
0.121910
0.119216
0.116219
0.112879
0.109172
0.105054
0.111176
0.115023
0.118494
0.121618
0.124418
0.126909
0.129112
0.131042
0.132718
0.134168
0.135384
0.136415
0.137259
0.137963
0.138482
0.138869
0.139127
0.139256
0.139256
0.139127
0.138869
0.138482
0.137963
0.137259
0.136415
0.135384
0.134168
0.132718
0.131042
0.129112
0.126909
0.124418
0.121618
0.118494
0.115023
0.111176
0.116686
0.120300
0.123549
0.126459
0.129041
0.131319
0.133304
0.135021
0.136502
0.137769
0.138821
0.139724
0.140452
0.141037
0.141505
0.141856
0.142081
0.142186
0.142186
0.142081
0.141856
0.141505
0.141037
0.140452
0.139724
0.138821
0.137769
0.136502
0.135021
0.133304
0.131319
0.129041
0.126459
0.123549
0.120300
0.116686
0.121659
0.125040
0.128071
0.130738
0.133081
0.135117
0.136873
0.138387
0.139677
0.140761
0.141697
0.142465
0.143097
0.143624
0.144041
0.144325
0.144515
0.144610
0.144610
0.144515
0.144325
0.144041
0.143624
0.143097
0.142465
0.141697
0.140761
0.139677
0.138387
0.136873
0.135117
0.133081
0.130738
0.128071
0.125040
0.121659
0.126127
0.129265
0.132046
0.134453
0.136540
0.138341
0.139890
0.141188
0.142323
0.143272
0.144104
0.144767
0.145336
0.145809
0.146170
0.146427
0.146599
0.146684
0.146684
0.146599
0.146427
0.146170
0.145809
0.145336
0.144767
0.144104
0.143272
0.142323
0.141188
0.139890
0.138341
0.136540
0.134453
0.132046
0.129265
0.126127
0.130096
0.132963
0.135465
0.137619
0.139459
0.141031
0.142393
0.143554
0.144547
0.145400
0.146143
0.146743
0.147257
0.147685
0.148026
0.148262
0.148420
0.148498
0.148498
0.148420
0.148262
0.148026
0.147685
0.147257
0.146743
0.146143
0.145400
0.144547
0.143554
0.142393
0.141031
0.139459
0.137619
0.135465
0.132963
0.130096
0.133557
0.136161
0.138382
0.140290
0.141930
0.143309
0.144517
0.145559
0.146459
0.147230
0.147916
0.148474
0.148947
0.149341
0.149656
0.149893
0.150047
0.150122
0.150122
0.150047
0.149893
0.149656
0.149341
0.148947
0.148474
0.147916
0.147230
0.146459
0.145559
0.144517
0.143309
0.141930
0.140290
0.138382
0.136161
0.133557
0.136537
0.138857
0.140839
0.142537
0.144013
0.145246
0.146347
0.147291
0.148136
0.148845
0.149476
0.150026
0.150473
0.150845
0.151142
0.151365
0.151514
0.151589
0.151589
0.151514
0.151365
0.151142
0.150845
0.150473
0.150026
0.149476
0.148845
0.148136
0.147291
0.146347
0.145246
0.144013
0.142537
0.140839
0.138857
0.136537
0.139075
0.141154
0.142927
0.144459
0.145787
0.146923
0.147952
0.148823
0.149612
0.150303
0.150899
0.151420
0.151866
0.152233
0.152524
0.152743
0.152888
0.152961
0.152961
0.152888
0.152743
0.152524
0.152233
0.151866
0.151420
0.150899
0.150303
0.149612
0.148823
0.147952
0.146923
0.145787
0.144459
0.142927
0.141154
0.139075
0.141236
0.143108
0.144716
0.146127
0.147328
0.148408
0.149354
0.150209
0.150954
0.151624
0.152215
0.152724
0.153161
0.153525
0.153816
0.154035
0.154183
0.154256
0.154256
0.154183
0.154035
0.153816
0.153525
0.153161
0.152724
0.152215
0.151624
0.150954
0.150209
0.149354
0.148408
0.147328
0.146127
0.144716
0.143108
0.141236
0.143078
0.144785
0.146275
0.147563
0.148702
0.149728
0.150637
0.151456
0.152197
0.152852
0.153435
0.153944
0.154386
0.154756
0.155051
0.155272
0.155420
0.155494
0.155494
0.155420
0.155272
0.155051
0.154756
0.154386
0.153944
0.153435
0.152852
0.152197
0.151456
0.150637
0.149728
0.148702
0.147563
0.146275
0.144785
0.143078
0.144665
0.146253
0.147626
0.148840
0.149945
0.150917
0.151811
0.152616
0.153345
0.154000
0.154591
0.155108
0.155551
0.155920
0.156225
0.156457
0.156611
0.156688
0.156688
0.156611
0.156457
0.156225
0.155920
0.155551
0.155108
0.154591
0.154000
0.153345
0.152616
0.151811
0.150917
0.149945
0.148840
0.147626
0.146253
0.144665
0.146059
0.147519
0.148821
0.150005
0.151048
0.152017
0.152891
0.153693
0.154427
0.155092
0.155683
0.156209
0.156672
0.157058
0.157367
0.157598
0.157753
0.157830
0.157830
0.157753
0.157598
0.157367
0.157058
0.156672
0.156209
0.155683
0.155092
0.154427
0.153693
0.152891
0.152017
0.151048
0.150005
0.148821
0.147519
0.146059
0.147241
0.148645
0.149908
0.151032
0.152074
0.153022
0.153896
0.154708
0.155447
0.156117
0.156734
0.157275
0.157738
0.158131
0.158460
0.158706
0.158870
0.158952
0.158952
0.158870
0.158706
0.158460
0.158131
0.157738
0.157275
0.156734
0.156117
0.155447
0.154708
0.153896
0.153022
0.152074
0.151032
0.149908
0.148645
0.147241
0.148311
0.149654
0.150867
0.151986
0.153007
0.153955
0.154841
0.155654
0.156411
0.157106
0.157724
0.158281
0.158774
0.159184
0.159513
0.159759
0.159923
0.160006
0.160006
0.159923
0.159759
0.159513
0.159184
0.158774
0.158281
0.157724
0.157106
0.156411
0.155654
0.154841
0.153955
0.153007
0.151986
0.150867
0.149654
0.148311
0.149243
0.150553
0.151747
0.152847
0.153868
0.154827
0.155715
0.156552
0.157324
0.158020
0.158678
0.159253
0.159746
0.160167
0.160518
0.160781
0.160957
0.161045
0.161045
0.160957
0.160781
0.160518
0.160167
0.159746
0.159253
0.158678
0.158020
0.157324
0.156552
0.155715
0.154827
0.153868
0.152847
0.151747
0.150553
0.149243
0.150091
0.151360
0.152542
0.153636
0.154667
0.155628
0.156539
0.157389
0.158171
0.158911
0.159569
0.160154
0.160680
0.161119
0.161471
0.161734
0.161910
0.161997
0.161997
0.161910
0.161734
0.161471
0.161119
0.160680
0.160154
0.159569
0.158911
0.158171
0.157389
0.156539
0.155628
0.154667
0.153636
0.152542
0.151360
0.150091
0.150824
0.152091
0.153259
0.154358
0.155394
0.156372
0.157299
0.158159
0.158981
0.159721
0.160405
0.161019
0.161546
0.161985
0.162357
0.162636
0.162822
0.162915
0.162915
0.162822
0.162636
0.162357
0.161985
0.161546
0.161019
0.160405
0.159721
0.158981
0.158159
0.157299
0.156372
0.155394
0.154358
0.153259
0.152091
0.150824
0.151483
0.152736
0.153904
0.155013
0.156051
0.157056
0.157984
0.158888
0.159710
0.160481
0.161184
0.161799
0.162345
0.162811
0.163183
0.163462
0.163648
0.163742
0.163742
0.163648
0.163462
0.163183
0.162811
0.162345
0.161799
0.161184
0.160481
0.159710
0.158888
0.157984
0.157056
0.156051
0.155013
0.153904
0.152736
0.151483
0.152067
0.153309
0.154484
0.155594
0.156659
0.157664
0.158630
0.159535
0.160382
0.161173
0.161876
0.162521
0.163079
0.163545
0.163918
0.164205
0.164399
0.164496
0.164496
0.164399
0.164205
0.163918
0.163545
0.163079
0.162521
0.161876
0.161173
0.160382
0.159535
0.158630
0.157664
0.156659
0.155594
0.154484
0.153309
0.152067
0.152568
0.153810
0.154992
0.156108
0.157191
0.158209
0.159196
0.160109
0.160988
0.161779
0.162511
0.163163
0.163722
0.164196
0.164584
0.164875
0.165069
0.165166
0.165166
0.165069
0.164875
0.164584
0.164196
0.163722
0.163163
0.162511
0.161779
0.160988
0.160109
0.159196
0.158209
0.157191
0.156108
0.154992
0.153810
0.152568
0.152996
0.154242
0.155427
0.156563
0.157646
0.158694
0.159682
0.160627
0.161507
0.162316
0.163061
0.163714
0.164284
0.164769
0.165158
0.165449
0.165643
0.165740
0.165740
0.165643
0.165449
0.165158
0.164769
0.164284
0.163714
0.163061
0.162316
0.161507
0.160627
0.159682
0.158694
0.157646
0.156563
0.155427
0.154242
0.152996
0.153353
0.154604
0.155790
0.156941
0.158027
0.159097
0.160091
0.161059
0.161939
0.162774
0.163520
0.164179
0.164762
0.165247
0.165636
0.165927
0.166124
0.166222
0.166222
0.166124
0.165927
0.165636
0.165247
0.164762
0.164179
0.163520
0.162774
0.161939
0.161059
0.160091
0.159097
0.158027
0.156941
0.155790
0.154604
0.153353
0.153637
0.154892
0.156082
0.157244
0.158349
0.159420
0.160436
0.161404
0.162301
0.163140
0.163886
0.164561
0.165144
0.165630
0.166019
0.166315
0.166513
0.166612
0.166612
0.166513
0.166315
0.166019
0.165630
0.165144
0.164561
0.163886
0.163140
0.162301
0.161404
0.160436
0.159420
0.158349
0.157244
0.156082
0.154892
0.153637
0.153849
0.155108
0.156308
0.157470
0.158589
0.159661
0.160694
0.161662
0.162575
0.163414
0.164167
0.164847
0.165430
0.165916
0.166310
0.166607
0.166805
0.166904
0.166904
0.166805
0.166607
0.166310
0.165916
0.165430
0.164847
0.164167
0.163414
0.162575
0.161662
0.160694
0.159661
0.158589
0.157470
0.156308
0.155108
0.153849
0.153989
0.155250
0.156456
0.157619
0.158749
0.159820
0.160864
0.161833
0.162756
0.163596
0.164357
0.165037
0.165620
0.166108
0.166504
0.166801
0.166999
0.167098
0.167098
0.166999
0.166801
0.166504
0.166108
0.165620
0.165037
0.164357
0.163596
0.162756
0.161833
0.160864
0.159820
0.158749
0.157619
0.156456
0.155250
0.153989
0.154057
0.155319
0.156529
0.157691
0.158826
0.159898
0.160948
0.161917
0.162845
0.163686
0.164450
0.165131
0.165714
0.166204
0.166600
0.166897
0.167095
0.167194
0.167194
0.167095
0.166897
0.166600
0.166204
0.165714
0.165131
0.164450
0.163686
0.162845
0.161917
0.160948
0.159898
0.158826
0.157691
0.156529
0.155319
0.154057
0.154052
0.155314
0.156524
0.157687
0.158822
0.159894
0.160945
0.161914
0.162842
0.163683
0.164448
0.165128
0.165712
0.166202
0.166598
0.166895
0.167093
0.167192
0.167192
0.167093
0.166895
0.166598
0.166202
0.165712
0.165128
0.164448
0.163683
0.162842
0.161914
0.160945
0.159894
0.158822
0.157687
0.156524
0.155314
0.154052
0.153974
0.155236
0.156443
0.157606
0.158737
0.159809
0.160854
0.161823
0.162747
0.163587
0.164349
0.165030
0.165613
0.166102
0.166498
0.166795
0.166993
0.167092
0.167092
0.166993
0.166795
0.166498
0.166102
0.165613
0.165030
0.164349
0.163587
0.162747
0.161823
0.160854
0.159809
0.158737
0.157606
0.156443
0.155236
0.153974
0.153824
0.155084
0.156285
0.157449
0.158569
0.159642
0.160676
0.161645
0.162559
0.163400
0.164153
0.164834
0.165418
0.165905
0.166300
0.166597
0.166795
0.166894
0.166894
0.166795
0.166597
0.166300
0.165905
0.165418
0.164834
0.164153
0.163400
0.162559
0.161645
0.160676
0.159642
0.158569
0.157449
0.156285
0.155084
0.153824
0.153601
0.154859
0.156050
0.157214
0.158320
0.159393
0.160410
0.161380
0.162278
0.163119
0.163867
0.164543
0.165127
0.165614
0.166003
0.166300
0.166499
0.166598
0.166598
0.166499
0.166300
0.166003
0.165614
0.165127
0.164543
0.163867
0.163119
0.162278
0.161380
0.160410
0.159393
0.158320
0.157214
0.156050
0.154859
0.153601
0.153305
0.154559
0.155749
0.156902
0.157989
0.159062
0.160057
0.161027
0.161910
0.162746
0.163494
0.164154
0.164739
0.165226
0.165615
0.165907
0.166104
0.166203
0.166203
0.166104
0.165907
0.165615
0.165226
0.164739
0.164154
0.163494
0.162746
0.161910
0.161027
0.160057
0.159062
0.157989
0.156902
0.155749
0.154559
0.153305
0.152937
0.154187
0.155376
0.156513
0.157601
0.158649
0.159641
0.160587
0.161470
0.162280
0.163028
0.163683
0.164254
0.164741
0.165131
0.165423
0.165618
0.165715
0.165715
0.165618
0.165423
0.165131
0.164741
0.164254
0.163683
0.163028
0.162280
0.161470
0.160587
0.159641
0.158649
0.157601
0.156513
0.155376
0.154187
0.152937
0.152496
0.153743
0.154930
0.156047
0.157135
0.158154
0.159146
0.160059
0.160942
0.161736
0.162469
0.163124
0.163685
0.164159
0.164549
0.164842
0.165037
0.165134
0.165134
0.165037
0.164842
0.164549
0.164159
0.163685
0.163124
0.162469
0.161736
0.160942
0.160059
0.159146
0.158154
0.157135
0.156047
0.154930
0.153743
0.152496
0.151981
0.153229
0.154409
0.155525
0.156592
0.157603
0.158569
0.159479
0.160326
0.161121
0.161828
0.162472
0.163034
0.163502
0.163876
0.164164
0.164358
0.164456
0.164456
0.164358
0.164164
0.163876
0.163502
0.163034
0.162472
0.161828
0.161121
0.160326
0.159479
0.158569
0.157603
0.156592
0.155525
0.154409
0.153229
0.151981
0.151381
0.152643
0.153817
0.154931
0.155973
0.156983
0.157916
0.158820
0.159647
0.160418
0.161125
0.161743
0.162289
0.162758
0.163132
0.163413
0.163600
0.163694
0.163694
0.163600
0.163413
0.163132
0.162758
0.162289
0.161743
0.161125
0.160418
0.159647
0.158820
0.157916
0.156983
0.155973
0.154931
0.153817
0.152643
0.151381
0.150705
0.151982
0.153158
0.154263
0.155305
0.156285
0.157219
0.158079
0.158906
0.159651
0.160334
0.160952
0.161483
0.161925
0.162295
0.162576
0.162763
0.162856
0.162856
0.162763
0.162576
0.162295
0.161925
0.161483
0.160952
0.160334
0.159651
0.158906
0.158079
0.157219
0.156285
0.155305
0.154263
0.153158
0.151982
0.150705
0.149952
0.151232
0.152425
0.153527
0.154563
0.155532
0.156444
0.157300
0.158083
0.158828
0.159490
0.160074
0.160604
0.161046
0.161400
0.161665
0.161842
0.161930
0.161930
0.161842
0.161665
0.161400
0.161046
0.160604
0.160074
0.159490
0.158828
0.158083
0.157300
0.156444
0.155532
0.154563
0.153527
0.152425
0.151232
0.149952
0.149078
0.150408
0.151610
0.152722
0.153750
0.154716
0.155610
0.156448
0.157226
0.157927
0.158584
0.159164
0.159661
0.160080
0.160433
0.160699
0.160875
0.160964
0.160964
0.160875
0.160699
0.160433
0.160080
0.159661
0.159164
0.158584
0.157927
0.157226
0.156448
0.155610
0.154716
0.153750
0.152722
0.151610
0.150408
0.149078
0.148125
0.149479
0.150711
0.151839
0.152872
0.153828
0.154720
0.155539
0.156297
0.156998
0.157621
0.158176
0.158673
0.159087
0.159418
0.159667
0.159832
0.159915
0.159915
0.159832
0.159667
0.159418
0.159087
0.158673
0.158176
0.157621
0.156998
0.156297
0.155539
0.154720
0.153828
0.152872
0.151839
0.150711
0.149479
0.148125
0.147012
0.148446
0.149721
0.150865
0.151918
0.152876
0.153759
0.154575
0.155321
0.155992
0.156614
0.157159
0.157627
0.158017
0.158349
0.158597
0.158763
0.158845
0.158845
0.158763
0.158597
0.158349
0.158017
0.157627
0.157159
0.156614
0.155992
0.155321
0.154575
0.153759
0.152876
0.151918
0.150865
0.149721
0.148446
0.147012
0.145781
0.147276
0.148610
0.149805
0.150869
0.151848
0.152734
0.153543
0.154282
0.154954
0.155550
0.156076
0.156543
0.156932
0.157244
0.157478
0.157634
0.157711
0.157711
0.157634
0.157478
0.157244
0.156932
0.156543
0.156076
0.155550
0.154954
0.154282
0.153543
0.152734
0.151848
0.150869
0.149805
0.148610
0.147276
0.145781
0.144346
0.145977
0.147367
0.148614
0.149730
0.150724
0.151627
0.152445
0.153181
0.153843
0.154438
0.154960
0.155408
0.155781
0.156083
0.156316
0.156472
0.156550
0.156550
0.156472
0.156316
0.156083
0.155781
0.155408
0.154960
0.154438
0.153843
0.153181
0.152445
0.151627
0.150724
0.149730
0.148614
0.147367
0.145977
0.144346
0.142682
0.144447
0.145983
0.147286
0.148460
0.149497
0.150428
0.151257
0.152009
0.152672
0.153261
0.153776
0.154221
0.154594
0.154892
0.155116
0.155266
0.155340
0.155340
0.155266
0.155116
0.154892
0.154594
0.154221
0.153776
0.153261
0.152672
0.152009
0.151257
0.150428
0.149497
0.148460
0.147286
0.145983
0.144447
0.142682
0.140748
0.142688
0.144357
0.145797
0.147032
0.148147
0.149104
0.149982
0.150736
0.151414
0.152016
0.152532
0.152973
0.153342
0.153636
0.153857
0.154005
0.154079
0.154079
0.154005
0.153857
0.153636
0.153342
0.152973
0.152532
0.152016
0.151414
0.150736
0.149982
0.149104
0.148147
0.147032
0.145797
0.144357
0.142688
0.140748
0.138477
0.140636
0.142482
0.144076
0.145420
0.146605
0.147647
0.148553
0.149351
0.150065
0.150668
0.151195
0.151648
0.152024
0.152318
0.152539
0.152687
0.152760
0.152760
0.152687
0.152539
0.152318
0.152024
0.151648
0.151195
0.150668
0.150065
0.149351
0.148553
0.147647
0.146605
0.145420
0.144076
0.142482
0.140636
0.138477
0.135801
0.138224
0.140288
0.142062
0.143559
0.144852
0.146004
0.146960
0.147828
0.148561
0.149199
0.149758
0.150224
0.150601
0.150902
0.151128
0.151279
0.151354
0.151354
0.151279
0.151128
0.150902
0.150601
0.150224
0.149758
0.149199
0.148561
0.147828
0.146960
0.146004
0.144852
0.143559
0.142062
0.140288
0.138224
0.135801
0.132638
0.135348
0.137683
0.139674
0.141367
0.142820
0.144092
0.145149
0.146100
0.146882
0.147577
0.148170
0.148649
0.149048
0.149368
0.149607
0.149767
0.149847
0.149847
0.149767
0.149607
0.149368
0.149048
0.148649
0.148170
0.147577
0.146882
0.146100
0.145149
0.144092
0.142820
0.141367
0.139674
0.137683
0.135348
0.132638
0.128979
0.131990
0.134589
0.136837
0.138768
0.140427
0.141853
0.143044
0.144102
0.144967
0.145736
0.146370
0.146891
0.147326
0.147674
0.147934
0.148099
0.148179
0.148179
0.148099
0.147934
0.147674
0.147326
0.146891
0.146370
0.145736
0.144967
0.144102
0.143044
0.141853
0.140427
0.138768
0.136837
0.134589
0.131990
0.128979
0.124803
0.128078
0.130958
0.133488
0.135683
0.137565
0.139174
0.140558
0.141746
0.142734
0.143590
0.144305
0.144882
0.145363
0.145747
0.146032
0.146206
0.146293
0.146293
0.146206
0.146032
0.145747
0.145363
0.144882
0.144305
0.143590
0.142734
0.141746
0.140558
0.139174
0.137565
0.135683
0.133488
0.130958
0.128078
0.124803
0.120115
0.123624
0.126764
0.129557
0.132019
0.134153
0.136006
0.137580
0.138926
0.140096
0.141047
0.141879
0.142533
0.143068
0.143496
0.143817
0.144028
0.144124
0.144124
0.144028
0.143817
0.143496
0.143068
0.142533
0.141879
0.141047
0.140096
0.138926
0.137580
0.136006
0.134153
0.132019
0.129557
0.126764
0.123624
0.120115
0.114886
0.118633
0.122014
0.125033
0.127734
0.130118
0.132201
0.134015
0.135560
0.136881
0.138023
0.138941
0.139728
0.140348
0.140823
0.141180
0.141418
0.141537
0.141537
0.141418
0.141180
0.140823
0.140348
0.139728
0.138941
0.138023
0.136881
0.135560
0.134015
0.132201
0.130118
0.127734
0.125033
0.122014
0.118633
0.114886
0.109079
0.113082
0.116689
0.119940
0.122847
0.125447
0.127754
0.129777
0.131533
0.133045
0.134342
0.135424
0.136325
0.137041
0.137614
0.138040
0.138302
0.138433
0.138433
0.138302
0.138040
0.137614
0.137041
0.136325
0.135424
0.134342
0.133045
0.131533
0.129777
0.127754
0.125447
0.122847
0.119940
0.116689
0.113082
0.109079
0.102601
0.106903
0.110770
0.114250
0.117370
0.120172
0.122664
0.124877
0.126822
0.128517
0.129982
0.131205
0.132239
0.133065
0.133725
0.134207
0.134516
0.134671
0.134671
0.134516
0.134207
0.133725
0.133065
0.132239
0.131205
0.129982
0.128517
0.126822
0.124877
0.122664
0.120172
0.117370
0.114250
0.110770
0.106903
0.102601
0.000000
0.099998
0.104169
0.107913
0.111265
0.114273
0.116953
0.119341
0.121451
0.123299
0.124900
0.126273
0.127417
0.128356
0.129089
0.129639
0.130005
0.130179
0.130179
0.130005
0.129639
0.129089
0.128356
0.127417
0.126273
0.124900
0.123299
0.121451
0.119341
0.116953
0.114273
0.111265
0.107913
0.104169
0.099998
0.000000
0.000000
0.000000
0.000000
0.100815
0.104446
0.107691
0.110582
0.113151
0.115425
0.117419
0.119152
0.120639
0.121895
0.122917
0.123732
0.124332
0.124728
0.124925
0.124925
0.124728
0.124332
0.123732
0.122917
0.121895
0.120639
0.119152
0.117419
0.115425
0.113151
0.110582
0.107691
0.104446
0.100815
0.000000
0.000000
0.000000
0.185110
0.185782
0.000000
0.000000
0.000000
0.100314
0.103451
0.106237
0.108691
0.110846
0.112718
0.114325
0.115678
0.116786
0.117667
0.118320
0.118750
0.118964
0.118964
0.118750
0.118320
0.117667
0.116786
0.115678
0.114325
0.112718
0.110846
0.108691
0.106237
0.103451
0.100314
0.000000
0.000000
0.000000
0.185782
0.185110
0.183904
0.184599
0.185232
0.185826
0.000000
0.000000
0.000000
0.098460
0.101136
0.103481
0.105514
0.107255
0.108721
0.109929
0.110876
0.111584
0.112055
0.112286
0.112286
0.112055
0.111584
0.110876
0.109929
0.108721
0.107255
0.105514
0.103481
0.101136
0.098460
0.000000
0.000000
0.000000
0.185826
0.185232
0.184599
0.183904
