0.138537
0.140009
0.141267
0.142401
0.143392
0.144280
0.145043
0.145743
0.146342
0.146860
0.147320
0.147722
0.148062
0.148326
0.148537
0.148696
0.148801
0.148854
0.148854
0.148801
0.148696
0.148537
0.148326
0.148062
0.147722
0.147320
0.146860
0.146342
0.145743
0.145043
0.144280
0.143392
0.142401
0.141267
0.140009
0.138537
0.143294
0.144447
0.145465
0.146378
0.147184
0.147931
0.148571
0.149152
0.149680
0.150147
0.150546
0.150896
0.151195
0.151444
0.151644
0.151794
0.151893
0.151943
0.151943
0.151893
0.151794
0.151644
0.151444
0.151195
0.150896
0.150546
0.150147
0.149680
0.149152
0.148571
0.147931
0.147184
0.146378
0.145465
0.144447
0.143294
0.147048
0.148024
0.148869
0.149662
0.150380
0.151028
0.151627
0.152172
0.152660
0.153099
0.153489
0.153831
0.154125
0.154372
0.154570
0.154718
0.154817
0.154867
0.154867
0.154817
0.154718
0.154570
0.154372
0.154125
0.153831
0.153489
0.153099
0.152660
0.152172
0.151627
0.151028
0.150380
0.149662
0.148869
0.148024
0.147048
0.150213
0.151062
0.151860
0.152595
0.153278
0.153913
0.154505
0.155049
0.155544
0.155989
0.156401
0.156763
0.157073
0.157331
0.157538
0.157693
0.157796
0.157848
0.157848
0.157796
0.157693
0.157538
0.157331
0.157073
0.156763
0.156401
0.155989
0.155544
0.155049
0.154505
0.153913
0.153278
0.152595
0.151860
0.151062
0.150213
0.153068
0.153898
0.154688
0.155430
0.156128
0.156799
0.157419
0.157988
0.158536
0.159031
0.159471
0.159855
0.160198
0.160491
0.160726
0.160902
0.161019
0.161078
0.161078
0.161019
0.160902
0.160726
0.160491
0.160198
0.159855
0.159471
0.159031
0.158536
0.157988
0.157419
0.156799
0.156128
0.155430
0.154688
0.153898
0.153068
0.155861
0.156733
0.157560
0.158356
0.159126
0.159840
0.160534
0.161180
0.161767
0.162313
0.162811
0.163246
0.163619
0.163930
0.164187
0.164381
0.164511
0.164576
0.164576
0.164511
0.164381
0.164187
0.163930
0.163619
0.163246
0.162811
0.162313
0.161767
0.161180
0.160534
0.159840
0.159126
0.158356
0.157560
0.156733
0.155861
0.158781
0.159716
0.160636
0.161517
0.162359
0.163168
0.163915
0.164624
0.165272
0.165856
0.166381
0.166843
0.167239
0.167569
0.167833
0.168031
0.168162
0.168227
0.168227
0.168162
0.168031
0.167833
0.167569
0.167239
0.166843
0.166381
0.165856
0.165272
0.164624
0.163915
0.163168
0.162359
0.161517
0.160636
0.159716
0.158781
0.161914
0.162966
0.163962
0.164933
0.165841
0.166696
0.167488
0.168213
0.168868
0.169458
0.169982
0.170427
0.170809
0.171126
0.171380
0.171571
0.171698
0.171761
0.171761
0.171698
0.171571
0.171380
0.171126
0.170809
0.170427
0.169982
0.169458
0.168868
0.168213
0.167488
0.166696
0.165841
0.164933
0.163962
0.162966
0.161914
0.165308
0.166417
0.167474
0.168461
0.169379
0.170224
0.170986
0.171685
0.172303
0.172845
0.173326
0.173747
0.174101
0.174380
0.174603
0.174771
0.174883
0.174939
0.174939
0.174883
0.174771
0.174603
0.174380
0.174101
0.173747
0.173326
0.172845
0.172303
0.171685
0.170986
0.170224
0.169379
0.168461
0.167474
0.166417
0.165308
0.168775
0.169890
0.170910
0.171863
0.172713
0.173495
0.174202
0.174817
0.175376
0.175879
0.176298
0.176655
0.176962
0.177217
0.177421
0.177575
0.177677
0.177728
0.177728
0.177677
0.177575
0.177421
0.177217
0.176962
0.176655
0.176298
0.175879
0.175376
0.174817
0.174202
0.173495
0.172713
0.171863
0.170910
0.169890
0.168775
0.172100
0.173124
0.174081
0.174919
0.175702
0.176392
0.177005
0.177566
0.178069
0.178483
0.178851
0.179173
0.179449
0.179679
0.179862
0.180000
0.180082
0.180122
0.180122
0.180082
0.180000
0.179862
0.179679
0.179449
0.179173
0.178851
0.178483
0.178069
0.177566
0.177005
0.176392
0.175702
0.174919
0.174081
0.173124
0.172100
0.175078
0.176026
0.176843
0.177610
0.178293
0.178890
0.179442
0.179948
0.180360
0.180726
0.181051
0.181336
0.181579
0.181783
0.181945
0.182057
0.182126
0.182161
0.182161
0.182126
0.182057
0.181945
0.181783
0.181579
0.181336
0.181051
0.180726
0.180360
0.179948
0.179442
0.178890
0.178293
0.177610
0.176843
0.176026
0.175078
0.177705
0.178516
0.179252
0.179942
0.180518
0.181046
0.181534
0.181981
0.182329
0.182640
0.182917
0.183159
0.183366
0.183539
0.183677
0.183781
0.183850
0.183885
0.183885
0.183850
0.183781
0.183677
0.183539
0.183366
0.183159
0.182917
0.182640
0.182329
0.181981
0.181534
0.181046
0.180518
0.179942
0.179252
0.178516
0.177705
0.179983
0.180676
0.181326
0.181936
0.182429
0.182879
0.183294
0.183674
0.184015
0.184252
0.184463
0.184647
0.184805
0.184937
0.185043
0.185122
0.185174
0.185201
0.185201
0.185174
0.185122
0.185043
0.184937
0.184805
0.184647
0.184463
0.184252
0.184015
0.183674
0.183294
0.182879
0.182429
0.181936
0.181326
0.180676
0.179983
0.181932
0.182530
0.183083
0.183602
0.184065
0.184408
0.184724
0.185014
0.185278
0.185515
0.185726
0.185910
0.000000
0.000000
0.000000
0.000000
0.000000
0.000000
0.000000
0.000000
0.000000
0.000000
0.000000
0.000000
0.185910
0.185726
0.185515
0.185278
0.185014
0.184724
0.184408
0.184065
0.183602
0.183083
0.182530
0.181932
0.183564
0.184116
0.184538
0.184933
0.185302
0.185645
0.185962
0.000000
0.000000
0.000000
0.000000
0.000000
0.000000
0.000000
0.000000
0.000000
0.000000
0.000000
0.000000
0.000000
0.000000
0.000000
0.000000
0.000000
0.000000
0.000000
0.000000
0.000000
0.000000
0.185962
0.185645
0.185302
0.184933
0.184538
0.184116
0.183564
0.184879
0.185327
0.185749
0.000000
0.000000
0.000000
0.000000
0.000000
0.000000
0.099558
0.100977
0.102205
0.103238
0.104097
0.104771
0.105276
0.105613
0.105781
0.105781
0.105613
0.105276
0.104771
0.104097
0.103238
0.102205
0.100977
0.099558
0.000000
0.000000
0.000000
0.000000
0.000000
0.000000
0.185749
0.185327
0.184879
0.000000
0.000000
0.000000
0.000000
0.000000
0.100092
0.102201
0.104094
0.105779
0.107267
0.108571
0.109699
0.110650
0.111437
0.112065
0.112527
0.112834
0.112988
0.112988
0.112834
0.112527
0.112065
0.111437
0.110650
0.109699
0.108571
0.107267
0.105779
0.104094
0.102201
0.100092
0.000000
0.000000
0.000000
0.000000
0.000000
0.000000
0.000000
0.100443
0.103061
0.105441
0.107596
0.109538
0.111280
0.112835
0.114215
0.115417
0.116459
0.117340
0.118072
0.118645
0.119075
0.119362
0.119505
0.119505
0.119362
0.119075
0.118645
0.118072
0.117340
0.116459
0.115417
0.114215
0.112835
0.111280
0.109538
0.107596
0.105441
0.103061
0.100443
0.000000
0.000000
0.102200
0.105105
0.107762
0.110180
0.112376
0.114368
0.116168
0.117784
0.119222
0.120499
0.121617
0.122579
0.123394
0.124072
0.124599
0.124994
0.125258
0.125389
0.125389
0.125258
0.124994
0.124599
0.124072
0.123394
0.122579
0.121617
0.120499
0.119222
0.117784
0.116168
0.114368
0.112376
0.110180
0.107762
0.105105
0.102200
0.109221
0.111916
0.114372
0.116613
0.118654
0.120505
0.122177
0.123672
0.125000
0.126180
0.127199
0.128086
0.128820
0.129431
0.129920
0.130274
0.130507
0.130623
0.130623
0.130507
0.130274
0.129920
0.129431
0.128820
0.128086
0.127199
0.126180
0.125000
0.123672
0.122177
0.120505
0.118654
0.116613
0.114372
0.111916
0.109221
0.115581
0.118087
0.120371
0.122455
0.124348
0.126060
0.127588
0.128950
0.130164
0.131214
0.132139
0.132911
0.133573
0.134116
0.134529
0.134839
0.135045
0.135148
0.135148
0.135045
0.134839
0.134529
0.134116
0.133573
0.132911
0.132139
0.131214
0.130164
0.128950
0.127588
0.126060
0.124348
0.122455
0.120371
0.118087
0.115581
0.121358
0.123687
0.125807
0.127724
0.129448
0.130990
0.132368
0.133581
0.134641
0.135570
0.136367
0.137036
0.137610
0.138081
0.138431
0.138694
0.138869
0.138957
0.138957
0.138869
0.138694
0.138431
0.138081
0.137610
0.137036
0.136367
0.135570
0.134641
0.133581
0.132368
0.130990
0.129448
0.127724
0.125807
0.123687
0.121358
0.126588
0.128724
0.130649
0.132378
0.133922
0.135270
0.136472
0.137524
0.138440
0.139229
0.139930
0.140493
0.140969
0.141367
0.141685
0.141923
0.142074
0.142145
0.142145
0.142074
0.141923
0.141685
0.141367
0.140969
0.140493
0.139930
0.139229
0.138440
0.137524
0.136472
0.135270
0.133922
0.132378
0.130649
0.128724
0.126588
0.131244
0.133161
0.134867
0.136386
0.137726
0.138888
0.139940
0.140820
0.141615
0.142297
0.142870
0.143371
0.143800
0.144142
0.144399
0.144592
0.144721
0.144785
0.144785
0.144721
0.144592
0.144399
0.144142
0.143800
0.143371
0.142870
0.142297
0.141615
0.140820
0.139940
0.138888
0.137726
0.136386
0.134867
0.133161
0.131244
0.135292
0.136972
0.138461
0.139776
0.140909
0.141943
0.142808
0.143595
0.144279
0.144858
0.145373
0.145823
0.146189
0.146480
0.146713
0.146887
0.147003
0.147062
0.147062
0.147003
0.146887
0.146713
0.146480
0.146189
0.145823
0.145373
0.144858
0.144279
0.143595
0.142808
0.141943
0.140909
0.139776
0.138461
0.136972
0.135292
0.138735
0.140205
0.141477
0.142603
0.143606
0.144482
0.145254
0.145962
0.146547
0.147071
0.147536
0.147943
0.148269
0.148536
0.148750
0.148910
0.149017
0.149071
0.149071
0.149017
0.148910
0.148750
0.148536
0.148269
0.147943
0.147536
0.147071
0.146547
0.145962
0.145254
0.144482
0.143606
0.142603
0.141477
0.140205
0.138735
0.141648
0.142900
0.144042
0.145007
0.145908
0.146673
0.147371
0.148011
0.148545
0.149026
0.149454
0.149829
0.150141
0.150393
0.150595
0.150747
0.150848
0.150898
0.150898
0.150848
0.150747
0.150595
0.150393
0.150141
0.149829
0.149454
0.149026
0.148545
0.148011
0.147371
0.146673
0.145908
0.145007
0.144042
0.142900
0.141648
0.144117
0.145211
0.146218
0.147091
0.147906
0.148609
0.149250
0.149839
0.150353
0.150807
0.151211
0.151564
0.151867
0.152117
0.152315
0.152463
0.152561
0.152611
0.152611
0.152561
0.152463
0.152315
0.152117
0.151867
0.151564
0.151211
0.150807
0.150353
0.149839
0.149250
0.148609
0.147906
0.147091
0.146218
0.145211
0.144117
0.146229
0.147218
0.148137
0.148940
0.149689
0.150363
0.150969
0.151524
0.152029
0.152473
0.152868
0.153214
0.153510
0.153757
0.153954
0.154104
0.154204
0.154254
0.154254
0.154204
0.154104
0.153954
0.153757
0.153510
0.153214
0.152868
0.152473
0.152029
0.151524
0.150969
0.150363
0.149689
0.148940
0.148137
0.147218
0.146229
0.148095
0.149004
0.149860
0.150626
0.151333
0.151990
0.152583
0.153126
0.153620
0.154065
0.154465
0.154816
0.155116
0.155366
0.155567
0.155717
0.155817
0.155867
0.155867
0.155817
0.155717
0.155567
0.155366
0.155116
0.154816
0.154465
0.154065
0.153620
0.153126
0.152583
0.151990
0.151333
0.150626
0.149860
0.149004
0.148095
0.149765
0.150637
0.151446
0.152199
0.152890
0.153533
0.154127
0.154678
0.155178
0.155629
0.156031
0.156397
0.156711
0.156972
0.157181
0.157338
0.157443
0.157495
0.157495
0.157443
0.157338
0.157181
0.156972
0.156711
0.156397
0.156031
0.155629
0.155178
0.154678
0.154127
0.153533
0.152890
0.152199
0.151446
0.150637
0.149765
0.151306
0.152161
0.152952
0.153693
0.154390
0.155041
0.155642
0.156201
0.156724
0.157195
0.157613
0.157979
0.158312
0.158590
0.158813
0.158979
0.159091
0.159146
0.159146
0.159091
0.158979
0.158813
0.158590
0.158312
0.157979
0.157613
0.157195
0.156724
0.156201
0.155642
0.155041
0.154390
0.153693
0.152952
0.152161
0.151306
0.152767
0.153607
0.154403
0.155154
0.155855
0.156529
0.157157
0.157732
0.158272
0.158772
0.159217
0.159607
0.159941
0.160234
0.160472
0.160650
0.160769
0.160828
0.160828
0.160769
0.160650
0.160472
0.160234
0.159941
0.159607
0.159217
0.158772
0.158272
0.157732
0.157157
0.156529
0.155855
0.155154
0.154403
0.153607
0.152767
0.154166
0.155017
0.155819
0.156596
0.157328
0.158009
0.158677
0.159289
0.159846
0.160370
0.160846
0.161262
0.161619
0.161916
0.162163
0.162352
0.162478
0.162541
0.162541
0.162478
0.162352
0.162163
0.161916
0.161619
0.161262
0.160846
0.160370
0.159846
0.159289
0.158677
0.158009
0.157328
0.156596
0.155819
0.155017
0.154166
0.155533
0.156402
0.157239
0.158026
0.158805
0.159529
0.160210
0.160864
0.161459
0.161994
0.162498
0.162939
0.163317
0.163632
0.163884
0.164076
0.164207
0.164273
0.164273
0.164207
0.164076
0.163884
0.163632
0.163317
0.162939
0.162498
0.161994
0.161459
0.160864
0.160210
0.159529
0.158805
0.158026
0.157239
0.156402
0.155533
0.156888
0.157778
0.158655
0.159490
0.160288
0.161061
0.161775
0.162455
0.163085
0.163652
0.164163
0.164622
0.165016
0.165344
0.165607
0.165804
0.165935
0.166001
0.166001
0.165935
0.165804
0.165607
0.165344
0.165016
0.164622
0.164163
0.163652
0.163085
0.162455
0.161775
0.161061
0.160288
0.159490
0.158655
0.157778
0.156888
0.158227
0.159174
0.160069
0.160962
0.161795
0.162602
0.163358
0.164054
0.164710
0.165301
0.165826
0.166291
0.166692
0.167027
0.167294
0.167495
0.167628
0.167695
0.167695
0.167628
0.167495
0.167294
0.167027
0.166692
0.166291
0.165826
0.165301
0.164710
0.164054
0.163358
0.162602
0.161795
0.160962
0.160069
0.159174
0.158227
0.159582
0.160565
0.161517
0.162434
0.163317
0.164142
0.164930
0.165653
0.166315
0.166917
0.167452
0.167920
0.168319
0.168651
0.168916
0.169115
0.169248
0.169315
0.169315
0.169248
0.169115
0.168916
0.168651
0.168319
0.167920
0.167452
0.166917
0.166315
0.165653
0.164930
0.164142
0.163317
0.162434
0.161517
0.160565
0.159582
0.160943
0.161955
0.162961
0.163907
0.164823
0.165676
0.166473
0.167209
0.167878
0.168476
0.169008
0.169472
0.169871
0.170197
0.170454
0.170647
0.170776
0.170840
0.170840
0.170776
0.170647
0.170454
0.170197
0.169871
0.169472
0.169008
0.168476
0.167878
0.167209
0.166473
0.165676
0.164823
0.163907
0.162961
0.161955
0.160943
0.162290
0.163362
0.164387
0.165372
0.166298
0.167167
0.167970
0.168701
0.169365
0.169963
0.170479
0.170930
0.171316
0.171638
0.171895
0.172084
0.172206
0.172267
0.172267
0.172206
0.172084
0.171895
0.171638
0.171316
0.170930
0.170479
0.169963
0.169365
0.168701
0.167970
0.167167
0.166298
0.165372
0.164387
0.163362
0.162290
0.163638
0.164740
0.165792
0.166792
0.167728
0.168594
0.169391
0.170119
0.170762
0.171342
0.171857
0.172291
0.172657
0.172962
0.173206
0.173389
0.173511
0.173572
0.173572
0.173511
0.173389
0.173206
0.172962
0.172657
0.172291
0.171857
0.171342
0.170762
0.170119
0.169391
0.168594
0.167728
0.166792
0.165792
0.164740
0.163638
0.164963
0.166082
0.167153
0.168156
0.169086
0.169950
0.170724
0.171433
0.172073
0.172622
0.173109
0.173536
0.173902
0.174193
0.174419
0.174589
0.174702
0.174759
0.174759
0.174702
0.174589
0.174419
0.174193
0.173902
0.173536
0.173109
0.172622
0.172073
0.171433
0.170724
0.169950
0.169086
0.168156
0.167153
0.166082
0.164963
0.166243
0.167381
0.168449
0.169446
0.170365
0.171202
0.171975
0.172648
0.173258
0.173807
0.174274
0.174670
0.175010
0.175294
0.175520
0.175690
0.175804
0.175860
0.175860
0.175804
0.175690
0.175520
0.175294
0.175010
0.174670
0.174274
0.173807
0.173258
0.172648
0.171975
0.171202
0.170365
0.169446
0.168449
0.167381
0.166243
0.167476
0.168610
0.169674
0.170650
0.171552
0.172369
0.173101
0.173773
0.174356
0.174866
0.175319
0.175716
0.176051
0.176310
0.176517
0.176672
0.176776
0.176828
0.176828
0.176776
0.176672
0.176517
0.176310
0.176051
0.175716
0.175319
0.174866
0.174356
0.173773
0.173101
0.172369
0.171552
0.170650
0.169674
0.168610
0.167476
0.168639
0.169769
0.170807
0.171774
0.172640
0.173434
0.174154
0.174778
0.175345
0.175855
0.176282
0.176644
0.176955
0.177214
0.177421
0.177577
0.177680
0.177732
0.177732
0.177680
0.177577
0.177421
0.177214
0.176955
0.176644
0.176282
0.175855
0.175345
0.174778
0.174154
0.173434
0.172640
0.171774
0.170807
0.169769
0.168639
0.169732
0.170836
0.171868
0.172790
0.173645
0.174407
0.175088
0.175712
0.176254
0.176721
0.177135
0.177498
0.177808
0.178061
0.178247
0.178387
0.178480
0.178527
0.178527
0.178480
0.178387
0.178247
0.178061
0.177808
0.177498
0.177135
0.176721
0.176254
0.175712
0.175088
0.174407
0.173645
0.172790
0.171868
0.170836
0.169732
0.170737
0.171833
0.172819
0.173735
0.174548
0.175285
0.175966
0.176538
0.177056
0.177523
0.177937
0.178270
0.178550
0.178783
0.178969
0.179109
0.179203
0.179249
0.179249
0.179203
0.179109
0.178969
0.178783
0.178550
0.178270
0.177937
0.177523
0.177056
0.176538
0.175966
0.175285
0.174548
0.173735
0.172819
0.171833
0.170737
0.171670
0.172726
0.173703
0.174575
0.175369
0.176097
0.176719
0.177289
0.177808
0.178247
0.178620
0.178946
0.179226
0.179459
0.179646
0.179786
0.179879
0.179926
0.179926
0.179879
0.179786
0.179646
0.179459
0.179226
0.178946
0.178620
0.178247
0.177808
0.177289
0.176719
0.176097
0.175369
0.174575
0.173703
0.172726
0.171670
0.172511
0.173550
0.174490
0.175341
0.176123
0.176797
0.177419
0.177989
0.178457
0.178877
0.179250
0.179577
0.179857
0.180080
0.180244
0.180368
0.180451
0.180492
0.180492
0.180451
0.180368
0.180244
0.180080
0.179857
0.179577
0.179250
0.178877
0.178457
0.177989
0.177419
0.176797
0.176123
0.175341
0.174490
0.173550
0.172511
0.173275
0.174291
0.175199
0.176046
0.176772
0.177446
0.178061
0.178575
0.179041
0.179461
0.179835
0.180143
0.180390
0.180596
0.180761
0.180885
0.180967
0.181008
0.181008
0.180967
0.180885
0.180761
0.180596
0.180390
0.180143
0.179835
0.179461
0.179041
0.178575
0.178061
0.177446
0.176772
0.176046
0.175199
0.174291
0.173275
0.173978
0.174945
0.175853
0.176643
0.177369
0.178039
0.178599
0.179113
0.179580
0.180000
0.180330
0.180618
0.180866
0.181072
0.181237
0.181361
0.181443
0.181485
0.181485
0.181443
0.181361
0.181237
0.181072
0.180866
0.180618
0.180330
0.180000
0.179580
0.179113
0.178599
0.178039
0.177369
0.176643
0.175853
0.174945
0.173978
0.174577
0.175542
0.176412
0.177190
0.177916
0.178531
0.179091
0.179605
0.180064
0.180435
0.180765
0.181054
0.181301
0.181507
0.181673
0.181796
0.181879
0.181920
0.181920
0.181879
0.181796
0.181673
0.181507
0.181301
0.181054
0.180765
0.180435
0.180064
0.179605
0.179091
0.178531
0.177916
0.177190
0.176412
0.175542
0.174577
0.175118
0.176077
0.176907
0.177685
0.178370
0.178977
0.179538
0.180045
0.180458
0.180829
0.181159
0.181448
0.181696
0.181902
0.182057
0.182162
0.182233
0.182268
0.182268
0.182233
0.182162
0.182057
0.181902
0.181696
0.181448
0.181159
0.180829
0.180458
0.180045
0.179538
0.178977
0.178370
0.177685
0.176907
0.176077
0.175118
0.175604
0.176520
0.177350
0.178116
0.178770
0.179377
0.179938
0.180399
0.180812
0.181183
0.181513
0.181802
0.182042
0.182218
0.182358
0.182464
0.182534
0.182569
0.182569
0.182534
0.182464
0.182358
0.182218
0.182042
0.181802
0.181513
0.181183
0.180812
0.180399
0.179938
0.179377
0.178770
0.178116
0.177350
0.176520
0.175604
0.176030
0.176913
0.177743
0.178470
0.179124
0.179731
0.180258
0.180712
0.181125
0.181496
0.181826
0.182098
0.182309
0.182484
0.182625
0.182730
0.182800
0.182835
0.182835
0.182800
0.182730
0.182625
0.182484
0.182309
0.182098
0.181826
0.181496
0.181125
0.180712
0.180258
0.179731
0.179124
0.178470
0.177743
0.176913
0.176030
0.176371
0.177254
0.178076
0.178777
0.179431
0.180034
0.180530
0.180984
0.181397
0.181769
0.182084
0.182330
0.182541
0.182716
0.182857
0.182962
0.183032
0.183067
0.183067
0.183032
0.182962
0.182857
0.182716
0.182541
0.182330
0.182084
0.181769
0.181397
0.180984
0.180530
0.180034
0.179431
0.178777
0.178076
0.177254
0.176371
0.176661
0.177544
0.178337
0.179038
0.179693
0.180265
0.180761
0.181215
0.181628
0.182000
0.182281
0.182527
0.182738
0.182913
0.183054
0.183159
0.183229
0.183264
0.183264
0.183229
0.183159
0.183054
0.182913
0.182738
0.182527
0.182281
0.182000
0.181628
0.181215
0.180761
0.180265
0.179693
0.179038
0.178337
0.177544
0.176661
0.176900
0.177783
0.178552
0.179254
0.179908
0.180456
0.180952
0.181406
0.181819
0.182162
0.182443
0.182689
0.182900
0.183076
0.183216
0.183322
0.183392
0.183427
0.183427
0.183392
0.183322
0.183216
0.183076
0.182900
0.182689
0.182443
0.182162
0.181819
0.181406
0.180952
0.180456
0.179908
0.179254
0.178552
0.177783
0.176900
0.177087
0.177970
0.178721
0.179423
0.180068
0.180605
0.181101
0.181556
0.181969
0.182290
0.182571
0.182817
0.183028
0.183203
0.183344
0.183449
0.183520
0.183555
0.183555
0.183520
0.183449
0.183344
0.183203
0.183028
0.182817
0.182571
0.182290
0.181969
0.181556
0.181101
0.180605
0.180068
0.179423
0.178721
0.177970
0.177087
0.177223
0.178095
0.178844
0.179545
0.180177
0.180714
0.181210
0.181665
0.182066
0.182383
0.182664
0.182910
0.183121
0.183296
0.183437
0.183542
0.183613
0.183648
0.183648
0.183613
0.183542
0.183437
0.183296
0.183121
0.182910
0.182664
0.182383
0.182066
0.181665
0.181210
0.180714
0.180177
0.179545
0.178844
0.178095
0.177223
0.177307
0.178172
0.178920
0.179622
0.180245
0.180782
0.181278
0.181733
0.182124
0.182441
0.182722
0.182968
0.183179
0.183355
0.183495
0.183601
0.183671
0.183706
0.183706
0.183671
0.183601
0.183495
0.183355
0.183179
0.182968
0.182722
0.182441
0.182124
0.181733
0.181278
0.180782
0.180245
0.179622
0.178920
0.178172
0.177307
0.177340
0.178201
0.178950
0.179652
0.180271
0.180809
0.181305
0.181760
0.182147
0.182464
0.182745
0.182991
0.183202
0.183378
0.183519
0.183624
0.183694
0.183730
0.183730
0.183694
0.183624
0.183519
0.183378
0.183202
0.182991
0.182745
0.182464
0.182147
0.181760
0.181305
0.180809
0.180271
0.179652
0.178950
0.178201
0.177340
0.177322
0.178185
0.178934
0.179636
0.180257
0.180795
0.181291
0.181746
0.182136
0.182452
0.182734
0.182980
0.183191
0.183367
0.183507
0.183613
0.183683
0.183718
0.183718
0.183683
0.183613
0.183507
0.183367
0.183191
0.182980
0.182734
0.182452
0.182136
0.181746
0.181291
0.180795
0.180257
0.179636
0.178934
0.178185
0.177322
0.177252
0.178122
0.178871
0.179573
0.180202
0.180740
0.181236
0.181691
0.182089
0.182406
0.182687
0.182934
0.183145
0.183320
0.183461
0.183567
0.183637
0.183672
0.183672
0.183637
0.183567
0.183461
0.183320
0.183145
0.182934
0.182687
0.182406
0.182089
0.181691
0.181236
0.180740
0.180202
0.179573
0.178871
0.178122
0.177252
0.177130
0.178013
0.178762
0.179465
0.180106
0.180644
0.181141
0.181596
0.182008
0.182325
0.182606
0.182852
0.183063
0.183239
0.183380
0.183486
0.183556
0.183591
0.183591
0.183556
0.183486
0.183380
0.183239
0.183063
0.182852
0.182606
0.182325
0.182008
0.181596
0.181141
0.180644
0.180106
0.179465
0.178762
0.178013
0.177130
0.176957
0.177842
0.178607
0.179309
0.179965
0.180507
0.181004
0.181459
0.181873
0.182209
0.182490
0.182736
0.182948
0.183123
0.183264
0.183370
0.183440
0.183475
0.183475
0.183440
0.183370
0.183264
0.183123
0.182948
0.182736
0.182490
0.182209
0.181873
0.181459
0.181004
0.180507
0.179965
0.179309
0.178607
0.177842
0.176957
0.176732
0.177617
0.178405
0.179108
0.179763
0.180329
0.180826
0.181281
0.181695
0.182058
0.182339
0.182585
0.182797
0.182973
0.183113
0.183219
0.183289
0.183325
0.183325
0.183289
0.183219
0.183113
0.182973
0.182797
0.182585
0.182339
0.182058
0.181695
0.181281
0.180826
0.180329
0.179763
0.179108
0.178405
0.177617
0.176732
0.176456
0.177341
0.178157
0.178859
0.179515
0.180110
0.180607
0.181062
0.181476
0.181849
0.182153
0.182400
0.182611
0.182787
0.182928
0.183033
0.183104
0.183139
0.183139
0.183104
0.183033
0.182928
0.182787
0.182611
0.182400
0.182153
0.181849
0.181476
0.181062
0.180607
0.180110
0.179515
0.178859
0.178157
0.177341
0.176456
0.176128
0.177013
0.177846
0.178565
0.179221
0.179830
0.180347
0.180802
0.181216
0.181589
0.181921
0.182179
0.182390
0.182566
0.182707
0.182813
0.182883
0.182918
0.182918
0.182883
0.182813
0.182707
0.182566
0.182390
0.182179
0.181921
0.181589
0.181216
0.180802
0.180347
0.179830
0.179221
0.178565
0.177846
0.177013
0.176128
0.175725
0.176634
0.177467
0.178223
0.178880
0.179489
0.180046
0.180501
0.180915
0.181288
0.181620
0.181910
0.182135
0.182311
0.182451
0.182557
0.182628
0.182663
0.182663
0.182628
0.182557
0.182451
0.182311
0.182135
0.181910
0.181620
0.181288
0.180915
0.180501
0.180046
0.179489
0.178880
0.178223
0.177467
0.176634
0.175725
0.175253
0.176203
0.177036
0.177817
0.178492
0.179102
0.179664
0.180159
0.180573
0.180946
0.181278
0.181568
0.181816
0.182020
0.182161
0.182267
0.182337
0.182372
0.182372
0.182337
0.182267
0.182161
0.182020
0.181816
0.181568
0.181278
0.180946
0.180573
0.180159
0.179664
0.179102
0.178492
0.177817
0.177036
0.176203
0.175253
0.174724
0.175693
0.176553
0.177335
0.178058
0.178667
0.179230
0.179746
0.180190
0.180563
0.180895
0.181185
0.181433
0.181640
0.181806
0.181931
0.182011
0.182047
0.182047
0.182011
0.181931
0.181806
0.181640
0.181433
0.181185
0.180895
0.180563
0.180190
0.179746
0.179230
0.178667
0.178058
0.177335
0.176553
0.175693
0.174724
0.174138
0.175108
0.176019
0.176800
0.177530
0.178187
0.178750
0.179266
0.179735
0.180139
0.180470
0.180760
0.181009
0.181216
0.181382
0.181506
0.181589
0.181631
0.181631
0.181589
0.181506
0.181382
0.181216
0.181009
0.180760
0.180470
0.180139
0.179735
0.179266
0.178750
0.178187
0.177530
0.176800
0.176019
0.175108
0.174138
0.173457
0.174466
0.175379
0.176214
0.176944
0.177621
0.178222
0.178738
0.179208
0.179630
0.180005
0.180295
0.180544
0.180751
0.180917
0.181041
0.181124
0.181165
0.181165
0.181124
0.181041
0.180917
0.180751
0.180544
0.180295
0.180005
0.179630
0.179208
0.178738
0.178222
0.177621
0.176944
0.176214
0.175379
0.174466
0.173457
0.172704
0.173749
0.174680
0.175536
0.176306
0.176984
0.177609
0.178165
0.178634
0.179056
0.179432
0.179760
0.180037
0.180244
0.180410
0.180534
0.180617
0.180659
0.180659
0.180617
0.180534
0.180410
0.180244
0.180037
0.179760
0.179432
0.179056
0.178634
0.178165
0.177609
0.176984
0.176306
0.175536
0.174680
0.173749
0.172704
0.171884
0.172935
0.173919
0.174781
0.175580
0.176294
0.176920
0.177493
0.178013
0.178436
0.178811
0.179140
0.179421
0.179656
0.179844
0.179985
0.180070
0.180111
0.180111
0.180070
0.179985
0.179844
0.179656
0.179421
0.179140
0.178811
0.178436
0.178013
0.177493
0.176920
0.176294
0.175580
0.174781
0.173919
0.172935
0.171884
0.170960
0.172060
0.173044
0.173966
0.174768
0.175510
0.176178
0.176752
0.177273
0.177743
0.178144
0.178473
0.178755
0.178989
0.179177
0.179318
0.179412
0.179459
0.179459
0.179412
0.179318
0.179177
0.178989
0.178755
0.178473
0.178144
0.177743
0.177273
0.176752
0.176178
0.175510
0.174768
0.173966
0.173044
0.172060
0.170960
0.169971
0.171075
0.172108
0.173030
0.173891
0.174641
0.175326
0.175955
0.176480
0.176950
0.177367
0.177732
0.178041
0.178276
0.178463
0.178604
0.178698
0.178745
0.178745
0.178698
0.178604
0.178463
0.178276
0.178041
0.177732
0.177367
0.176950
0.176480
0.175955
0.175326
0.174641
0.173891
0.173030
0.172108
0.171075
0.169971
0.168884
0.170022
0.171061
0.172033
0.172894
0.173694
0.174401
0.175029
0.175600
0.176105
0.176522
0.176887
0.177200
0.177461
0.177670
0.177827
0.177931
0.177983
0.177983
0.177931
0.177827
0.177670
0.177461
0.177200
0.176887
0.176522
0.176105
0.175600
0.175029
0.174401
0.173694
0.172894
0.172033
0.171061
0.170022
0.168884
0.167728
0.168869
0.169942
0.170918
0.171827
0.172636
0.173374
0.174047
0.174618
0.175132
0.175589
0.175989
0.176303
0.176564
0.176773
0.176930
0.177034
0.177086
0.177086
0.177034
0.176930
0.176773
0.176564
0.176303
0.175989
0.175589
0.175132
0.174618
0.174047
0.173374
0.172636
0.171827
0.170918
0.169942
0.168869
0.167728
0.166498
0.167646
0.168721
0.169727
0.170645
0.171489
0.172254
0.172931
0.173547
0.174093
0.174550
0.174950
0.175293
0.175579
0.175808
0.175979
0.176085
0.176137
0.176137
0.176085
0.175979
0.175808
0.175579
0.175293
0.174950
0.174550
0.174093
0.173547
0.172931
0.172254
0.171489
0.170645
0.169727
0.168721
0.167646
0.166498
0.165216
0.166350
0.167430
0.168440
0.169379
0.170243
0.171022
0.171737
0.172366
0.172920
0.173412
0.173843
0.174197
0.174483
0.174712
0.174883
0.174998
0.175055
0.175055
0.174998
0.174883
0.174712
0.174483
0.174197
0.173843
0.173412
0.172920
0.172366
0.171737
0.171022
0.170243
0.169379
0.168440
0.167430
0.166350
0.165216
0.163881
0.165004
0.166066
0.167079
0.168025
0.168897
0.169701
0.170426
0.171075
0.171660
0.172171
0.172602
0.172971
0.173279
0.173525
0.173710
0.173833
0.173894
0.173894
0.173833
0.173710
0.173525
0.173279
0.172971
0.172602
0.172171
0.171660
0.171075
0.170426
0.169701
0.168897
0.168025
0.167079
0.166066
0.165004
0.163881
0.162531
0.163614
0.164659
0.165655
0.166594
0.167472
0.168281
0.169019
0.169690
0.170284
0.170804
0.171259
0.171650
0.171975
0.172222
0.172407
0.172530
0.172592
0.172592
0.172530
0.172407
0.172222
0.171975
0.171650
0.171259
0.170804
0.170284
0.169690
0.169019
0.168281
0.167472
0.166594
0.165655
0.164659
0.163614
0.162531
0.161167
0.162200
0.163220
0.164183
0.165112
0.165975
0.166785
0.167528
0.168203
0.168806
0.169343
0.169813
0.170209
0.170534
0.170794
0.170989
0.171119
0.171184
0.171184
0.171119
0.170989
0.170794
0.170534
0.170209
0.169813
0.169343
0.168806
0.168203
0.167528
0.166785
0.165975
0.165112
0.164183
0.163220
0.162200
0.161167
0.159787
0.160795
0.161757
0.162699
0.163591
0.164437
0.165233
0.165964
0.166639
0.167247
0.167788
0.168259
0.168662
0.168997
0.169266
0.169467
0.169601
0.169668
0.169668
0.169601
0.169467
0.169266
0.168997
0.168662
0.168259
0.167788
0.167247
0.166639
0.165964
0.165233
0.164437
0.163591
0.162699
0.161757
0.160795
0.159787
0.158426
0.159383
0.160303
0.161206
0.162051
0.162879
0.163644
0.164360
0.165024
0.165621
0.166155
0.166628
0.167034
0.167372
0.167642
0.167845
0.167980
0.168048
0.168048
0.167980
0.167845
0.167642
0.167372
0.167034
0.166628
0.166155
0.165621
0.165024
0.164360
0.163644
0.162879
0.162051
0.161206
0.160303
0.159383
0.158426
0.157067
0.157967
0.158866
0.159711
0.160534
0.161316
0.162041
0.162742
0.163379
0.163953
0.164483
0.164947
0.165346
0.165678
0.165944
0.166145
0.166281
0.166348
0.166348
0.166281
0.166145
0.165944
0.165678
0.165346
0.164947
0.164483
0.163953
0.163379
0.162742
0.162041
0.161316
0.160534
0.159711
0.158866
0.157967
0.157067
0.155694
0.156581
0.157429
0.158237
0.159026
0.159759
0.160464
0.161126
0.161728
0.162286
0.162796
0.163243
0.163625
0.163944
0.164207
0.164407
0.164540
0.164606
0.164606
0.164540
0.164407
0.164207
0.163944
0.163625
0.163243
0.162796
0.162286
0.161728
0.161126
0.160464
0.159759
0.159026
0.158237
0.157429
0.156581
0.155694
0.154316
0.155178
0.155990
0.156784
0.157526
0.158229
0.158905
0.159525
0.160095
0.160636
0.161118
0.161539
0.161900
0.162213
0.162469
0.162660
0.162787
0.162851
0.162851
0.162787
0.162660
0.162469
0.162213
0.161900
0.161539
0.161118
0.160636
0.160095
0.159525
0.158905
0.158229
0.157526
0.156784
0.155990
0.155178
0.154316
0.152902
0.153753
0.154562
0.155323
0.156035
0.156723
0.157359
0.157942
0.158502
0.159010
0.159461
0.159855
0.160207
0.160508
0.160749
0.160929
0.161050
0.161110
0.161110
0.161050
0.160929
0.160749
0.160508
0.160207
0.159855
0.159461
0.159010
0.158502
0.157942
0.157359
0.156723
0.156035
0.155323
0.154562
0.153753
0.152902
0.151429
0.152293
0.153094
0.153846
0.154554
0.155214
0.155823
0.156398
0.156928
0.157405
0.157829
0.158213
0.158551
0.158833
0.159059
0.159228
0.159341
0.159397
0.159397
0.159341
0.159228
0.159059
0.158833
0.158551
0.158213
0.157829
0.157405
0.156928
0.156398
0.155823
0.155214
0.154554
0.153846
0.153094
0.152293
0.151429
0.149878
0.150756
0.151575
0.152336
0.153037
0.153688
0.154293
0.154851
0.155359
0.155816
0.156232
0.156603
0.156921
0.157186
0.157398
0.157557
0.157663
0.157716
0.157716
0.157663
0.157557
0.157398
0.157186
0.156921
0.156603
0.156232
0.155816
0.155359
0.154851
0.154293
0.153688
0.153037
0.152336
0.151575
0.150756
0.149878
0.148187
0.149110
0.149978
0.150748
0.151465
0.152129
0.152730
0.153281
0.153782
0.154236
0.154642
0.154997
0.155302
0.155556
0.155759
0.155911
0.156013
0.156066
0.156066
0.156013
0.155911
0.155759
0.155556
0.155302
0.154997
0.154642
0.154236
0.153782
0.153281
0.152730
0.152129
0.151465
0.150748
0.149978
0.149110
0.148187
0.146305
0.147309
0.148233
0.149048
0.149808
0.150485
0.151100
0.151663
0.152172
0.152623
0.153024
0.153375
0.153675
0.153926
0.154128
0.154280
0.154382
0.154433
0.154433
0.154382
0.154280
0.154128
0.153926
0.153675
0.153375
0.153024
0.152623
0.152172
0.151663
0.151100
0.150485
0.149808
0.149048
0.148233
0.147309
0.146305
0.144171
0.145282
0.146296
0.147182
0.148009
0.148715
0.149366
0.149963
0.150478
0.150939
0.151350
0.151708
0.152016
0.152266
0.152467
0.152617
0.152717
0.152767
0.152767
0.152717
0.152617
0.152467
0.152266
0.152016
0.151708
0.151350
0.150939
0.150478
0.149963
0.149366
0.148715
0.148009
0.147182
0.146296
0.145282
0.144171
0.141674
0.142943
0.144096
0.145077
0.145992
0.146761
0.147470
0.148110
0.148653
0.149142
0.149577
0.149957
0.150267
0.150523
0.150728
0.150882
0.150985
0.151036
0.151036
0.150985
0.150882
0.150728
0.150523
0.150267
0.149957
0.149577
0.149142
0.148653
0.148110
0.147470
0.146761
0.145992
0.145077
0.144096
0.142943
0.141674
0.138715
0.140208
0.141501
0.142642
0.143661
0.144545
0.145330
0.146044
0.146635
0.147167
0.147640
0.148050
0.148376
0.148647
0.148864
0.149027
0.149136
0.149190
0.149190
0.149136
0.149027
0.148864
0.148647
0.148376
0.148050
0.147640
0.147167
0.146635
0.146044
0.145330
0.144545
0.143661
0.142642
0.141501
0.140208
0.138715
0.135206
0.136918
0.138435
0.139772
0.140925
0.141975
0.142851
0.143652
0.144341
0.144929
0.145453
0.145910
0.146274
0.146569
0.146806
0.146983
0.147101
0.147161
0.147161
0.147101
0.146983
0.146806
0.146569
0.146274
0.145910
0.145453
0.144929
0.144341
0.143652
0.142851
0.141975
0.140925
0.139772
0.138435
0.136918
0.135206
0.131069
0.133028
0.134771
0.136321
0.137684
0.138869
0.139939
0.140834
0.141642
0.142333
0.142915
0.143425
0.143862
0.144203
0.144464
0.144661
0.144791
0.144857
0.144857
0.144791
0.144661
0.144464
0.144203
0.143862
0.143425
0.142915
0.142333
0.141642
0.140834
0.139939
0.138869
0.137684
0.136321
0.134771
0.133028
0.131069
0.126307
0.128490
0.130460
0.132227
0.133799
0.135178
0.136407
0.137477
0.138413
0.139215
0.139929
0.140501
0.140986
0.141391
0.141714
0.141957
0.142107
0.142179
0.142179
0.142107
0.141957
0.141714
0.141391
0.140986
0.140501
0.139929
0.139215
0.138413
0.137477
0.136407
0.135178
0.133799
0.132227
0.130460
0.128490
0.126307
0.120943
0.123326
0.125494
0.127456
0.129221
0.130801
0.132214
0.133449
0.134535
0.135481
0.136298
0.136980
0.137564
0.138046
0.138403
0.138671
0.138849
0.138938
0.138938
0.138849
0.138671
0.138403
0.138046
0.137564
0.136980
0.136298
0.135481
0.134535
0.133449
0.132214
0.130801
0.129221
0.127456
0.125494
0.123326
0.120943
0.115013
0.117580
0.119926
0.122062
0.124000
0.125746
0.127311
0.128708
0.129954
0.131025
0.131975
0.132762
0.133436
0.133998
0.134418
0.134734
0.134944
0.135049
0.135049
0.134944
0.134734
0.134418
0.133998
0.133436
0.132762
0.131975
0.131025
0.129954
0.128708
0.127311
0.125746
0.124000
0.122062
0.119926
0.117580
0.115013
0.108472
0.111235
0.113761
0.116064
0.118155
0.120053
0.121762
0.123292
0.124656
0.125865
0.126907
0.127815
0.128570
0.129193
0.129691
0.130062
0.130300
0.130418
0.130418
0.130300
0.130062
0.129691
0.129193
0.128570
0.127815
0.126907
0.125865
0.124656
0.123292
0.121762
0.120053
0.118155
0.116064
0.113761
0.111235
0.108472
0.101223
0.104221
0.106949
0.109436
0.111696
0.113742
0.115587
0.117244
0.118723
0.120037
0.121176
0.122168
0.122999
0.123692
0.124239
0.124642
0.124911
0.125045
0.125045
0.124911
0.124642
0.124239
0.123692
0.122999
0.122168
0.121176
0.120037
0.118723
0.117244
0.115587
0.113742
0.111696
0.109436
0.106949
0.104221
0.101223
0.000000
0.000000
0.099390
0.102096
0.104544
0.106760
0.108759
0.110553
0.112155
0.113567
0.114804
0.115877
0.116778
0.117527
0.118123
0.118561
0.118854
0.119000
0.119000
0.118854
0.118561
0.118123
0.117527
0.116778
0.115877
0.114804
0.113567
0.112155
0.110553
0.108759
0.106760
0.104544
0.102096
0.099390
0.000000
0.000000
0.185864
0.000000
0.000000
0.000000
0.000000
0.099000
0.101178
0.103129
0.104867
0.106405
0.107750
0.108905
0.109891
0.110697
0.111339
0.111821
0.112139
0.112296
0.112296
0.112139
0.111821
0.111339
0.110697
0.109891
0.108905
0.107750
0.106405
0.104867
0.103129
0.101178
0.099000
0.000000
0.000000
0.000000
0.000000
0.185864
