0.149841
0.151015
0.152110
0.153115
0.154054
0.154937
0.155752
0.156521
0.157231
0.157870
0.158465
0.158993
0.159446
0.159824
0.160134
0.160376
0.160537
0.160618
0.160618
0.160537
0.160376
0.160134
0.159824
0.159446
0.158993
0.158465
0.157870
0.157231
0.156521
0.155752
0.154937
0.154054
0.153115
0.152110
0.151015
0.149841
0.153605
0.154755
0.155842
0.156900
0.157894
0.158868
0.159774
0.160646
0.161452
0.162189
0.162873
0.163471
0.163984
0.164428
0.164784
0.165051
0.165229
0.165318
0.165318
0.165229
0.165051
0.164784
0.164428
0.163984
0.163471
0.162873
0.162189
0.161452
0.160646
0.159774
0.158868
0.157894
0.156900
0.155842
0.154755
0.153605
0.157351
0.158593
0.159801
0.160998
0.162135
0.163246
0.164283
0.165263
0.166156
0.166972
0.167697
0.168330
0.168870
0.169320
0.169680
0.169950
0.170126
0.170214
0.170214
0.170126
0.169950
0.169680
0.169320
0.168870
0.168330
0.167697
0.166972
0.166156
0.165263
0.164283
0.163246
0.162135
0.160998
0.159801
0.158593
0.157351
0.161431
0.162851
0.164228
0.165564
0.166826
0.168005
0.169086
0.170074
0.170947
0.171733
0.172408
0.172987
0.173483
0.173896
0.174211
0.174441
0.174595
0.174671
0.174671
0.174595
0.174441
0.174211
0.173896
0.173483
0.172987
0.172408
0.171733
0.170947
0.170074
0.169086
0.168005
0.166826
0.165564
0.164228
0.162851
0.161431
0.165956
0.167498
0.168943
0.170285
0.171507
0.172608
0.173601
0.174474
0.175242
0.175933
0.176501
0.176992
0.177413
0.177764
0.178040
0.178230
0.178356
0.178419
0.178419
0.178356
0.178230
0.178040
0.177764
0.177413
0.176992
0.176501
0.175933
0.175242
0.174474
0.173601
0.172608
0.171507
0.170285
0.168943
0.167498
0.165956
0.170584
0.172065
0.173389
0.174585
0.175660
0.176602
0.177445
0.178195
0.178827
0.179396
0.179901
0.180304
0.180639
0.180918
0.181141
0.181309
0.181421
0.181476
0.181476
0.181421
0.181309
0.181141
0.180918
0.180639
0.180304
0.179901
0.179396
0.178827
0.178195
0.177445
0.176602
0.175660
0.174585
0.173389
0.172065
0.170584
0.174773
0.176073
0.177196
0.178224
0.179109
0.179931
0.180609
0.181224
0.181783
0.182243
0.182623
0.182955
0.183240
0.183478
0.183668
0.183810
0.183905
0.183953
0.183953
0.183905
0.183810
0.183668
0.183478
0.183240
0.182955
0.182623
0.182243
0.181783
0.181224
0.180609
0.179931
0.179109
0.178224
0.177196
0.176073
0.174773
0.178318
0.179393
0.180357
0.181195
0.181978
0.182599
0.183169
0.183692
0.184127
0.184453
0.184743
0.184997
0.185214
0.185395
0.185540
0.185649
0.185721
0.185757
0.185757
0.185721
0.185649
0.185540
0.185395
0.185214
0.184997
0.184743
0.184453
0.184127
0.183692
0.183169
0.182599
0.181978
0.181195
0.180357
0.179393
0.178318
0.181223
0.182148
0.182908
0.183621
0.184218
0.184689
0.185124
0.185523
0.185885
0.000000
0.000000
0.000000
0.000000
0.000000
0.000000
0.000000
0.000000
0.000000
0.000000
0.000000
0.000000
0.000000
0.000000
0.000000
0.000000
0.000000
0.000000
0.185885
0.185523
0.185124
0.184689
0.184218
0.183621
0.182908
0.182148
0.181223
0.183598
0.184310
0.184890
0.185434
0.185941
0.000000
0.000000
0.000000
0.000000
0.099360
0.101311
0.102984
0.104396
0.105555
0.106470
0.107150
0.107603
0.107829
0.107829
0.107603
0.107150
0.106470
0.105555
0.104396
0.102984
0.101311
0.099360
0.000000
0.000000
0.000000
0.000000
0.185941
0.185434
0.184890
0.184310
0.183598
0.185381
0.185998
0.000000
0.000000
0.000000
0.100481
0.103357
0.105920
0.108183
0.110172
0.111904
0.113387
0.114642
0.115675
0.116491
0.117096
0.117500
0.117702
0.117702
0.117500
0.117096
0.116491
0.115675
0.114642
0.113387
0.111904
0.110172
0.108183
0.105920
0.103357
0.100481
0.000000
0.000000
0.000000
0.185998
0.185381
0.000000
0.000000
0.101349
0.104897
0.108092
0.110951
0.113514
0.115800
0.117824
0.119602
0.121150
0.122481
0.123603
0.124521
0.125246
0.125790
0.126147
0.126322
0.126322
0.126147
0.125790
0.125246
0.124521
0.123603
0.122481
0.121150
0.119602
0.117824
0.115800
0.113514
0.110951
0.108092
0.104897
0.101349
0.000000
0.000000
0.104108
0.108004
0.111515
0.114685
0.117544
0.120115
0.122410
0.124453
0.126257
0.127833
0.129185
0.130346
0.131308
0.132104
0.132711
0.133166
0.133469
0.133621
0.133621
0.133469
0.133166
0.132711
0.132104
0.131308
0.130346
0.129185
0.127833
0.126257
0.124453
0.122410
0.120115
0.117544
0.114685
0.111515
0.108004
0.104108
0.113773
0.117266
0.120428
0.123277
0.125838
0.128116
0.130128
0.131893
0.133416
0.134732
0.135868
0.136799
0.137588
0.138225
0.138707
0.139069
0.139310
0.139430
0.139430
0.139310
0.139069
0.138707
0.138225
0.137588
0.136799
0.135868
0.134732
0.133416
0.131893
0.130128
0.128116
0.125838
0.123277
0.120428
0.117266
0.113773
0.122274
0.125411
0.128225
0.130715
0.132909
0.134826
0.136492
0.137939
0.139150
0.140213
0.141088
0.141853
0.142458
0.142950
0.143344
0.143640
0.143836
0.143935
0.143935
0.143836
0.143640
0.143344
0.142950
0.142458
0.141853
0.141088
0.140213
0.139150
0.137939
0.136492
0.134826
0.132909
0.130715
0.128225
0.125411
0.122274
0.129683
0.132404
0.134780
0.136844
0.138629
0.140179
0.141491
0.142625
0.143610
0.144446
0.145154
0.145773
0.146275
0.146675
0.146995
0.147235
0.147395
0.147475
0.147475
0.147395
0.147235
0.146995
0.146675
0.146275
0.145773
0.145154
0.144446
0.143610
0.142625
0.141491
0.140179
0.138629
0.136844
0.134780
0.132404
0.129683
0.135872
0.138110
0.140036
0.141677
0.143088
0.144331
0.145394
0.146332
0.147133
0.147853
0.148453
0.148968
0.149410
0.149777
0.150068
0.150276
0.150415
0.150484
0.150484
0.150415
0.150276
0.150068
0.149777
0.149410
0.148968
0.148453
0.147853
0.147133
0.146332
0.145394
0.144331
0.143088
0.141677
0.140036
0.138110
0.135872
0.140770
0.142567
0.144129
0.145458
0.146631
0.147671
0.148581
0.149390
0.150119
0.150744
0.151300
0.151787
0.152199
0.152538
0.152810
0.153014
0.153150
0.153218
0.153218
0.153150
0.153014
0.152810
0.152538
0.152199
0.151787
0.151300
0.150744
0.150119
0.149390
0.148581
0.147671
0.146631
0.145458
0.144129
0.142567
0.140770
0.144637
0.146129
0.147410
0.148562
0.149593
0.150519
0.151353
0.152115
0.152794
0.153406
0.153949
0.154430
0.154844
0.155188
0.155464
0.155670
0.155808
0.155877
0.155877
0.155808
0.155670
0.155464
0.155188
0.154844
0.154430
0.153949
0.153406
0.152794
0.152115
0.151353
0.150519
0.149593
0.148562
0.147410
0.146129
0.144637
0.147791
0.149060
0.150224
0.151267
0.152235
0.153118
0.153934
0.154691
0.155380
0.156000
0.156576
0.157079
0.157511
0.157871
0.158169
0.158399
0.158552
0.158628
0.158628
0.158552
0.158399
0.158169
0.157871
0.157511
0.157079
0.156576
0.156000
0.155380
0.154691
0.153934
0.153118
0.152235
0.151267
0.150224
0.149060
0.147791
0.150487
0.151669
0.152764
0.153784
0.154745
0.155641
0.156489
0.157281
0.158001
0.158690
0.159303
0.159839
0.160318
0.160727
0.161054
0.161300
0.161463
0.161545
0.161545
0.161463
0.161300
0.161054
0.160727
0.160318
0.159839
0.159303
0.158690
0.158001
0.157281
0.156489
0.155641
0.154745
0.153784
0.152764
0.151669
0.150487
0.152954
0.154111
0.155214
0.156259
0.157268
0.158217
0.159136
0.159978
0.160795
0.161531
0.162197
0.162804
0.163324
0.163758
0.164109
0.164380
0.164560
0.164650
0.164650
0.164560
0.164380
0.164109
0.163758
0.163324
0.162804
0.162197
0.161531
0.160795
0.159978
0.159136
0.158217
0.157268
0.156259
0.155214
0.154111
0.152954
0.155339
0.156534
0.157687
0.158816
0.159889
0.160945
0.161927
0.162877
0.163744
0.164547
0.165269
0.165902
0.166452
0.166912
0.167280
0.167556
0.167740
0.167832
0.167832
0.167740
0.167556
0.167280
0.166912
0.166452
0.165902
0.165269
0.164547
0.163744
0.162877
0.161927
0.160945
0.159889
0.158816
0.157687
0.156534
0.155339
0.157747
0.159034
0.160278
0.161506
0.162691
0.163819
0.164895
0.165889
0.166808
0.167636
0.168369
0.169009
0.169557
0.170014
0.170368
0.170633
0.170811
0.170899
0.170899
0.170811
0.170633
0.170368
0.170014
0.169557
0.169009
0.168369
0.167636
0.166808
0.165889
0.164895
0.163819
0.162691
0.161506
0.160278
0.159034
0.157747
0.160266
0.161658
0.163026
0.164341
0.165607
0.166796
0.167901
0.168907
0.169821
0.170624
0.171332
0.171952
0.172458
0.172878
0.173213
0.173465
0.173633
0.173717
0.173717
0.173633
0.173465
0.173213
0.172878
0.172458
0.171952
0.171332
0.170624
0.169821
0.168907
0.167901
0.166796
0.165607
0.164341
0.163026
0.161658
0.160266
0.162928
0.164421
0.165868
0.167246
0.168532
0.169720
0.170792
0.171767
0.172618
0.173374
0.174042
0.174588
0.175055
0.175445
0.175757
0.175991
0.176134
0.176205
0.176205
0.176134
0.175991
0.175757
0.175445
0.175055
0.174588
0.174042
0.173374
0.172618
0.171767
0.170792
0.169720
0.168532
0.167246
0.165868
0.164421
0.162928
0.165677
0.167237
0.168706
0.170075
0.171316
0.172444
0.173451
0.174348
0.175128
0.175829
0.176414
0.176913
0.177340
0.177696
0.177981
0.178176
0.178304
0.178368
0.178368
0.178304
0.178176
0.177981
0.177696
0.177340
0.176913
0.176414
0.175829
0.175128
0.174348
0.173451
0.172444
0.171316
0.170075
0.168706
0.167237
0.165677
0.168423
0.169979
0.171398
0.172689
0.173865
0.174889
0.175825
0.176624
0.177336
0.177978
0.178493
0.178942
0.179327
0.179648
0.179905
0.180086
0.180199
0.180256
0.180256
0.180199
0.180086
0.179905
0.179648
0.179327
0.178942
0.178493
0.177978
0.177336
0.176624
0.175825
0.174889
0.173865
0.172689
0.171398
0.169979
0.168423
0.171037
0.172516
0.173860
0.175040
0.176121
0.177048
0.177904
0.178619
0.179261
0.179838
0.180311
0.180708
0.181048
0.181331
0.181558
0.181728
0.181842
0.181899
0.181899
0.181842
0.181728
0.181558
0.181331
0.181048
0.180708
0.180311
0.179838
0.179261
0.178619
0.177904
0.177048
0.176121
0.175040
0.173860
0.172516
0.171037
0.173436
0.174803
0.176047
0.177117
0.178104
0.178938
0.179708
0.180366
0.180934
0.181444
0.181898
0.182251
0.182540
0.182782
0.182974
0.183119
0.183216
0.183264
0.183264
0.183216
0.183119
0.182974
0.182782
0.182540
0.182251
0.181898
0.181444
0.180934
0.180366
0.179708
0.178938
0.178104
0.177117
0.176047
0.174803
0.173436
0.175581
0.176830
0.177971
0.178937
0.179836
0.180593
0.181274
0.181898
0.182396
0.182830
0.183216
0.183554
0.183843
0.184065
0.184212
0.184322
0.184396
0.184432
0.184432
0.184396
0.184322
0.184212
0.184065
0.183843
0.183554
0.183216
0.182830
0.182396
0.181898
0.181274
0.180593
0.179836
0.178937
0.177971
0.176830
0.175581
0.177471
0.178615
0.179643
0.180536
0.181331
0.182058
0.182638
0.183169
0.183651
0.184065
0.184360
0.184617
0.184838
0.185022
0.185169
0.185280
0.185353
0.185390
0.185390
0.185353
0.185280
0.185169
0.185022
0.184838
0.184617
0.184360
0.184065
0.183651
0.183169
0.182638
0.182058
0.181331
0.180536
0.179643
0.178615
0.177471
0.179130
0.180196
0.181104
0.181956
0.182639
0.183266
0.183846
0.184287
0.184656
0.184987
0.185281
0.185539
0.185760
0.185944
0.000000
0.000000
0.000000
0.000000
0.000000
0.000000
0.000000
0.000000
0.185944
0.185760
0.185539
0.185281
0.184987
0.184656
0.184287
0.183846
0.183266
0.182639
0.181956
0.181104
0.180196
0.179130
0.180595
0.181560
0.182399
0.183123
0.183800
0.184326
0.184768
0.185173
0.185541
0.185873
0.000000
0.000000
0.000000
0.000000
0.000000
0.000000
0.000000
0.000000
0.000000
0.000000
0.000000
0.000000
0.000000
0.000000
0.000000
0.000000
0.185873
0.185541
0.185173
0.184768
0.184326
0.183800
0.183123
0.182399
0.181560
0.180595
0.181903
0.182739
0.183512
0.184181
0.184696
0.185175
0.185617
0.000000
0.000000
0.000000
0.000000
0.000000
0.000000
0.000000
0.098625
0.099380
0.099883
0.100131
0.100131
0.099883
0.099380
0.098625
0.000000
0.000000
0.000000
0.000000
0.000000
0.000000
0.000000
0.185617
0.185175
0.184696
0.184181
0.183512
0.182739
0.181903
0.182983
0.183805
0.184441
0.184993
0.185509
0.185988
0.000000
0.000000
0.000000
0.000000
0.098649
0.100401
0.101878
0.103084
0.104046
0.104752
0.105223
0.105459
0.105459
0.105223
0.104752
0.104046
0.103084
0.101878
0.100401
0.098649
0.000000
0.000000
0.000000
0.000000
0.185988
0.185509
0.184993
0.184441
0.183805
0.182983
0.184001
0.184628
0.185218
0.185770
0.000000
0.000000
0.000000
0.000000
0.099682
0.101904
0.103833
0.105485
0.106878
0.108029
0.108930
0.109605
0.110054
0.110274
0.110274
0.110054
0.109605
0.108930
0.108029
0.106878
0.105485
0.103833
0.101904
0.099682
0.000000
0.000000
0.000000
0.000000
0.185770
0.185218
0.184628
0.184001
0.184742
0.185368
0.185958
0.000000
0.000000
0.000000
0.099459
0.102176
0.104572
0.106677
0.108508
0.110083
0.111403
0.112493
0.113353
0.113998
0.114419
0.114629
0.114629
0.114419
0.113998
0.113353
0.112493
0.111403
0.110083
0.108508
0.106677
0.104572
0.102176
0.099459
0.000000
0.000000
0.000000
0.185958
0.185368
0.184742
0.185446
0.000000
0.000000
0.000000
0.000000
0.101226
0.104131
0.106708
0.108989
0.110994
0.112738
0.114239
0.115501
0.116539
0.117361
0.117977
0.118378
0.118579
0.118579
0.118378
0.117977
0.117361
0.116539
0.115501
0.114239
0.112738
0.110994
0.108989
0.106708
0.104131
0.101226
0.000000
0.000000
0.000000
0.000000
0.185446
0.000000
0.000000
0.000000
0.099020
0.102481
0.105579
0.108347
0.110807
0.112986
0.114903
0.116572
0.118009
0.119212
0.120209
0.120991
0.121578
0.121968
0.122159
0.122159
0.121968
0.121578
0.120991
0.120209
0.119212
0.118009
0.116572
0.114903
0.112986
0.110807
0.108347
0.105579
0.102481
0.099020
0.000000
0.000000
0.000000
0.000000
0.000000
0.099561
0.103240
0.106546
0.109509
0.112160
0.114517
0.116606
0.118445
0.120048
0.121416
0.122573
0.123524
0.124276
0.124830
0.125198
0.125383
0.125383
0.125198
0.124830
0.124276
0.123524
0.122573
0.121416
0.120048
0.118445
0.116606
0.114517
0.112160
0.109509
0.106546
0.103240
0.099561
0.000000
0.000000
0.000000
0.099600
0.103520
0.107045
0.110218
0.113059
0.115606
0.117876
0.119885
0.121648
0.123180
0.124496
0.125603
0.126507
0.127220
0.127755
0.128107
0.128278
0.128278
0.128107
0.127755
0.127220
0.126507
0.125603
0.124496
0.123180
0.121648
0.119885
0.117876
0.115606
0.113059
0.110218
0.107045
0.103520
0.099600
0.000000
0.099137
0.103320
0.107085
0.110478
0.113529
0.116270
0.118720
0.120904
0.122837
0.124533
0.126009
0.127257
0.128313
0.129169
0.129854
0.130350
0.130677
0.130840
0.130840
0.130677
0.130350
0.129854
0.129169
0.128313
0.127257
0.126009
0.124533
0.122837
0.120904
0.118720
0.116270
0.113529
0.110478
0.107085
0.103320
0.099137
0.102639
0.106666
0.110299
0.113571
0.116516
0.119162
0.121531
0.123638
0.125495
0.127117
0.128521
0.129720
0.130713
0.131529
0.132173
0.132636
0.132945
0.133099
0.133099
0.132945
0.132636
0.132173
0.131529
0.130713
0.129720
0.128521
0.127117
0.125495
0.123638
0.121531
0.119162
0.116516
0.113571
0.110299
0.106666
0.102639
0.105783
0.109674
0.113183
0.116354
0.119204
0.121769
0.124059
0.126087
0.127870
0.129417
0.130751
0.131894
0.132827
0.133599
0.134203
0.134637
0.134926
0.135070
0.135070
0.134926
0.134637
0.134203
0.133599
0.132827
0.131894
0.130751
0.129417
0.127870
0.126087
0.124059
0.121769
0.119204
0.116354
0.113183
0.109674
0.105783
0.108592
0.112367
0.115776
0.118847
0.121618
0.124101
0.126307
0.128258
0.129972
0.131444
0.132710
0.133791
0.134673
0.135396
0.135975
0.136378
0.136646
0.136780
0.136780
0.136646
0.136378
0.135975
0.135396
0.134673
0.133791
0.132710
0.131444
0.129972
0.128258
0.126307
0.124101
0.121618
0.118847
0.115776
0.112367
0.108592
0.111100
0.114770
0.118090
0.121076
0.123769
0.126172
0.128301
0.130177
0.131812
0.133213
0.134421
0.135434
0.136280
0.136950
0.137486
0.137888
0.138143
0.138266
0.138266
0.138143
0.137888
0.137486
0.136950
0.136280
0.135434
0.134421
0.133213
0.131812
0.130177
0.128301
0.126172
0.123769
0.121076
0.118090
0.114770
0.111100
0.113328
0.116906
0.120145
0.123054
0.125670
0.128002
0.130057
0.131855
0.133409
0.134749
0.135907
0.136852
0.137657
0.138300
0.138791
0.139159
0.139405
0.139528
0.139528
0.139405
0.139159
0.138791
0.138300
0.137657
0.136852
0.135907
0.134749
0.133409
0.131855
0.130057
0.128002
0.125670
0.123054
0.120145
0.116906
0.113328
0.115293
0.118792
0.121958
0.124794
0.127335
0.129591
0.131573
0.133297
0.134790
0.136086
0.137159
0.138089
0.138826
0.139441
0.139932
0.140273
0.140495
0.140607
0.140607
0.140495
0.140273
0.139932
0.139441
0.138826
0.138089
0.137159
0.136086
0.134790
0.133297
0.131573
0.129591
0.127335
0.124794
0.121958
0.118792
0.115293
0.117011
0.120442
0.123536
0.126313
0.128781
0.130965
0.132877
0.134542
0.135990
0.137198
0.138249
0.139109
0.139846
0.140418
0.140864
0.141198
0.141421
0.141532
0.141532
0.141421
0.141198
0.140864
0.140418
0.139846
0.139109
0.138249
0.137198
0.135990
0.134542
0.132877
0.130965
0.128781
0.126313
0.123536
0.120442
0.117011
0.118497
0.121868
0.124896
0.127614
0.130030
0.132149
0.134006
0.135599
0.136971
0.138164
0.139147
0.140007
0.140676
0.141233
0.141679
0.142012
0.142213
0.142313
0.142313
0.142213
0.142012
0.141679
0.141233
0.140676
0.140007
0.139147
0.138164
0.136971
0.135599
0.134006
0.132149
0.130030
0.127614
0.124896
0.121868
0.118497
0.119761
0.123072
0.126059
0.128710
0.131062
0.133125
0.134920
0.136476
0.137818
0.138940
0.139924
0.140712
0.141381
0.141938
0.142346
0.142647
0.142848
0.142949
0.142949
0.142848
0.142647
0.142346
0.141938
0.141381
0.140712
0.139924
0.138940
0.137818
0.136476
0.134920
0.133125
0.131062
0.128710
0.126059
0.123072
0.119761
0.120805
0.124080
0.127007
0.129622
0.131932
0.133948
0.135691
0.137191
0.138489
0.139596
0.140526
0.141307
0.141976
0.142481
0.142882
0.143184
0.143385
0.143485
0.143485
0.143385
0.143184
0.142882
0.142481
0.141976
0.141307
0.140526
0.139596
0.138489
0.137191
0.135691
0.133948
0.131932
0.129622
0.127007
0.124080
0.120805
0.121650
0.124878
0.127778
0.130347
0.132605
0.134579
0.136296
0.137773
0.139023
0.140118
0.141010
0.141792
0.142415
0.142918
0.143320
0.143621
0.143822
0.143922
0.143922
0.143822
0.143621
0.143320
0.142918
0.142415
0.141792
0.141010
0.140118
0.139023
0.137773
0.136296
0.134579
0.132605
0.130347
0.127778
0.124878
0.121650
0.122293
0.125494
0.128359
0.130892
0.133122
0.135063
0.136745
0.138204
0.139435
0.140492
0.141385
0.142150
0.142753
0.143255
0.143657
0.143959
0.144144
0.144234
0.144234
0.144144
0.143959
0.143657
0.143255
0.142753
0.142150
0.141385
0.140492
0.139435
0.138204
0.136745
0.135063
0.133122
0.130892
0.128359
0.125494
0.122293
0.122738
0.125926
0.128760
0.131276
0.133485
0.135404
0.137061
0.138494
0.139725
0.140756
0.141649
0.142388
0.142991
0.143494
0.143896
0.144178
0.144358
0.144449
0.144449
0.144358
0.144178
0.143896
0.143494
0.142991
0.142388
0.141649
0.140756
0.139725
0.138494
0.137061
0.135404
0.133485
0.131276
0.128760
0.125926
0.122738
0.122993
0.126169
0.128992
0.131498
0.133696
0.135602
0.137245
0.138663
0.139894
0.140909
0.141803
0.142526
0.143130
0.143633
0.144032
0.144303
0.144483
0.144574
0.144574
0.144483
0.144303
0.144032
0.143633
0.143130
0.142526
0.141803
0.140909
0.139894
0.138663
0.137245
0.135602
0.133696
0.131498
0.128992
0.126169
0.122993
0.123060
0.126232
0.129054
0.131558
0.133753
0.135656
0.137295
0.138709
0.139941
0.140952
0.141846
0.142566
0.143169
0.143672
0.144067
0.144338
0.144519
0.144610
0.144610
0.144519
0.144338
0.144067
0.143672
0.143169
0.142566
0.141846
0.140952
0.139941
0.138709
0.137295
0.135656
0.133753
0.131558
0.129054
0.126232
0.123060
0.122937
0.126118
0.128945
0.131455
0.133656
0.135566
0.137212
0.138634
0.139866
0.140885
0.141779
0.142505
0.143109
0.143612
0.144013
0.144284
0.144465
0.144556
0.144556
0.144465
0.144284
0.144013
0.143612
0.143109
0.142505
0.141779
0.140885
0.139866
0.138634
0.137212
0.135566
0.133656
0.131455
0.128945
0.126118
0.122937
0.122625
0.125820
0.128666
0.131189
0.133406
0.135332
0.136996
0.138437
0.139669
0.140706
0.141601
0.142345
0.142949
0.143452
0.143855
0.144141
0.144322
0.144412
0.144412
0.144322
0.144141
0.143855
0.143452
0.142949
0.142345
0.141601
0.140706
0.139669
0.138437
0.136996
0.135332
0.133406
0.131189
0.128666
0.125820
0.122625
0.122123
0.125335
0.128216
0.130761
0.133002
0.134955
0.136647
0.138117
0.139350
0.140417
0.141312
0.142085
0.142689
0.143193
0.143595
0.143898
0.144089
0.144179
0.144179
0.144089
0.143898
0.143595
0.143193
0.142689
0.142085
0.141312
0.140417
0.139350
0.138117
0.136647
0.134955
0.133002
0.130761
0.128216
0.125335
0.122123
0.121416
0.124665
0.127579
0.130170
0.132444
0.134433
0.136164
0.137645
0.138908
0.140017
0.140912
0.141695
0.142330
0.142833
0.143236
0.143538
0.143740
0.143840
0.143840
0.143740
0.143538
0.143236
0.142833
0.142330
0.141695
0.140912
0.140017
0.138908
0.137645
0.136164
0.134433
0.132444
0.130170
0.127579
0.124665
0.121416
0.120509
0.123805
0.126755
0.129388
0.131716
0.133751
0.135512
0.137029
0.138344
0.139455
0.140401
0.141184
0.141856
0.142374
0.142777
0.143079
0.143281
0.143381
0.143381
0.143281
0.143079
0.142777
0.142374
0.141856
0.141184
0.140401
0.139455
0.138344
0.137029
0.135512
0.133751
0.131716
0.129388
0.126755
0.123805
0.120509
0.119392
0.122734
0.125744
0.128427
0.130800
0.132885
0.134701
0.136279
0.137627
0.138769
0.139756
0.140562
0.141234
0.141794
0.142217
0.142520
0.142721
0.142822
0.142822
0.142721
0.142520
0.142217
0.141794
0.141234
0.140562
0.139756
0.138769
0.137627
0.136279
0.134701
0.132885
0.130800
0.128427
0.125744
0.122734
0.119392
0.118061
0.121458
0.124522
0.127265
0.129707
0.131857
0.133730
0.135347
0.136743
0.137956
0.138948
0.139812
0.140501
0.141061
0.141509
0.141845
0.142062
0.142163
0.142163
0.142062
0.141845
0.141509
0.141061
0.140501
0.139812
0.138948
0.137956
0.136743
0.135347
0.133730
0.131857
0.129707
0.127265
0.124522
0.121458
0.118061
0.116493
0.119965
0.123088
0.125903
0.128403
0.130614
0.132555
0.134249
0.135704
0.136939
0.138016
0.138881
0.139622
0.140217
0.140665
0.141001
0.141225
0.141337
0.141337
0.141225
0.141001
0.140665
0.140217
0.139622
0.138881
0.138016
0.136939
0.135704
0.134249
0.132555
0.130614
0.128403
0.125903
0.123088
0.119965
0.116493
0.114686
0.118233
0.121431
0.124312
0.126884
0.129170
0.131182
0.132937
0.134461
0.135771
0.136867
0.137811
0.138568
0.139186
0.139680
0.140046
0.140270
0.140382
0.140382
0.140270
0.140046
0.139680
0.139186
0.138568
0.137811
0.136867
0.135771
0.134461
0.132937
0.131182
0.129170
0.126884
0.124312
0.121431
0.118233
0.114686
0.112626
0.116258
0.119536
0.122491
0.125140
0.127504
0.129594
0.131423
0.133010
0.134384
0.135549
0.136526
0.137336
0.138009
0.138504
0.138874
0.139121
0.139245
0.139245
0.139121
0.138874
0.138504
0.138009
0.137336
0.136526
0.135549
0.134384
0.133010
0.131423
0.129594
0.127504
0.125140
0.122491
0.119536
0.116258
0.112626
0.110294
0.114024
0.117387
0.120425
0.123154
0.125598
0.127768
0.129675
0.131336
0.132773
0.134016
0.135036
0.135910
0.136592
0.137131
0.137536
0.137806
0.137941
0.137941
0.137806
0.137536
0.137131
0.136592
0.135910
0.135036
0.134016
0.132773
0.131336
0.129675
0.127768
0.125598
0.123154
0.120425
0.117387
0.114024
0.110294
0.107666
0.111505
0.114970
0.118102
0.120911
0.123436
0.125686
0.127674
0.129413
0.130921
0.132225
0.133315
0.134233
0.134962
0.135545
0.135982
0.136253
0.136388
0.136388
0.136253
0.135982
0.135545
0.134962
0.134233
0.133315
0.132225
0.130921
0.129413
0.127674
0.125686
0.123436
0.120911
0.118102
0.114970
0.111505
0.107666
0.104718
0.108687
0.112269
0.115494
0.118399
0.121005
0.123336
0.125403
0.127222
0.128806
0.130179
0.131332
0.132302
0.133081
0.133704
0.134160
0.134452
0.134597
0.134597
0.134452
0.134160
0.133704
0.133081
0.132302
0.131332
0.130179
0.128806
0.127222
0.125403
0.123336
0.121005
0.118399
0.115494
0.112269
0.108687
0.104718
0.101426
0.105542
0.109248
0.112589
0.115595
0.118294
0.120706
0.122853
0.124750
0.126411
0.127850
0.129065
0.130097
0.130920
0.131579
0.132069
0.132381
0.132537
0.132537
0.132381
0.132069
0.131579
0.130920
0.130097
0.129065
0.127850
0.126411
0.124750
0.122853
0.120706
0.118294
0.115595
0.112589
0.109248
0.105542
0.101426
0.000000
0.102039
0.105893
0.109357
0.112476
0.115273
0.117781
0.120014
0.121988
0.123717
0.125216
0.126502
0.127582
0.128462
0.129153
0.129671
0.130016
0.130181
0.130181
0.130016
0.129671
0.129153
0.128462
0.127582
0.126502
0.125216
0.123717
0.121988
0.120014
0.117781
0.115273
0.112476
0.109357
0.105893
0.102039
0.000000
0.000000
0.098134
0.102156
0.105770
0.109013
0.111929
0.114528
0.116846
0.118900
0.120706
0.122278
0.123623
0.124752
0.125684
0.126415
0.126954
0.127314
0.127494
0.127494
0.127314
0.126954
0.126415
0.125684
0.124752
0.123623
0.122278
0.120706
0.118900
0.116846
0.114528
0.111929
0.109013
0.105770
0.102156
0.098134
0.000000
0.000000
0.000000
0.098002
0.101782
0.105172
0.108215
0.110927
0.113345
0.115486
0.117367
0.119004
0.120412
0.121598
0.122570
0.123338
0.123915
0.124290
0.124477
0.124477
0.124290
0.123915
0.123338
0.122570
0.121598
0.120412
0.119004
0.117367
0.115486
0.113345
0.110927
0.108215
0.105172
0.101782
0.098002
0.000000
0.000000
0.185852
0.000000
0.000000
0.000000
0.100910
0.104100
0.106939
0.109470
0.111709
0.113675
0.115383
0.116852
0.118096
0.119110
0.119921
0.120516
0.120911
0.121109
0.121109
0.120911
0.120516
0.119921
0.119110
0.118096
0.116852
0.115383
0.113675
0.111709
0.109470
0.106939
0.104100
0.100910
0.000000
0.000000
0.000000
0.185852
0.185161
0.185795
0.000000
0.000000
0.000000
0.099530
0.102520
0.105175
0.107525
0.109588
0.111379
0.112918
0.114219
0.115283
0.116131
0.116754
0.117170
0.117377
0.117377
0.117170
0.116754
0.116131
0.115283
0.114219
0.112918
0.111379
0.109588
0.107525
0.105175
0.102520
0.099530
0.000000
0.000000
0.000000
0.185795
0.185161
0.184433
0.185067
0.185665
0.000000
0.000000
0.000000
0.000000
0.100417
0.102890
0.105061
0.106948
0.108568
0.109936
0.111052
0.111943
0.112598
0.113034
0.113251
0.113251
0.113034
0.112598
0.111943
0.111052
0.109936
0.108568
0.106948
0.105061
0.102890
0.100417
0.000000
0.000000
0.000000
0.000000
0.185665
0.185067
0.184433
0.183563
0.184302
0.184899
0.185459
0.185982
0.000000
0.000000
0.000000
0.000000
0.100049
0.102044
0.103751
0.105188
0.106373
0.107306
0.108006
0.108462
0.108690
0.108690
0.108462
0.108006
0.107306
0.106373
0.105188
0.103751
0.102044
0.100049
0.000000
0.000000
0.000000
0.000000
0.185982
0.185459
0.184899
0.184302
0.183563
0.182510
0.183343
0.184097
0.184657
0.185180
0.185665
0.000000
0.000000
0.000000
0.000000
0.000000
0.098401
0.099932
0.101181
0.102175
0.102907
0.103395
0.103639
0.103639
0.103395
0.102907
0.102175
0.101181
0.099932
0.098401
0.000000
0.000000
0.000000
0.000000
0.000000
0.185665
0.185180
0.184657
0.184097
0.183343
0.182510
0.181303
0.182241
0.183025
0.183760
0.184340
0.184826
0.185274
0.185685
0.000000
0.000000
0.000000
0.000000
0.000000
0.000000
0.000000
0.000000
0.000000
0.098030
0.098030
0.000000
0.000000
0.000000
0.000000
0.000000
0.000000
0.000000
0.000000
0.000000
0.185685
0.185274
0.184826
0.184340
0.183760
0.183025
0.182241
0.181303
0.179942
0.180929
0.181851
0.182609
0.183295
0.183932
0.184397
0.184808
0.185182
0.185518
0.185817
0.000000
0.000000
0.000000
0.000000
0.000000
0.000000
0.000000
0.000000
0.000000
0.000000
0.000000
0.000000
0.000000
0.000000
0.185817
0.185518
0.185182
0.184808
0.184397
0.183932
0.183295
0.182609
0.181851
0.180929
0.179942
0.178344
0.179453
0.180439
0.181304
0.182095
0.182732
0.183321
0.183860
0.184267
0.184604
0.184903
0.185165
0.185389
0.185576
0.185725
0.185838
0.185912
0.185950
0.185950
0.185912
0.185838
0.185725
0.185576
0.185389
0.185165
0.184903
0.184604
0.184267
0.183860
0.183321
0.182732
0.182095
0.181304
0.180439
0.179453
0.178344
0.176534
0.177767
0.178834
0.179813
0.180642
0.181392
0.182072
0.182611
0.183102
0.183544
0.183936
0.184213
0.184437
0.184624
0.184774
0.184886
0.184961
0.184998
0.184998
0.184961
0.184886
0.184774
0.184624
0.184437
0.184213
0.183936
0.183544
0.183102
0.182611
0.182072
0.181392
0.180642
0.179813
0.178834
0.177767
0.176534
0.174482
0.175831
0.177006
0.178085
0.178999
0.179848
0.180558
0.181192
0.181770
0.182246
0.182638
0.182982
0.183276
0.183521
0.183718
0.183865
0.183963
0.184009
0.184009
0.183963
0.183865
0.183718
0.183521
0.183276
0.182982
0.182638
0.182246
0.181770
0.181192
0.180558
0.179848
0.178999
0.178085
0.177006
0.175831
0.174482
0.172169
0.173622
0.174919
0.176101
0.177117
0.178054
0.178838
0.179556
0.180185
0.180704
0.181166
0.181570
0.181917
0.182174
0.182371
0.182518
0.182616
0.182665
0.182665
0.182616
0.182518
0.182371
0.182174
0.181917
0.181570
0.181166
0.180704
0.180185
0.179556
0.178838
0.178054
0.177117
0.176101
0.174919
0.173622
0.172169
0.169594
0.171141
0.172555
0.173838
0.174961
0.175994
0.176865
0.177664
0.178351
0.178939
0.179461
0.179919
0.180274
0.180563
0.180794
0.180967
0.181083
0.181140
0.181140
0.181083
0.180967
0.180794
0.180563
0.180274
0.179919
0.179461
0.178939
0.178351
0.177664
0.176865
0.175994
0.174961
0.173838
0.172555
0.171141
0.169594
0.166838
0.168430
0.169921
0.171278
0.172514
0.173626
0.174607
0.175481
0.176251
0.176905
0.177486
0.177994
0.178387
0.178713
0.178975
0.179171
0.179301
0.179367
0.179367
0.179301
0.179171
0.178975
0.178713
0.178387
0.177994
0.177486
0.176905
0.176251
0.175481
0.174607
0.173626
0.172514
0.171278
0.169921
0.168430
0.166838
0.164012
0.165580
0.167074
0.168479
0.169784
0.170965
0.172047
0.172988
0.173844
0.174570
0.175206
0.175763
0.176219
0.176582
0.176872
0.177090
0.177236
0.177308
0.177308
0.177236
0.177090
0.176872
0.176582
0.176219
0.175763
0.175206
0.174570
0.173844
0.172988
0.172047
0.170965
0.169784
0.168479
0.167074
0.165580
0.164012
0.161268
0.162729
0.164152
0.165536
0.166842
0.168062
0.169181
0.170201
0.171104
0.171918
0.172607
0.173206
0.173720
0.174137
0.174455
0.174694
0.174853
0.174932
0.174932
0.174853
0.174694
0.174455
0.174137
0.173720
0.173206
0.172607
0.171918
0.171104
0.170201
0.169181
0.168062
0.166842
0.165536
0.164152
0.162729
0.161268
0.158646
0.159976
0.161311
0.162599
0.163839
0.165031
0.166141
0.167174
0.168113
0.168952
0.169699
0.170341
0.170883
0.171335
0.171697
0.171968
0.172141
0.172227
0.172227
0.172141
0.171968
0.171697
0.171335
0.170883
0.170341
0.169699
0.168952
0.168113
0.167174
0.166141
0.165031
0.163839
0.162599
0.161311
0.159976
0.158646
0.156143
0.157394
0.158608
0.159782
0.160937
0.162026
0.163089
0.164066
0.164989
0.165819
0.166568
0.167226
0.167789
0.168258
0.168631
0.168911
0.169097
0.169191
0.169191
0.169097
0.168911
0.168631
0.168258
0.167789
0.167226
0.166568
0.165819
0.164989
0.164066
0.163089
0.162026
0.160937
0.159782
0.158608
0.157394
0.156143
0.153712
0.154905
0.156034
0.157138
0.158180
0.159197
0.160146
0.161066
0.161902
0.162694
0.163403
0.164024
0.164578
0.165040
0.165409
0.165686
0.165871
0.165963
0.165963
0.165871
0.165686
0.165409
0.165040
0.164578
0.164024
0.163403
0.162694
0.161902
0.161066
0.160146
0.159197
0.158180
0.157138
0.156034
0.154905
0.153712
0.151227
0.152426
0.153539
0.154590
0.155577
0.156515
0.157398
0.158222
0.159005
0.159709
0.160359
0.160944
0.161446
0.161865
0.162211
0.162477
0.162654
0.162743
0.162743
0.162654
0.162477
0.162211
0.161865
0.161446
0.160944
0.160359
0.159709
0.159005
0.158222
0.157398
0.156515
0.155577
0.154590
0.153539
0.152426
0.151227
0.148551
0.149832
0.150979
0.152045
0.153019
0.153923
0.154768
0.155544
0.156260
0.156923
0.157512
0.158029
0.158499
0.158891
0.159204
0.159439
0.159596
0.159674
0.159674
0.159596
0.159439
0.159204
0.158891
0.158499
0.158029
0.157512
0.156923
0.156260
0.155544
0.154768
0.153923
0.153019
0.152045
0.150979
0.149832
0.148551
0.145475
0.146919
0.148213
0.149343
0.150376
0.151301
0.152152
0.152917
0.153613
0.154242
0.154806
0.155300
0.155723
0.156079
0.156374
0.156595
0.156742
0.156816
0.156816
0.156742
0.156595
0.156374
0.156079
0.155723
0.155300
0.154806
0.154242
0.153613
0.152917
0.152152
0.151301
0.150376
0.149343
0.148213
0.146919
0.145475
0.141728
0.143471
0.144977
0.146305
0.147454
0.148478
0.149383
0.150200
0.150912
0.151553
0.152120
0.152607
0.153024
0.153372
0.153651
0.153860
0.153999
0.154069
0.154069
0.153999
0.153860
0.153651
0.153372
0.153024
0.152607
0.152120
0.151553
0.150912
0.150200
0.149383
0.148478
0.147454
0.146305
0.144977
0.143471
0.141728
0.136932
0.139124
0.141000
0.142615
0.144026
0.145206
0.146267
0.147169
0.147990
0.148669
0.149273
0.149801
0.150239
0.150595
0.150880
0.151094
0.151236
0.151307
0.151307
0.151236
0.151094
0.150880
0.150595
0.150239
0.149801
0.149273
0.148669
0.147990
0.147169
0.146267
0.145206
0.144026
0.142615
0.141000
0.139124
0.136932
0.130843
0.133553
0.135914
0.137946
0.139683
0.141171
0.142465
0.143577
0.144528
0.145345
0.146064
0.146639
0.147131
0.147542
0.147870
0.148107
0.148258
0.148333
0.148333
0.148258
0.148107
0.147870
0.147542
0.147131
0.146639
0.146064
0.145345
0.144528
0.143577
0.142465
0.141171
0.139683
0.137946
0.135914
0.133553
0.130843
0.123435
0.126597
0.129416
0.131914
0.134094
0.135990
0.137611
0.139005
0.140220
0.141230
0.142115
0.142823
0.143429
0.143934
0.144304
0.144577
0.144758
0.144849
0.144849
0.144758
0.144577
0.144304
0.143934
0.143429
0.142823
0.142115
0.141230
0.140220
0.139005
0.137611
0.135990
0.134094
0.131914
0.129416
0.126597
0.123435
0.114854
0.118399
0.121599
0.124477
0.127048
0.129332
0.131341
0.133091
0.134607
0.135920
0.137007
0.137953
0.138700
0.139319
0.139814
0.140168
0.140392
0.140505
0.140505
0.140392
0.140168
0.139814
0.139319
0.138700
0.137953
0.137007
0.135920
0.134607
0.133091
0.131341
0.129332
0.127048
0.124477
0.121599
0.118399
0.114854
0.105061
0.109019
0.112589
0.115811
0.118704
0.121305
0.123630
0.125691
0.127501
0.129077
0.130438
0.131592
0.132550
0.133329
0.133953
0.134393
0.134685
0.134831
0.134831
0.134685
0.134393
0.133953
0.133329
0.132550
0.131592
0.130438
0.129077
0.127501
0.125691
0.123630
0.121305
0.118704
0.115811
0.112589
0.109019
0.105061
0.000000
0.098263
0.102281
0.105894
0.109133
0.112047
0.114643
0.116960
0.119012
0.120815
0.122385
0.123731
0.124857
0.125789
0.126517
0.127057
0.127417
0.127597
0.127597
0.127417
0.127057
0.126517
0.125789
0.124857
0.123731
0.122385
0.120815
0.119012
0.116960
0.114643
0.112047
0.109133
0.105894
0.102281
0.098263
0.000000
0.185442
0.000000
0.000000
0.000000
0.098135
0.101416
0.104346
0.106947
0.109250
0.111272
0.113030
0.114541
0.115817
0.116860
0.117691
0.118307
0.118713
0.118916
0.118916
0.118713
0.118307
0.117691
0.116860
0.115817
0.114541
0.113030
0.111272
0.109250
0.106947
0.104346
0.101416
0.098135
0.000000
0.000000
0.000000
0.185442
0.183615
0.184341
0.184938
0.185498
0.000000
0.000000
0.000000
0.000000
0.098010
0.100297
0.102285
0.103992
0.105423
0.106602
0.107535
0.108229
0.108685
0.108913
0.108913
0.108685
0.108229
0.107535
0.106602
0.105423
0.103992
0.102285
0.100297
0.098010
0.000000
0.000000
0.000000
0.000000
0.185498
0.184938
0.184341
0.183615
0.181163
0.182121
0.182904
0.183639
0.184247
0.184732
0.185180
0.185591
0.185964
0.000000
0.000000
0.000000
0.000000
0.000000
0.000000
0.000000
0.000000
0.000000
0.000000
0.000000
0.000000
0.000000
0.000000
0.000000
0.000000
0.000000
0.000000
0.185964
0.185591
0.185180
0.184732
0.184247
0.183639
0.182904
0.182121
0.181163
0.178153
0.179261
0.180269
0.181133
0.181939
0.182585
0.183173
0.183712
0.184154
0.184490
0.184788
0.185050
0.185274
0.185461
0.185610
0.185722
0.185797
0.185834
0.185834
0.185797
0.185722
0.185610
0.185461
0.185274
0.185050
0.184788
0.184490
0.184154
0.183712
0.183173
0.182585
0.181939
0.181133
0.180269
0.179261
0.178153
0.174449
0.175797
0.176973
0.178054
0.178967
0.179814
0.180527
0.181161
0.181737
0.182217
0.182609
0.182952
0.183246
0.183491
0.183687
0.183834
0.183932
0.183981
0.183981
0.183932
0.183834
0.183687
0.183491
0.183246
0.182952
0.182609
0.182217
0.181737
0.181161
0.180527
0.179814
0.178967
0.178054
0.176973
0.175797
0.174449
