0.098900
0.101420
0.103730
0.105842
0.107768
0.109518
0.111103
0.112534
0.113816
0.114948
0.115950
0.116808
0.117542
0.118150
0.118628
0.118986
0.119225
0.119344
0.119344
0.119225
0.118986
0.118628
0.118150
0.117542
0.116808
0.115950
0.114948
0.113816
0.112534
0.111103
0.109518
0.107768
0.105842
0.103730
0.101420
0.098900
0.106385
0.108704
0.110833
0.112783
0.114565
0.116189
0.117658
0.118980
0.120170
0.121217
0.122145
0.122937
0.123617
0.124177
0.124617
0.124946
0.125166
0.125276
0.125276
0.125166
0.124946
0.124617
0.124177
0.123617
0.122937
0.122145
0.121217
0.120170
0.118980
0.117658
0.116189
0.114565
0.112783
0.110833
0.108704
0.106385
0.113161
0.115311
0.117285
0.119094
0.120747
0.122254
0.123613
0.124833
0.125931
0.126888
0.127737
0.128460
0.129071
0.129581
0.129988
0.130280
0.130474
0.130572
0.130572
0.130474
0.130280
0.129988
0.129581
0.129071
0.128460
0.127737
0.126888
0.125931
0.124833
0.123613
0.122254
0.120747
0.119094
0.117285
0.115311
0.113161
0.119330
0.121326
0.123157
0.124830
0.126356
0.127735
0.128968
0.130085
0.131056
0.131931
0.132669
0.133313
0.133864
0.134302
0.134646
0.134905
0.135077
0.135163
0.135163
0.135077
0.134905
0.134646
0.134302
0.133864
0.133313
0.132669
0.131931
0.131056
0.130085
0.128968
0.127735
0.126356
0.124830
0.123157
0.121326
0.119330
0.124939
0.126779
0.128458
0.129987
0.131348
0.132578
0.133680
0.134647
0.135507
0.136261
0.136898
0.137456
0.137934
0.138304
0.138596
0.138815
0.138961
0.139034
0.139034
0.138961
0.138815
0.138596
0.138304
0.137934
0.137456
0.136898
0.136261
0.135507
0.134647
0.133680
0.132578
0.131348
0.129987
0.128458
0.126779
0.124939
0.129987
0.131640
0.133130
0.134476
0.135681
0.136740
0.137697
0.138525
0.139255
0.139912
0.140450
0.140913
0.141310
0.141641
0.141906
0.142094
0.142213
0.142273
0.142273
0.142213
0.142094
0.141906
0.141641
0.141310
0.140913
0.140450
0.139912
0.139255
0.138525
0.137697
0.136740
0.135681
0.134476
0.133130
0.131640
0.129987
0.134393
0.135855
0.137141
0.138309
0.139331
0.140254
0.141048
0.141776
0.142395
0.142931
0.143408
0.143826
0.144165
0.144432
0.144647
0.144807
0.144915
0.144968
0.144968
0.144915
0.144807
0.144647
0.144432
0.144165
0.143826
0.143408
0.142931
0.142395
0.141776
0.141048
0.140254
0.139331
0.138309
0.137141
0.135855
0.134393
0.138166
0.139407
0.140522
0.141515
0.142398
0.143173
0.143889
0.144489
0.145025
0.145507
0.145936
0.146281
0.146572
0.146814
0.147008
0.147153
0.147250
0.147298
0.147298
0.147250
0.147153
0.147008
0.146814
0.146572
0.146281
0.145936
0.145507
0.145025
0.144489
0.143889
0.143173
0.142398
0.141515
0.140522
0.139407
0.138166
0.141321
0.142402
0.143356
0.144225
0.144976
0.145672
0.146285
0.146818
0.147302
0.147738
0.148116
0.148427
0.148695
0.148917
0.149095
0.149229
0.149318
0.149362
0.149362
0.149318
0.149229
0.149095
0.148917
0.148695
0.148427
0.148116
0.147738
0.147302
0.146818
0.146285
0.145672
0.144976
0.144225
0.143356
0.142402
0.141321
0.144015
0.144926
0.145784
0.146532
0.147210
0.147840
0.148387
0.148877
0.149322
0.149723
0.150075
0.150369
0.150621
0.150832
0.151000
0.151126
0.151210
0.151252
0.151252
0.151210
0.151126
0.151000
0.150832
0.150621
0.150369
0.150075
0.149723
0.149322
0.148877
0.148387
0.147840
0.147210
0.146532
0.145784
0.144926
0.144015
0.146294
0.147118
0.147893
0.148570
0.149194
0.149773
0.150290
0.150752
0.151173
0.151551
0.151888
0.152178
0.152424
0.152630
0.152794
0.152918
0.153000
0.153041
0.153041
0.153000
0.152918
0.152794
0.152630
0.152424
0.152178
0.151888
0.151551
0.151173
0.150752
0.150290
0.149773
0.149194
0.148570
0.147893
0.147118
0.146294
0.148308
0.149065
0.149778
0.150421
0.151010
0.151557
0.152060
0.152512
0.152923
0.153293
0.153622
0.153910
0.154159
0.154367
0.154534
0.154659
0.154742
0.154784
0.154784
0.154742
0.154659
0.154534
0.154367
0.154159
0.153910
0.153622
0.153293
0.152923
0.152512
0.152060
0.151557
0.151010
0.150421
0.149778
0.149065
0.148308
0.150133
0.150848
0.151521
0.152148
0.152724
0.153258
0.153752
0.154207
0.154623
0.154999
0.155332
0.155624
0.155874
0.156086
0.156260
0.156390
0.156478
0.156521
0.156521
0.156478
0.156390
0.156260
0.156086
0.155874
0.155624
0.155332
0.154999
0.154623
0.154207
0.153752
0.153258
0.152724
0.152148
0.151521
0.150848
0.150133
0.151821
0.152524
0.153182
0.153799
0.154380
0.154922
0.155422
0.155881
0.156311
0.156703
0.157051
0.157356
0.157617
0.157835
0.158009
0.158148
0.158241
0.158287
0.158287
0.158241
0.158148
0.158009
0.157835
0.157617
0.157356
0.157051
0.156703
0.156311
0.155881
0.155422
0.154922
0.154380
0.153799
0.153182
0.152524
0.151821
0.153436
0.154137
0.154804
0.155430
0.156014
0.156580
0.157103
0.157582
0.158018
0.158435
0.158805
0.159130
0.159407
0.159639
0.159824
0.159963
0.160060
0.160109
0.160109
0.160060
0.159963
0.159824
0.159639
0.159407
0.159130
0.158805
0.158435
0.158018
0.157582
0.157103
0.156580
0.156014
0.155430
0.154804
0.154137
0.153436
0.155020
0.155729
0.156414
0.157067
0.157677
0.158259
0.158815
0.159324
0.159787
0.160218
0.160614
0.160960
0.161257
0.161505
0.161703
0.161851
0.161950
0.161999
0.161999
0.161950
0.161851
0.161703
0.161505
0.161257
0.160960
0.160614
0.160218
0.159787
0.159324
0.158815
0.158259
0.157677
0.157067
0.156414
0.155729
0.155020
0.156597
0.157338
0.158037
0.158732
0.159380
0.159983
0.160575
0.161120
0.161615
0.162064
0.162483
0.162850
0.163165
0.163427
0.163637
0.163794
0.163899
0.163951
0.163951
0.163899
0.163794
0.163637
0.163427
0.163165
0.162850
0.162483
0.162064
0.161615
0.161120
0.160575
0.159983
0.159380
0.158732
0.158037
0.157338
0.156597
0.158186
0.158974
0.159715
0.160438
0.161131
0.161775
0.162390
0.162967
0.163492
0.163964
0.164399
0.164782
0.165109
0.165382
0.165601
0.165765
0.165874
0.165929
0.165929
0.165874
0.165765
0.165601
0.165382
0.165109
0.164782
0.164399
0.163964
0.163492
0.162967
0.162390
0.161775
0.161131
0.160438
0.159715
0.158974
0.158186
0.159819
0.160648
0.161440
0.162194
0.162928
0.163610
0.164249
0.164850
0.165396
0.165888
0.166331
0.166720
0.167054
0.167332
0.167555
0.167722
0.167833
0.167889
0.167889
0.167833
0.167722
0.167555
0.167332
0.167054
0.166720
0.166331
0.165888
0.165396
0.164850
0.164249
0.163610
0.162928
0.162194
0.161440
0.160648
0.159819
0.161502
0.162364
0.163204
0.163991
0.164755
0.165466
0.166124
0.166735
0.167292
0.167793
0.168236
0.168623
0.168954
0.169230
0.169451
0.169617
0.169728
0.169783
0.169783
0.169728
0.169617
0.169451
0.169230
0.168954
0.168623
0.168236
0.167793
0.167292
0.166735
0.166124
0.165466
0.164755
0.163991
0.163204
0.162364
0.161502
0.163218
0.164114
0.164989
0.165809
0.166584
0.167308
0.167975
0.168583
0.169136
0.169633
0.170073
0.170448
0.170769
0.171037
0.171251
0.171411
0.171519
0.171572
0.171572
0.171519
0.171411
0.171251
0.171037
0.170769
0.170448
0.170073
0.169633
0.169136
0.168583
0.167975
0.167308
0.166584
0.165809
0.164989
0.164114
0.163218
0.164950
0.165879
0.166767
0.167602
0.168379
0.169097
0.169760
0.170357
0.170892
0.171374
0.171803
0.172168
0.172472
0.172726
0.172929
0.173081
0.173183
0.173233
0.173233
0.173183
0.173081
0.172929
0.172726
0.172472
0.172168
0.171803
0.171374
0.170892
0.170357
0.169760
0.169097
0.168379
0.167602
0.166767
0.165879
0.164950
0.166673
0.167619
0.168506
0.169335
0.170106
0.170802
0.171445
0.172032
0.172539
0.172996
0.173402
0.173757
0.174057
0.174293
0.174481
0.174622
0.174717
0.174764
0.174764
0.174717
0.174622
0.174481
0.174293
0.174057
0.173757
0.173402
0.172996
0.172539
0.172032
0.171445
0.170802
0.170106
0.169335
0.168506
0.167619
0.166673
0.168358
0.169298
0.170177
0.170980
0.171730
0.172404
0.173013
0.173571
0.174073
0.174497
0.174874
0.175204
0.175487
0.175722
0.175911
0.176048
0.176134
0.176177
0.176177
0.176134
0.176048
0.175911
0.175722
0.175487
0.175204
0.174874
0.174497
0.174073
0.173571
0.173013
0.172404
0.171730
0.170980
0.170177
0.169298
0.168358
0.169979
0.170891
0.171748
0.172523
0.173233
0.173893
0.174466
0.174985
0.175456
0.175880
0.176235
0.176536
0.176795
0.177010
0.177182
0.177311
0.177397
0.177441
0.177441
0.177397
0.177311
0.177182
0.177010
0.176795
0.176536
0.176235
0.175880
0.175456
0.174985
0.174466
0.173893
0.173233
0.172523
0.171748
0.170891
0.169979
0.171499
0.172388
0.173200
0.173962
0.174624
0.175237
0.175803
0.176294
0.176724
0.177112
0.177456
0.177758
0.178015
0.178208
0.178364
0.178480
0.178557
0.178596
0.178596
0.178557
0.178480
0.178364
0.178208
0.178015
0.177758
0.177456
0.177112
0.176724
0.176294
0.175803
0.175237
0.174624
0.173962
0.173200
0.172388
0.171499
0.172914
0.173777
0.174547
0.175255
0.175915
0.176482
0.176999
0.177473
0.177904
0.178262
0.178572
0.178844
0.179076
0.179270
0.179425
0.179542
0.179619
0.179658
0.179658
0.179619
0.179542
0.179425
0.179270
0.179076
0.178844
0.178572
0.178262
0.177904
0.177473
0.176999
0.176482
0.175915
0.175255
0.174547
0.173777
0.172914
0.174235
0.175037
0.175791
0.176456
0.177059
0.177619
0.178122
0.178549
0.178937
0.179286
0.179596
0.179867
0.180088
0.180260
0.180397
0.180499
0.180568
0.180602
0.180602
0.180568
0.180499
0.180397
0.180260
0.180088
0.179867
0.179596
0.179286
0.178937
0.178549
0.178122
0.177619
0.177059
0.176456
0.175791
0.175037
0.174235
0.175433
0.176214
0.176904
0.177550
0.178138
0.178642
0.179107
0.179534
0.179922
0.180239
0.180514
0.180753
0.180959
0.181130
0.181268
0.181370
0.181439
0.181473
0.181473
0.181439
0.181370
0.181268
0.181130
0.180959
0.180753
0.180514
0.180239
0.179922
0.179534
0.179107
0.178642
0.178138
0.177550
0.176904
0.176214
0.175433
0.176533
0.177266
0.177955
0.178542
0.179085
0.179589
0.180048
0.180425
0.180768
0.181077
0.181351
0.181591
0.181796
0.181968
0.182089
0.182177
0.182235
0.182264
0.182264
0.182235
0.182177
0.182089
0.181968
0.181796
0.181591
0.181351
0.181077
0.180768
0.180425
0.180048
0.179589
0.179085
0.178542
0.177955
0.177266
0.176533
0.177543
0.178248
0.178869
0.179451
0.179994
0.180440
0.180852
0.181229
0.181572
0.181880
0.182131
0.182335
0.182510
0.182656
0.182773
0.182860
0.182918
0.182947
0.182947
0.182918
0.182860
0.182773
0.182656
0.182510
0.182335
0.182131
0.181880
0.181572
0.181229
0.180852
0.180440
0.179994
0.179451
0.178869
0.178248
0.177543
0.178459
0.179118
0.179739
0.180284
0.180764
0.181210
0.181621
0.181998
0.182290
0.182553
0.182786
0.182990
0.183165
0.183311
0.183427
0.183515
0.183573
0.183602
0.183602
0.183573
0.183515
0.183427
0.183311
0.183165
0.182990
0.182786
0.182553
0.182290
0.181998
0.181621
0.181210
0.180764
0.180284
0.179739
0.179118
0.178459
0.179291
0.179951
0.180505
0.181020
0.181500
0.181946
0.182304
0.182624
0.182916
0.183179
0.183412
0.183616
0.183791
0.183937
0.184041
0.184107
0.184152
0.184174
0.184174
0.184152
0.184107
0.184041
0.183937
0.183791
0.183616
0.183412
0.183179
0.182916
0.182624
0.182304
0.181946
0.181500
0.181020
0.180505
0.179951
0.179291
0.180075
0.180658
0.181207
0.181722
0.182172
0.182551
0.182901
0.183222
0.183513
0.183776
0.184007
0.184163
0.184296
0.184407
0.184496
0.184563
0.184607
0.184630
0.184630
0.184607
0.184563
0.184496
0.184407
0.184296
0.184163
0.184007
0.183776
0.183513
0.183222
0.182901
0.182551
0.182172
0.181722
0.181207
0.180658
0.180075
0.180743
0.181326
0.181875
0.182332
0.182740
0.183119
0.183469
0.183790
0.184063
0.184263
0.184441
0.184596
0.184730
0.184841
0.184930
0.184996
0.185041
0.185063
0.185063
0.185041
0.184996
0.184930
0.184841
0.184730
0.184596
0.184441
0.184263
0.184063
0.183790
0.183469
0.183119
0.182740
0.182332
0.181875
0.181326
0.180743
0.181378
0.181961
0.182434
0.182871
0.183280
0.183659
0.184007
0.184252
0.184474
0.184674
0.184852
0.185008
0.185141
0.185252
0.185341
0.185408
0.185453
0.185475
0.185475
0.185453
0.185408
0.185341
0.185252
0.185141
0.185008
0.184852
0.184674
0.184474
0.184252
0.184007
0.183659
0.183280
0.182871
0.182434
0.181961
0.181378
0.181978
0.182478
0.182944
0.183382
0.183791
0.184130
0.184397
0.184641
0.184864
0.185064
0.185242
0.185398
0.185531
0.185642
0.185731
0.185798
0.185843
0.185865
0.185865
0.185843
0.185798
0.185731
0.185642
0.185531
0.185398
0.185242
0.185064
0.184864
0.184641
0.184397
0.184130
0.183791
0.183382
0.182944
0.182478
0.181978
0.182463
0.182960
0.183427
0.183864
0.184208
0.184497
0.184764
0.185009
0.185232
0.185432
0.185610
0.185766
0.185899
0.000000
0.000000
0.000000
0.000000
0.000000
0.000000
0.000000
0.000000
0.000000
0.000000
0.185899
0.185766
0.185610
0.185432
0.185232
0.185009
0.184764
0.184497
0.184208
0.183864
0.183427
0.182960
0.182463
0.182917
0.183413
0.183880
0.184242
0.184554
0.184843
0.185110
0.185355
0.185577
0.185778
0.185956
0.000000
0.000000
0.000000
0.000000
0.000000
0.000000
0.000000
0.000000
0.000000
0.000000
0.000000
0.000000
0.000000
0.000000
0.185956
0.185778
0.185577
0.185355
0.185110
0.184843
0.184554
0.184242
0.183880
0.183413
0.182917
0.183341
0.183838
0.184232
0.184566
0.184878
0.185167
0.185434
0.185679
0.185902
0.000000
0.000000
0.000000
0.000000
0.000000
0.000000
0.000000
0.000000
0.000000
0.000000
0.000000
0.000000
0.000000
0.000000
0.000000
0.000000
0.000000
0.000000
0.185902
0.185679
0.185434
0.185167
0.184878
0.184566
0.184232
0.183838
0.183341
0.183737
0.184178
0.184534
0.184868
0.185180
0.185469
0.185736
0.185981
0.000000
0.000000
0.000000
0.000000
0.000000
0.000000
0.000000
0.000000
0.000000
0.000000
0.000000
0.000000
0.000000
0.000000
0.000000
0.000000
0.000000
0.000000
0.000000
0.000000
0.185981
0.185736
0.185469
0.185180
0.184868
0.184534
0.184178
0.183737
0.184079
0.184458
0.184814
0.185148
0.185460
0.185749
0.000000
0.000000
0.000000
0.000000
0.000000
0.000000
0.000000
0.000000
0.000000
0.000000
0.000000
0.000000
0.000000
0.000000
0.000000
0.000000
0.000000
0.000000
0.000000
0.000000
0.000000
0.000000
0.000000
0.000000
0.185749
0.185460
0.185148
0.184814
0.184458
0.184079
0.184337
0.184715
0.185072
0.185406
0.185718
0.000000
0.000000
0.000000
0.000000
0.000000
0.000000
0.000000
0.000000
0.000000
0.000000
0.000000
0.000000
0.098055
0.098055
0.000000
0.000000
0.000000
0.000000
0.000000
0.000000
0.000000
0.000000
0.000000
0.000000
0.000000
0.000000
0.185718
0.185406
0.185072
0.184715
0.184337
0.184573
0.184951
0.185308
0.185642
0.185954
0.000000
0.000000
0.000000
0.000000
0.000000
0.000000
0.000000
0.000000
0.098149
0.098757
0.099214
0.099518
0.099670
0.099670
0.099518
0.099214
0.098757
0.098149
0.000000
0.000000
0.000000
0.000000
0.000000
0.000000
0.000000
0.000000
0.185954
0.185642
0.185308
0.184951
0.184573
0.184787
0.185165
0.185522
0.185856
0.000000
0.000000
0.000000
0.000000
0.000000
0.000000
0.000000
0.000000
0.098853
0.099613
0.100217
0.100663
0.100960
0.101109
0.101109
0.100960
0.100663
0.100217
0.099613
0.098853
0.000000
0.000000
0.000000
0.000000
0.000000
0.000000
0.000000
0.000000
0.185856
0.185522
0.185165
0.184787
0.184978
0.185357
0.185714
0.000000
0.000000
0.000000
0.000000
0.000000
0.000000
0.000000
0.098189
0.099254
0.100163
0.100907
0.101502
0.101948
0.102241
0.102386
0.102386
0.102241
0.101948
0.101502
0.100907
0.100163
0.099254
0.098189
0.000000
0.000000
0.000000
0.000000
0.000000
0.000000
0.000000
0.185714
0.185357
0.184978
0.185148
0.185527
0.185884
0.000000
0.000000
0.000000
0.000000
0.000000
0.000000
0.098135
0.099352
0.100408
0.101301
0.102044
0.102626
0.103063
0.103354
0.103500
0.103500
0.103354
0.103063
0.102626
0.102044
0.101301
0.100408
0.099352
0.098135
0.000000
0.000000
0.000000
0.000000
0.000000
0.000000
0.185884
0.185527
0.185148
0.185296
0.185675
0.000000
0.000000
0.000000
0.000000
0.000000
0.000000
0.000000
0.099148
0.100357
0.101399
0.102286
0.103014
0.103596
0.104032
0.104317
0.104459
0.104459
0.104317
0.104032
0.103596
0.103014
0.102286
0.101399
0.100357
0.099148
0.000000
0.000000
0.000000
0.000000
0.000000
0.000000
0.000000
0.185675
0.185296
0.185422
0.185801
0.000000
0.000000
0.000000
0.000000
0.000000
0.000000
0.098641
0.100010
0.101201
0.102238
0.103112
0.103840
0.104413
0.104840
0.105125
0.105267
0.105267
0.105125
0.104840
0.104413
0.103840
0.103112
0.102238
0.101201
0.100010
0.098641
0.000000
0.000000
0.000000
0.000000
0.000000
0.000000
0.185801
0.185422
0.185526
0.185905
0.000000
0.000000
0.000000
0.000000
0.000000
0.000000
0.099353
0.100707
0.101898
0.102920
0.103794
0.104510
0.105080
0.105507
0.105792
0.105935
0.105935
0.105792
0.105507
0.105080
0.104510
0.103794
0.102920
0.101898
0.100707
0.099353
0.000000
0.000000
0.000000
0.000000
0.000000
0.000000
0.185905
0.185526
0.185608
0.185987
0.000000
0.000000
0.000000
0.000000
0.000000
0.098391
0.099914
0.101256
0.102438
0.103458
0.104324
0.105037
0.105606
0.106033
0.106312
0.106451
0.106451
0.106312
0.106033
0.105606
0.105037
0.104324
0.103458
0.102438
0.101256
0.099914
0.098391
0.000000
0.000000
0.000000
0.000000
0.000000
0.185987
0.185608
0.185667
0.000000
0.000000
0.000000
0.000000
0.000000
0.000000
0.098802
0.100318
0.101659
0.102832
0.103851
0.104710
0.105422
0.105992
0.106410
0.106689
0.106828
0.106828
0.106689
0.106410
0.105992
0.105422
0.104710
0.103851
0.102832
0.101659
0.100318
0.098802
0.000000
0.000000
0.000000
0.000000
0.000000
0.000000
0.185667
0.185705
0.000000
0.000000
0.000000
0.000000
0.000000
0.000000
0.099062
0.100573
0.101913
0.103081
0.104099
0.104954
0.105666
0.106231
0.106649
0.106928
0.107067
0.107067
0.106928
0.106649
0.106231
0.105666
0.104954
0.104099
0.103081
0.101913
0.100573
0.099062
0.000000
0.000000
0.000000
0.000000
0.000000
0.000000
0.185705
0.185721
0.000000
0.000000
0.000000
0.000000
0.000000
0.000000
0.099171
0.100680
0.102020
0.103186
0.104202
0.105057
0.105770
0.106333
0.106751
0.107029
0.107169
0.107169
0.107029
0.106751
0.106333
0.105770
0.105057
0.104202
0.103186
0.102020
0.100680
0.099171
0.000000
0.000000
0.000000
0.000000
0.000000
0.000000
0.185721
0.185714
0.000000
0.000000
0.000000
0.000000
0.000000
0.000000
0.099130
0.100639
0.101981
0.103147
0.104164
0.105019
0.105732
0.106296
0.106714
0.106993
0.107132
0.107132
0.106993
0.106714
0.106296
0.105732
0.105019
0.104164
0.103147
0.101981
0.100639
0.099130
0.000000
0.000000
0.000000
0.000000
0.000000
0.000000
0.185714
0.185686
0.000000
0.000000
0.000000
0.000000
0.000000
0.000000
0.098937
0.100451
0.101793
0.102964
0.103985
0.104840
0.105553
0.106121
0.106539
0.106818
0.106958
0.106958
0.106818
0.106539
0.106121
0.105553
0.104840
0.103985
0.102964
0.101793
0.100451
0.098937
0.000000
0.000000
0.000000
0.000000
0.000000
0.000000
0.185686
0.185635
0.000000
0.000000
0.000000
0.000000
0.000000
0.000000
0.098594
0.100116
0.101458
0.102636
0.103657
0.104520
0.105233
0.105804
0.106226
0.106505
0.106645
0.106645
0.106505
0.106226
0.105804
0.105233
0.104520
0.103657
0.102636
0.101458
0.100116
0.098594
0.000000
0.000000
0.000000
0.000000
0.000000
0.000000
0.185635
0.185562
0.185942
0.000000
0.000000
0.000000
0.000000
0.000000
0.098099
0.099624
0.100974
0.102164
0.103185
0.104059
0.104772
0.105342
0.105770
0.106054
0.106194
0.106194
0.106054
0.105770
0.105342
0.104772
0.104059
0.103185
0.102164
0.100974
0.099624
0.098099
0.000000
0.000000
0.000000
0.000000
0.000000
0.185942
0.185562
0.185467
0.185847
0.000000
0.000000
0.000000
0.000000
0.000000
0.000000
0.098979
0.100344
0.101537
0.102568
0.103443
0.104169
0.104740
0.105168
0.105453
0.105596
0.105596
0.105453
0.105168
0.104740
0.104169
0.103443
0.102568
0.101537
0.100344
0.098979
0.000000
0.000000
0.000000
0.000000
0.000000
0.000000
0.185847
0.185467
0.185350
0.185730
0.000000
0.000000
0.000000
0.000000
0.000000
0.000000
0.098182
0.099555
0.100758
0.101802
0.102682
0.103412
0.103995
0.104423
0.104709
0.104852
0.104852
0.104709
0.104423
0.103995
0.103412
0.102682
0.101802
0.100758
0.099555
0.098182
0.000000
0.000000
0.000000
0.000000
0.000000
0.000000
0.185730
0.185350
0.185211
0.185591
0.185948
0.000000
0.000000
0.000000
0.000000
0.000000
0.000000
0.098607
0.099828
0.100876
0.101771
0.102506
0.103089
0.103527
0.103819
0.103965
0.103965
0.103819
0.103527
0.103089
0.102506
0.101771
0.100876
0.099828
0.098607
0.000000
0.000000
0.000000
0.000000
0.000000
0.000000
0.185948
0.185591
0.185211
0.185049
0.185429
0.185787
0.000000
0.000000
0.000000
0.000000
0.000000
0.000000
0.000000
0.098729
0.099797
0.100697
0.101443
0.102039
0.102477
0.102769
0.102915
0.102915
0.102769
0.102477
0.102039
0.101443
0.100697
0.099797
0.098729
0.000000
0.000000
0.000000
0.000000
0.000000
0.000000
0.000000
0.185787
0.185429
0.185049
0.184866
0.185246
0.185603
0.185938
0.000000
0.000000
0.000000
0.000000
0.000000
0.000000
0.000000
0.098547
0.099462
0.100220
0.100817
0.101265
0.101564
0.101713
0.101713
0.101564
0.101265
0.100817
0.100220
0.099462
0.098547
0.000000
0.000000
0.000000
0.000000
0.000000
0.000000
0.000000
0.185938
0.185603
0.185246
0.184866
0.184660
0.185040
0.185397
0.185733
0.000000
0.000000
0.000000
0.000000
0.000000
0.000000
0.000000
0.000000
0.098061
0.098824
0.099434
0.099892
0.100193
0.100343
0.100343
0.100193
0.099892
0.099434
0.098824
0.098061
0.000000
0.000000
0.000000
0.000000
0.000000
0.000000
0.000000
0.000000
0.185733
0.185397
0.185040
0.184660
0.184432
0.184812
0.185169
0.185505
0.185818
0.000000
0.000000
0.000000
0.000000
0.000000
0.000000
0.000000
0.000000
0.000000
0.000000
0.098339
0.098645
0.098797
0.098797
0.098645
0.098339
0.000000
0.000000
0.000000
0.000000
0.000000
0.000000
0.000000
0.000000
0.000000
0.000000
0.185818
0.185505
0.185169
0.184812
0.184432
0.184181
0.184561
0.184919
0.185255
0.185568
0.185859
0.000000
0.000000
0.000000
0.000000
0.000000
0.000000
0.000000
0.000000
0.000000
0.000000
0.000000
0.000000
0.000000
0.000000
0.000000
0.000000
0.000000
0.000000
0.000000
0.000000
0.000000
0.000000
0.000000
0.000000
0.185859
0.185568
0.185255
0.184919
0.184561
0.184181
0.183880
0.184289
0.184647
0.184982
0.185296
0.185586
0.185855
0.000000
0.000000
0.000000
0.000000
0.000000
0.000000
0.000000
0.000000
0.000000
0.000000
0.000000
0.000000
0.000000
0.000000
0.000000
0.000000
0.000000
0.000000
0.000000
0.000000
0.000000
0.000000
0.185855
0.185586
0.185296
0.184982
0.184647
0.184289
0.183880
0.183494
0.183993
0.184352
0.184688
0.185001
0.185292
0.185560
0.185807
0.000000
0.000000
0.000000
0.000000
0.000000
0.000000
0.000000
0.000000
0.000000
0.000000
0.000000
0.000000
0.000000
0.000000
0.000000
0.000000
0.000000
0.000000
0.000000
0.000000
0.185807
0.185560
0.185292
0.185001
0.184688
0.184352
0.183993
0.183494
0.183078
0.183577
0.184035
0.184371
0.184684
0.184975
0.185244
0.185490
0.185714
0.185915
0.000000
0.000000
0.000000
0.000000
0.000000
0.000000
0.000000
0.000000
0.000000
0.000000
0.000000
0.000000
0.000000
0.000000
0.000000
0.000000
0.185915
0.185714
0.185490
0.185244
0.184975
0.184684
0.184371
0.184035
0.183577
0.183078
0.182632
0.183132
0.183601
0.184032
0.184345
0.184636
0.184905
0.185151
0.185375
0.185576
0.185755
0.185912
0.000000
0.000000
0.000000
0.000000
0.000000
0.000000
0.000000
0.000000
0.000000
0.000000
0.000000
0.000000
0.185912
0.185755
0.185576
0.185375
0.185151
0.184905
0.184636
0.184345
0.184032
0.183601
0.183132
0.182632
0.182158
0.182657
0.183127
0.183568
0.183979
0.184275
0.184544
0.184790
0.185014
0.185215
0.185394
0.185551
0.185685
0.185797
0.185887
0.185954
0.185999
0.000000
0.000000
0.185999
0.185954
0.185887
0.185797
0.185685
0.185551
0.185394
0.185215
0.185014
0.184790
0.184544
0.184275
0.183979
0.183568
0.183127
0.182657
0.182158
0.181593
0.182154
0.182624
0.183064
0.183476
0.183857
0.184160
0.184406
0.184630
0.184832
0.185011
0.185167
0.185302
0.185414
0.185503
0.185571
0.185615
0.185638
0.185638
0.185615
0.185571
0.185503
0.185414
0.185302
0.185167
0.185011
0.184832
0.184630
0.184406
0.184160
0.183857
0.183476
0.183064
0.182624
0.182154
0.181593
0.180967
0.181554
0.182091
0.182532
0.182943
0.183325
0.183677
0.184000
0.184224
0.184426
0.184605
0.184762
0.184896
0.185008
0.185098
0.185165
0.185210
0.185232
0.185232
0.185210
0.185165
0.185098
0.185008
0.184896
0.184762
0.184605
0.184426
0.184224
0.184000
0.183677
0.183325
0.182943
0.182532
0.182091
0.181554
0.180967
0.180305
0.180893
0.181446
0.181964
0.182381
0.182763
0.183116
0.183439
0.183733
0.183997
0.184177
0.184334
0.184468
0.184580
0.184670
0.184737
0.184782
0.184804
0.184804
0.184782
0.184737
0.184670
0.184580
0.184468
0.184334
0.184177
0.183997
0.183733
0.183439
0.183116
0.182763
0.182381
0.181964
0.181446
0.180893
0.180305
0.179558
0.180197
0.180750
0.181269
0.181753
0.182172
0.182525
0.182848
0.183142
0.183406
0.183641
0.183847
0.184018
0.184130
0.184220
0.184287
0.184332
0.184354
0.184354
0.184332
0.184287
0.184220
0.184130
0.184018
0.183847
0.183641
0.183406
0.183142
0.182848
0.182525
0.182172
0.181753
0.181269
0.180750
0.180197
0.179558
0.178732
0.179397
0.180020
0.180539
0.181023
0.181472
0.181887
0.182228
0.182521
0.182786
0.183021
0.183227
0.183403
0.183550
0.183668
0.183756
0.183815
0.183844
0.183844
0.183815
0.183756
0.183668
0.183550
0.183403
0.183227
0.183021
0.182786
0.182521
0.182228
0.181887
0.181472
0.181023
0.180539
0.180020
0.179397
0.178732
0.177852
0.178532
0.179158
0.179745
0.180259
0.180708
0.181123
0.181504
0.181849
0.182137
0.182372
0.182577
0.182754
0.182901
0.183019
0.183107
0.183166
0.183195
0.183195
0.183166
0.183107
0.183019
0.182901
0.182754
0.182577
0.182372
0.182137
0.181849
0.181504
0.181123
0.180708
0.180259
0.179745
0.179158
0.178532
0.177852
0.176847
0.177586
0.178254
0.178841
0.179389
0.179898
0.180325
0.180705
0.181051
0.181362
0.181639
0.181881
0.182075
0.182222
0.182340
0.182428
0.182487
0.182516
0.182516
0.182487
0.182428
0.182340
0.182222
0.182075
0.181881
0.181639
0.181362
0.181051
0.180705
0.180325
0.179898
0.179389
0.178841
0.178254
0.177586
0.176847
0.175780
0.176538
0.177234
0.177886
0.178446
0.178955
0.179424
0.179855
0.180218
0.180529
0.180806
0.181048
0.181255
0.181428
0.181567
0.181671
0.181740
0.181774
0.181774
0.181740
0.181671
0.181567
0.181428
0.181255
0.181048
0.180806
0.180529
0.180218
0.179855
0.179424
0.178955
0.178446
0.177886
0.177234
0.176538
0.175780
0.174584
0.175394
0.176142
0.176795
0.177404
0.177969
0.178442
0.178873
0.179264
0.179617
0.179930
0.180180
0.180388
0.180561
0.180699
0.180803
0.180872
0.180907
0.180907
0.180872
0.180803
0.180699
0.180561
0.180388
0.180180
0.179930
0.179617
0.179264
0.178873
0.178442
0.177969
0.177404
0.176795
0.176142
0.175394
0.174584
0.173291
0.174151
0.174913
0.175628
0.176269
0.176835
0.177357
0.177835
0.178243
0.178596
0.178909
0.179183
0.179418
0.179614
0.179771
0.179888
0.179967
0.180005
0.180005
0.179967
0.179888
0.179771
0.179614
0.179418
0.179183
0.178909
0.178596
0.178243
0.177835
0.177357
0.176835
0.176269
0.175628
0.174913
0.174151
0.173291
0.171896
0.172774
0.173594
0.174338
0.175005
0.175624
0.176179
0.176657
0.177093
0.177484
0.177832
0.178123
0.178358
0.178554
0.178711
0.178828
0.178907
0.178946
0.178946
0.178907
0.178828
0.178711
0.178554
0.178358
0.178123
0.177832
0.177484
0.177093
0.176657
0.176179
0.175624
0.175005
0.174338
0.173594
0.172774
0.171896
0.170375
0.171296
0.172154
0.172924
0.173642
0.174287
0.174858
0.175383
0.175859
0.176263
0.176611
0.176916
0.177177
0.177395
0.177569
0.177699
0.177786
0.177830
0.177830
0.177786
0.177699
0.177569
0.177395
0.177177
0.176916
0.176611
0.176263
0.175859
0.175383
0.174858
0.174287
0.173642
0.172924
0.172154
0.171296
0.170375
0.168762
0.169712
0.170588
0.171400
0.172150
0.172817
0.173433
0.173998
0.174474
0.174903
0.175284
0.175618
0.175904
0.176130
0.176304
0.176435
0.176522
0.176565
0.176565
0.176522
0.176435
0.176304
0.176130
0.175904
0.175618
0.175284
0.174903
0.174474
0.173998
0.173433
0.172817
0.172150
0.171400
0.170588
0.169712
0.168762
0.167074
0.168031
0.168925
0.169764
0.170530
0.171234
0.171885
0.172455
0.172968
0.173430
0.173841
0.174186
0.174472
0.174710
0.174901
0.175044
0.175139
0.175187
0.175187
0.175139
0.175044
0.174901
0.174710
0.174472
0.174186
0.173841
0.173430
0.172968
0.172455
0.171885
0.171234
0.170530
0.169764
0.168925
0.168031
0.167074
0.165336
0.166281
0.167182
0.168027
0.168810
0.169537
0.170202
0.170798
0.171340
0.171828
0.172247
0.172607
0.172915
0.173171
0.173377
0.173531
0.173633
0.173685
0.173685
0.173633
0.173531
0.173377
0.173171
0.172915
0.172607
0.172247
0.171828
0.171340
0.170798
0.170202
0.169537
0.168810
0.168027
0.167182
0.166281
0.165336
0.163579
0.164502
0.165388
0.166221
0.167010
0.167742
0.168415
0.169031
0.169590
0.170091
0.170524
0.170904
0.171229
0.171500
0.171717
0.171879
0.171988
0.172040
0.172040
0.171988
0.171879
0.171717
0.171500
0.171229
0.170904
0.170524
0.170091
0.169590
0.169031
0.168415
0.167742
0.167010
0.166221
0.165388
0.164502
0.163579
0.161833
0.162726
0.163576
0.164388
0.165163
0.165883
0.166557
0.167176
0.167740
0.168245
0.168693
0.169084
0.169420
0.169700
0.169924
0.170089
0.170197
0.170251
0.170251
0.170197
0.170089
0.169924
0.169700
0.169420
0.169084
0.168693
0.168245
0.167740
0.167176
0.166557
0.165883
0.165163
0.164388
0.163576
0.162726
0.161833
0.160125
0.160977
0.161780
0.162564
0.163308
0.163998
0.164663
0.165271
0.165825
0.166329
0.166780
0.167174
0.167512
0.167794
0.168019
0.168187
0.168299
0.168355
0.168355
0.168299
0.168187
0.168019
0.167794
0.167512
0.167174
0.166780
0.166329
0.165825
0.165271
0.164663
0.163998
0.163308
0.162564
0.161780
0.160977
0.160125
0.158470
0.159269
0.160022
0.160774
0.161476
0.162136
0.162774
0.163359
0.163890
0.164384
0.164827
0.165214
0.165546
0.165823
0.166045
0.166214
0.166327
0.166383
0.166383
0.166327
0.166214
0.166045
0.165823
0.165546
0.165214
0.164827
0.164384
0.163890
0.163359
0.162774
0.162136
0.161476
0.160774
0.160022
0.159269
0.158470
0.156850
0.157601
0.158327
0.159032
0.159689
0.160320
0.160922
0.161474
0.161976
0.162453
0.162878
0.163251
0.163569
0.163835
0.164050
0.164216
0.164327
0.164382
0.164382
0.164327
0.164216
0.164050
0.163835
0.163569
0.163251
0.162878
0.162453
0.161976
0.161474
0.160922
0.160320
0.159689
0.159032
0.158327
0.157601
0.156850
0.155247
0.155966
0.156672
0.157334
0.157953
0.158560
0.159124
0.159641
0.160118
0.160570
0.160971
0.161322
0.161623
0.161874
0.162080
0.162239
0.162345
0.162399
0.162399
0.162345
0.162239
0.162080
0.161874
0.161623
0.161322
0.160971
0.160570
0.160118
0.159641
0.159124
0.158560
0.157953
0.157334
0.156672
0.155966
0.155247
0.153643
0.154357
0.155034
0.155668
0.156272
0.156847
0.157377
0.157863
0.158324
0.158747
0.159123
0.159452
0.159734
0.159969
0.160167
0.160318
0.160418
0.160468
0.160468
0.160418
0.160318
0.160167
0.159969
0.159734
0.159452
0.159123
0.158747
0.158324
0.157863
0.157377
0.156847
0.156272
0.155668
0.155034
0.154357
0.153643
0.152013
0.152723
0.153391
0.154017
0.154609
0.155159
0.155667
0.156138
0.156580
0.156978
0.157331
0.157641
0.157906
0.158135
0.158323
0.158464
0.158558
0.158605
0.158605
0.158558
0.158464
0.158323
0.158135
0.157906
0.157641
0.157331
0.156978
0.156580
0.156138
0.155667
0.155159
0.154609
0.154017
0.153391
0.152723
0.152013
0.150304
0.151030
0.151713
0.152346
0.152930
0.153473
0.153974
0.154439
0.154862
0.155243
0.155582
0.155878
0.156138
0.156359
0.156535
0.156668
0.156756
0.156800
0.156800
0.156756
0.156668
0.156535
0.156359
0.156138
0.155878
0.155582
0.155243
0.154862
0.154439
0.153974
0.153473
0.152930
0.152346
0.151713
0.151030
0.150304
0.148465
0.149234
0.149958
0.150601
0.151199
0.151755
0.152261
0.152720
0.153138
0.153514
0.153848
0.154142
0.154396
0.154608
0.154777
0.154904
0.154989
0.155031
0.155031
0.154989
0.154904
0.154777
0.154608
0.154396
0.154142
0.153848
0.153514
0.153138
0.152720
0.152261
0.151755
0.151199
0.150601
0.149958
0.149234
0.148465
0.146436
0.147273
0.148056
0.148735
0.149369
0.149957
0.150472
0.150942
0.151369
0.151754
0.152093
0.152386
0.152636
0.152845
0.153012
0.153137
0.153221
0.153263
0.153263
0.153221
0.153137
0.153012
0.152845
0.152636
0.152386
0.152093
0.151754
0.151369
0.150942
0.150472
0.149957
0.149369
0.148735
0.148056
0.147273
0.146436
0.144138
0.145064
0.145936
0.146681
0.147371
0.148010
0.148553
0.149051
0.149504
0.149911
0.150258
0.150557
0.150813
0.151027
0.151198
0.151326
0.151412
0.151454
0.151454
0.151412
0.151326
0.151198
0.151027
0.150813
0.150557
0.150258
0.149911
0.149504
0.149051
0.148553
0.148010
0.147371
0.146681
0.145936
0.145064
0.144138
0.141427
0.142515
0.143485
0.144355
0.145117
0.145826
0.146434
0.146976
0.147468
0.147912
0.148281
0.148598
0.148869
0.149096
0.149277
0.149413
0.149503
0.149548
0.149548
0.149503
0.149413
0.149277
0.149096
0.148869
0.148598
0.148281
0.147912
0.147468
0.146976
0.146434
0.145826
0.145117
0.144355
0.143485
0.142515
0.141427
0.138229
0.139491
0.140617
0.141627
0.142513
0.143302
0.144027
0.144626
0.145171
0.145662
0.146088
0.146433
0.146729
0.146975
0.147172
0.147320
0.147419
0.147468
0.147468
0.147419
0.147320
0.147172
0.146975
0.146729
0.146433
0.146088
0.145662
0.145171
0.144626
0.144027
0.143302
0.142513
0.141627
0.140617
0.139491
0.138229
0.134399
0.135887
0.137193
0.138375
0.139415
0.140346
0.141154
0.141895
0.142512
0.143058
0.143544
0.143968
0.144299
0.144571
0.144789
0.144953
0.145062
0.145116
0.145116
0.145062
0.144953
0.144789
0.144571
0.144299
0.143968
0.143544
0.143058
0.142512
0.141895
0.141154
0.140346
0.139415
0.138375
0.137193
0.135887
0.134399
0.129909
0.131595
0.133114
0.134484
0.135710
0.136786
0.137760
0.138597
0.139340
0.140008
0.140547
0.141019
0.141423
0.141760
0.142027
0.142209
0.142330
0.142391
0.142391
0.142330
0.142209
0.142027
0.141760
0.141423
0.141019
0.140547
0.140008
0.139340
0.138597
0.137760
0.136786
0.135710
0.134484
0.133114
0.131595
0.129909
0.124755
0.126635
0.128350
0.129906
0.131296
0.132551
0.133674
0.134658
0.135534
0.136299
0.136948
0.137516
0.138002
0.138374
0.138671
0.138894
0.139043
0.139117
0.139117
0.139043
0.138894
0.138671
0.138374
0.138002
0.137516
0.136948
0.136299
0.135534
0.134658
0.133674
0.132551
0.131296
0.129906
0.128350
0.126635
0.124755
0.119016
0.121058
0.122930
0.124641
0.126201
0.127606
0.128867
0.130008
0.130998
0.131889
0.132644
0.133299
0.133860
0.134307
0.134658
0.134921
0.135096
0.135183
0.135183
0.135096
0.134921
0.134658
0.134307
0.133860
0.133299
0.132644
0.131889
0.130998
0.130008
0.128867
0.127606
0.126201
0.124641
0.122930
0.121058
0.119016
0.112696
0.114897
0.116918
0.118770
0.120463
0.122005
0.123390
0.124640
0.125759
0.126740
0.127605
0.128347
0.128970
0.129489
0.129905
0.130206
0.130404
0.130503
0.130503
0.130404
0.130206
0.129905
0.129489
0.128970
0.128347
0.127605
0.126740
0.125759
0.124640
0.123390
0.122005
0.120463
0.118770
0.116918
0.114897
0.112696
0.105735
0.108118
0.110301
0.112301
0.114128
0.115789
0.117291
0.118647
0.119865
0.120936
0.121886
0.122697
0.123390
0.123967
0.124416
0.124751
0.124975
0.125087
0.125087
0.124975
0.124751
0.124416
0.123967
0.123390
0.122697
0.121886
0.120936
0.119865
0.118647
0.117291
0.115789
0.114128
0.112301
0.110301
0.108118
0.105735
0.098027
0.100615
0.102989
0.105159
0.107138
0.108937
0.110567
0.112038
0.113345
0.114510
0.115532
0.116417
0.117165
0.117789
0.118281
0.118647
0.118890
0.119012
0.119012
0.118890
0.118647
0.118281
0.117789
0.117165
0.116417
0.115532
0.114510
0.113345
0.112038
0.110567
0.108937
0.107138
0.105159
0.102989
0.100615
0.098027
0.000000
0.000000
0.000000
0.000000
0.099402
0.101361
0.103133
0.104728
0.106157
0.107417
0.108526
0.109484
0.110299
0.110968
0.111503
0.111905
0.112168
0.112299
0.112299
0.112168
0.111905
0.111503
0.110968
0.110299
0.109484
0.108526
0.107417
0.106157
0.104728
0.103133
0.101361
0.099402
0.000000
0.000000
0.000000
0.000000
