0.183304
0.183811
0.184220
0.184560
0.184879
0.185174
0.185447
0.185697
0.185924
0.000000
0.000000
0.000000
0.000000
0.000000
0.000000
0.000000
0.000000
0.000000
0.000000
0.000000
0.000000
0.000000
0.000000
0.000000
0.000000
0.000000
0.000000
0.185924
0.185697
0.185447
0.185174
0.184879
0.184560
0.184220
0.183811
0.183304
0.184689
0.185076
0.185440
0.185781
0.000000
0.000000
0.000000
0.000000
0.000000
0.000000
0.000000
0.000000
0.098617
0.099393
0.100013
0.100469
0.100772
0.100924
0.100924
0.100772
0.100469
0.100013
0.099393
0.098617
0.000000
0.000000
0.000000
0.000000
0.000000
0.000000
0.000000
0.000000
0.185781
0.185440
0.185076
0.184689
0.185887
0.000000
0.000000
0.000000
0.000000
0.000000
0.098882
0.100577
0.102093
0.103429
0.104604
0.105620
0.106481
0.107191
0.107759
0.108181
0.108458
0.108597
0.108597
0.108458
0.108181
0.107759
0.107191
0.106481
0.105620
0.104604
0.103429
0.102093
0.100577
0.098882
0.000000
0.000000
0.000000
0.000000
0.000000
0.185887
0.000000
0.000000
0.098528
0.100838
0.102943
0.104855
0.106584
0.108144
0.109532
0.110764
0.111850
0.112781
0.113577
0.114235
0.114753
0.115142
0.115401
0.115530
0.115530
0.115401
0.115142
0.114753
0.114235
0.113577
0.112781
0.111850
0.110764
0.109532
0.108144
0.106584
0.104855
0.102943
0.100838
0.098528
0.000000
0.000000
0.101253
0.103795
0.106121
0.108247
0.110186
0.111951
0.113544
0.114980
0.116270
0.117409
0.118411
0.119276
0.120017
0.120619
0.121101
0.121462
0.121703
0.121823
0.121823
0.121703
0.121462
0.121101
0.120619
0.120017
0.119276
0.118411
0.117409
0.116270
0.114980
0.113544
0.111951
0.110186
0.108247
0.106121
0.103795
0.101253
0.108490
0.110832
0.112981
0.114949
0.116746
0.118383
0.119865
0.121193
0.122387
0.123441
0.124367
0.125163
0.125844
0.126398
0.126837
0.127166
0.127386
0.127495
0.127495
0.127386
0.127166
0.126837
0.126398
0.125844
0.125163
0.124367
0.123441
0.122387
0.121193
0.119865
0.118383
0.116746
0.114949
0.112981
0.110832
0.108490
0.115049
0.117224
0.119220
0.121047
0.122713
0.124229
0.125593
0.126814
0.127911
0.128864
0.129707
0.130424
0.131027
0.131529
0.131931
0.132220
0.132410
0.132505
0.132505
0.132410
0.132220
0.131931
0.131529
0.131027
0.130424
0.129707
0.128864
0.127911
0.126814
0.125593
0.124229
0.122713
0.121047
0.119220
0.117224
0.115049
0.121022
0.123041
0.124888
0.126573
0.128105
0.129475
0.130706
0.131812
0.132772
0.133628
0.134363
0.134986
0.135520
0.135965
0.136297
0.136545
0.136709
0.136792
0.136792
0.136709
0.136545
0.136297
0.135965
0.135520
0.134986
0.134363
0.133628
0.132772
0.131812
0.130706
0.129475
0.128105
0.126573
0.124888
0.123041
0.121022
0.126442
0.128296
0.129983
0.131492
0.132851
0.134081
0.135149
0.136119
0.136943
0.137685
0.138315
0.138844
0.139297
0.139674
0.139976
0.140184
0.140321
0.140389
0.140389
0.140321
0.140184
0.139976
0.139674
0.139297
0.138844
0.138315
0.137685
0.136943
0.136119
0.135149
0.134081
0.132851
0.131492
0.129983
0.128296
0.126442
0.131274
0.132930
0.134422
0.135758
0.136930
0.138001
0.138908
0.139738
0.140448
0.141064
0.141612
0.142082
0.142452
0.142760
0.143007
0.143192
0.143315
0.143377
0.143377
0.143315
0.143192
0.143007
0.142760
0.142452
0.142082
0.141612
0.141064
0.140448
0.139738
0.138908
0.138001
0.136930
0.135758
0.134422
0.132930
0.131274
0.135477
0.136917
0.138217
0.139350
0.140369
0.141260
0.142074
0.142752
0.143369
0.143924
0.144375
0.144763
0.145096
0.145373
0.145595
0.145761
0.145872
0.145927
0.145927
0.145872
0.145761
0.145595
0.145373
0.145096
0.144763
0.144375
0.143924
0.143369
0.142752
0.142074
0.141260
0.140369
0.139350
0.138217
0.136917
0.135477
0.139038
0.140292
0.141388
0.142374
0.143238
0.144036
0.144701
0.145311
0.145865
0.146329
0.146730
0.147081
0.147382
0.147632
0.147833
0.147983
0.148077
0.148123
0.148123
0.148077
0.147983
0.147833
0.147632
0.147382
0.147081
0.146730
0.146329
0.145865
0.145311
0.144701
0.144036
0.143238
0.142374
0.141388
0.140292
0.139038
0.142059
0.143108
0.144085
0.144917
0.145693
0.146374
0.146976
0.147527
0.148026
0.148441
0.148809
0.149132
0.149408
0.149638
0.149823
0.149961
0.150050
0.150094
0.150094
0.150050
0.149961
0.149823
0.149638
0.149408
0.149132
0.148809
0.148441
0.148026
0.147527
0.146976
0.146374
0.145693
0.144917
0.144085
0.143108
0.142059
0.144579
0.145522
0.146370
0.147122
0.147824
0.148437
0.148990
0.149497
0.149957
0.150351
0.150699
0.151004
0.151265
0.151482
0.151656
0.151787
0.151874
0.151917
0.151917
0.151874
0.151787
0.151656
0.151482
0.151265
0.151004
0.150699
0.150351
0.149957
0.149497
0.148990
0.148437
0.147824
0.147122
0.146370
0.145522
0.144579
0.146767
0.147619
0.148387
0.149079
0.149724
0.150305
0.150827
0.151305
0.151740
0.152129
0.152469
0.152767
0.153022
0.153235
0.153405
0.153532
0.153617
0.153660
0.153660
0.153617
0.153532
0.153405
0.153235
0.153022
0.152767
0.152469
0.152129
0.151740
0.151305
0.150827
0.150305
0.149724
0.149079
0.148387
0.147619
0.146767
0.148707
0.149491
0.150215
0.150868
0.151477
0.152042
0.152552
0.153020
0.153446
0.153828
0.154171
0.154473
0.154731
0.154947
0.155119
0.155249
0.155335
0.155378
0.155378
0.155335
0.155249
0.155119
0.154947
0.154731
0.154473
0.154171
0.153828
0.153446
0.153020
0.152552
0.152042
0.151477
0.150868
0.150215
0.149491
0.148707
0.150474
0.151214
0.151911
0.152551
0.153146
0.153699
0.154213
0.154687
0.155118
0.155507
0.155852
0.156160
0.156430
0.156656
0.156836
0.156971
0.157061
0.157106
0.157106
0.157061
0.156971
0.156836
0.156656
0.156430
0.156160
0.155852
0.155507
0.155118
0.154687
0.154213
0.153699
0.153146
0.152551
0.151911
0.151214
0.150474
0.152124
0.152848
0.153528
0.154169
0.154773
0.155333
0.155851
0.156340
0.156790
0.157196
0.157556
0.157872
0.158151
0.158390
0.158582
0.158726
0.158822
0.158870
0.158870
0.158822
0.158726
0.158582
0.158390
0.158151
0.157872
0.157556
0.157196
0.156790
0.156340
0.155851
0.155333
0.154773
0.154169
0.153528
0.152848
0.152124
0.153698
0.154427
0.155118
0.155765
0.156385
0.156971
0.157511
0.158008
0.158487
0.158918
0.159301
0.159637
0.159924
0.160175
0.160380
0.160533
0.160636
0.160687
0.160687
0.160636
0.160533
0.160380
0.160175
0.159924
0.159637
0.159301
0.158918
0.158487
0.158008
0.157511
0.156971
0.156385
0.155765
0.155118
0.154427
0.153698
0.155247
0.155981
0.156701
0.157377
0.158008
0.158631
0.159207
0.159734
0.160228
0.160688
0.161098
0.161456
0.161764
0.162021
0.162238
0.162400
0.162509
0.162563
0.162563
0.162509
0.162400
0.162238
0.162021
0.161764
0.161456
0.161098
0.160688
0.160228
0.159734
0.159207
0.158631
0.158008
0.157377
0.156701
0.155981
0.155247
0.156792
0.157558
0.158297
0.159016
0.159688
0.160332
0.160946
0.161510
0.162023
0.162511
0.162945
0.163325
0.163651
0.163922
0.164145
0.164314
0.164427
0.164484
0.164484
0.164427
0.164314
0.164145
0.163922
0.163651
0.163325
0.162945
0.162511
0.162023
0.161510
0.160946
0.160332
0.159688
0.159016
0.158297
0.157558
0.156792
0.158347
0.159162
0.159929
0.160693
0.161410
0.162080
0.162731
0.163328
0.163871
0.164374
0.164827
0.165222
0.165561
0.165844
0.166071
0.166244
0.166359
0.166417
0.166417
0.166359
0.166244
0.166071
0.165844
0.165561
0.165222
0.164827
0.164374
0.163871
0.163328
0.162731
0.162080
0.161410
0.160693
0.159929
0.159162
0.158347
0.159932
0.160798
0.161618
0.162409
0.163169
0.163875
0.164548
0.165170
0.165735
0.166248
0.166709
0.167112
0.167457
0.167745
0.167975
0.168147
0.168261
0.168318
0.168318
0.168261
0.168147
0.167975
0.167745
0.167457
0.167112
0.166709
0.166248
0.165735
0.165170
0.164548
0.163875
0.163169
0.162409
0.161618
0.160798
0.159932
0.161570
0.162468
0.163336
0.164157
0.164948
0.165684
0.166369
0.167002
0.167578
0.168095
0.168552
0.168953
0.169296
0.169582
0.169810
0.169982
0.170093
0.170149
0.170149
0.170093
0.169982
0.169810
0.169582
0.169296
0.168953
0.168552
0.168095
0.167578
0.167002
0.166369
0.165684
0.164948
0.164157
0.163336
0.162468
0.161570
0.163232
0.164162
0.165067
0.165915
0.166720
0.167468
0.168158
0.168787
0.169359
0.169874
0.170321
0.170709
0.171041
0.171318
0.171540
0.171706
0.171817
0.171872
0.171872
0.171817
0.171706
0.171540
0.171318
0.171041
0.170709
0.170321
0.169874
0.169359
0.168787
0.168158
0.167468
0.166720
0.165915
0.165067
0.164162
0.163232
0.164903
0.165865
0.166784
0.167648
0.168451
0.169194
0.169881
0.170494
0.171048
0.171547
0.171990
0.172358
0.172673
0.172935
0.173145
0.173303
0.173408
0.173460
0.173460
0.173408
0.173303
0.173145
0.172935
0.172673
0.172358
0.171990
0.171547
0.171048
0.170494
0.169881
0.169194
0.168451
0.167648
0.166784
0.165865
0.164903
0.166560
0.167539
0.168458
0.169316
0.170113
0.170834
0.171499
0.172103
0.172628
0.173100
0.173520
0.173888
0.174188
0.174432
0.174627
0.174773
0.174871
0.174920
0.174920
0.174871
0.174773
0.174627
0.174432
0.174188
0.173888
0.173520
0.173100
0.172628
0.172103
0.171499
0.170834
0.170113
0.169316
0.168458
0.167539
0.166560
0.168180
0.169152
0.170066
0.170897
0.171673
0.172373
0.173003
0.173581
0.174098
0.174537
0.174927
0.175269
0.175561
0.175805
0.176000
0.176134
0.176223
0.176267
0.176267
0.176223
0.176134
0.176000
0.175805
0.175561
0.175269
0.174927
0.174537
0.174098
0.173581
0.173003
0.172373
0.171673
0.170897
0.170066
0.169152
0.168180
0.169733
0.170684
0.171571
0.172381
0.173117
0.173799
0.174399
0.174935
0.175423
0.175862
0.176231
0.176542
0.176810
0.177033
0.177211
0.177345
0.177434
0.177478
0.177478
0.177434
0.177345
0.177211
0.177033
0.176810
0.176542
0.176231
0.175862
0.175423
0.174935
0.174399
0.173799
0.173117
0.172381
0.171571
0.170684
0.169733
0.171192
0.172128
0.172968
0.173756
0.174456
0.175090
0.175676
0.176194
0.176640
0.177041
0.177397
0.177709
0.177977
0.178180
0.178340
0.178460
0.178541
0.178581
0.178581
0.178541
0.178460
0.178340
0.178180
0.177977
0.177709
0.177397
0.177041
0.176640
0.176194
0.175676
0.175090
0.174456
0.173756
0.172968
0.172128
0.171192
0.172557
0.173450
0.174270
0.175002
0.175685
0.176292
0.176827
0.177317
0.177763
0.178148
0.178469
0.178749
0.178990
0.179191
0.179351
0.179472
0.179552
0.179592
0.179592
0.179552
0.179472
0.179351
0.179191
0.178990
0.178749
0.178469
0.178148
0.177763
0.177317
0.176827
0.176292
0.175685
0.175002
0.174270
0.173450
0.172557
0.173828
0.174670
0.175451
0.176167
0.176791
0.177371
0.177906
0.178357
0.178758
0.179119
0.179440
0.179721
0.179962
0.180144
0.180286
0.180392
0.180463
0.180498
0.180498
0.180463
0.180392
0.180286
0.180144
0.179962
0.179721
0.179440
0.179119
0.178758
0.178357
0.177906
0.177371
0.176791
0.176167
0.175451
0.174670
0.173828
0.174973
0.175803
0.176533
0.177202
0.177827
0.178366
0.178847
0.179289
0.179690
0.180046
0.180329
0.180578
0.180790
0.180968
0.181110
0.181216
0.181287
0.181322
0.181322
0.181287
0.181216
0.181110
0.180968
0.180790
0.180578
0.180329
0.180046
0.179690
0.179289
0.178847
0.178366
0.177827
0.177202
0.176533
0.175803
0.174973
0.176053
0.176811
0.177525
0.178174
0.178736
0.179258
0.179740
0.180160
0.180515
0.180834
0.181118
0.181367
0.181579
0.181757
0.181899
0.182004
0.182065
0.182095
0.182095
0.182065
0.182004
0.181899
0.181757
0.181579
0.181367
0.181118
0.180834
0.180515
0.180160
0.179740
0.179258
0.178736
0.178174
0.177525
0.176811
0.176053
0.177000
0.177758
0.178425
0.179027
0.179589
0.180098
0.180524
0.180914
0.181269
0.181589
0.181872
0.182103
0.182284
0.182435
0.182555
0.182646
0.182706
0.182736
0.182736
0.182706
0.182646
0.182555
0.182435
0.182284
0.182103
0.181872
0.181589
0.181269
0.180914
0.180524
0.180098
0.179589
0.179027
0.178425
0.177758
0.177000
0.177903
0.178596
0.179238
0.179841
0.180356
0.180817
0.181243
0.181634
0.181989
0.182262
0.182503
0.182714
0.182895
0.183046
0.183167
0.183258
0.183318
0.183348
0.183348
0.183318
0.183258
0.183167
0.183046
0.182895
0.182714
0.182503
0.182262
0.181989
0.181634
0.181243
0.180817
0.180356
0.179841
0.179238
0.178596
0.177903
0.178687
0.179370
0.180011
0.180543
0.181040
0.181502
0.181928
0.182270
0.182572
0.182844
0.183085
0.183296
0.183478
0.183628
0.183749
0.183840
0.183900
0.183930
0.183930
0.183900
0.183840
0.183749
0.183628
0.183478
0.183296
0.183085
0.182844
0.182572
0.182270
0.181928
0.181502
0.181040
0.180543
0.180011
0.179370
0.178687
0.179421
0.180092
0.180660
0.181192
0.181689
0.182128
0.182490
0.182822
0.183124
0.183396
0.183638
0.183849
0.184023
0.184138
0.184230
0.184299
0.184345
0.184368
0.184368
0.184345
0.184299
0.184230
0.184138
0.184023
0.183849
0.183638
0.183396
0.183124
0.182822
0.182490
0.182128
0.181689
0.181192
0.180660
0.180092
0.179421
0.180102
0.180706
0.181274
0.181806
0.182258
0.182651
0.183013
0.183345
0.183647
0.183919
0.184122
0.184283
0.184421
0.184536
0.184628
0.184697
0.184743
0.184766
0.184766
0.184743
0.184697
0.184628
0.184536
0.184421
0.184283
0.184122
0.183919
0.183647
0.183345
0.183013
0.182651
0.182258
0.181806
0.181274
0.180706
0.180102
0.180681
0.181285
0.181853
0.182328
0.182751
0.183143
0.183506
0.183838
0.184107
0.184314
0.184498
0.184659
0.184797
0.184912
0.185004
0.185073
0.185119
0.185142
0.185142
0.185119
0.185073
0.185004
0.184912
0.184797
0.184659
0.184498
0.184314
0.184107
0.183838
0.183506
0.183143
0.182751
0.182328
0.181853
0.181285
0.180681
0.181225
0.181829
0.182338
0.182791
0.183214
0.183606
0.183969
0.184229
0.184460
0.184667
0.184851
0.185012
0.185150
0.185265
0.185357
0.185427
0.185473
0.185496
0.185496
0.185473
0.185427
0.185357
0.185265
0.185150
0.185012
0.184851
0.184667
0.184460
0.184229
0.183969
0.183606
0.183214
0.182791
0.182338
0.181829
0.181225
0.181734
0.182287
0.182771
0.183224
0.183647
0.184030
0.184306
0.184560
0.184790
0.184997
0.185181
0.185343
0.185481
0.185596
0.185688
0.185757
0.185803
0.185826
0.185826
0.185803
0.185757
0.185688
0.185596
0.185481
0.185343
0.185181
0.184997
0.184790
0.184560
0.184306
0.184030
0.183647
0.183224
0.182771
0.182287
0.181734
0.182177
0.182691
0.183174
0.183627
0.184038
0.184338
0.184614
0.184867
0.185098
0.185305
0.185489
0.185650
0.185789
0.185904
0.185996
0.000000
0.000000
0.000000
0.000000
0.000000
0.000000
0.185996
0.185904
0.185789
0.185650
0.185489
0.185305
0.185098
0.184867
0.184614
0.184338
0.184038
0.183627
0.183174
0.182691
0.182177
0.182550
0.183064
0.183547
0.184001
0.184323
0.184623
0.184899
0.185152
0.185383
0.185590
0.185774
0.185936
0.000000
0.000000
0.000000
0.000000
0.000000
0.000000
0.000000
0.000000
0.000000
0.000000
0.000000
0.000000
0.185936
0.185774
0.185590
0.185383
0.185152
0.184899
0.184623
0.184323
0.184001
0.183547
0.183064
0.182550
0.182894
0.183408
0.183891
0.184263
0.184585
0.184885
0.185161
0.185415
0.185645
0.185852
0.000000
0.000000
0.000000
0.000000
0.000000
0.000000
0.000000
0.000000
0.000000
0.000000
0.000000
0.000000
0.000000
0.000000
0.000000
0.000000
0.185852
0.185645
0.185415
0.185161
0.184885
0.184585
0.184263
0.183891
0.183408
0.182894
0.183207
0.183721
0.184156
0.184502
0.184825
0.185124
0.185401
0.185654
0.185885
0.000000
0.000000
0.000000
0.000000
0.000000
0.000000
0.000000
0.000000
0.000000
0.000000
0.000000
0.000000
0.000000
0.000000
0.000000
0.000000
0.000000
0.000000
0.185885
0.185654
0.185401
0.185124
0.184825
0.184502
0.184156
0.183721
0.183207
0.183491
0.184004
0.184373
0.184719
0.185041
0.185341
0.185617
0.185871
0.000000
0.000000
0.000000
0.000000
0.000000
0.000000
0.000000
0.000000
0.000000
0.000000
0.000000
0.000000
0.000000
0.000000
0.000000
0.000000
0.000000
0.000000
0.000000
0.000000
0.185871
0.185617
0.185341
0.185041
0.184719
0.184373
0.184004
0.183491
0.183745
0.184198
0.184567
0.184912
0.185235
0.185535
0.185812
0.000000
0.000000
0.000000
0.000000
0.000000
0.000000
0.000000
0.000000
0.000000
0.000000
0.000000
0.000000
0.000000
0.000000
0.000000
0.000000
0.000000
0.000000
0.000000
0.000000
0.000000
0.000000
0.185812
0.185535
0.185235
0.184912
0.184567
0.184198
0.183745
0.183970
0.184369
0.184738
0.185084
0.185406
0.185706
0.185983
0.000000
0.000000
0.000000
0.000000
0.000000
0.000000
0.000000
0.000000
0.000000
0.000000
0.000000
0.000000
0.000000
0.000000
0.000000
0.000000
0.000000
0.000000
0.000000
0.000000
0.000000
0.000000
0.185983
0.185706
0.185406
0.185084
0.184738
0.184369
0.183970
0.184125
0.184517
0.184886
0.185232
0.185555
0.185855
0.000000
0.000000
0.000000
0.000000
0.000000
0.000000
0.000000
0.000000
0.000000
0.000000
0.000000
0.000000
0.000000
0.000000
0.000000
0.000000
0.000000
0.000000
0.000000
0.000000
0.000000
0.000000
0.000000
0.000000
0.185855
0.185555
0.185232
0.184886
0.184517
0.184125
0.184250
0.184642
0.185011
0.185358
0.185680
0.185980
0.000000
0.000000
0.000000
0.000000
0.000000
0.000000
0.000000
0.000000
0.000000
0.000000
0.098140
0.098297
0.098297
0.098140
0.000000
0.000000
0.000000
0.000000
0.000000
0.000000
0.000000
0.000000
0.000000
0.000000
0.185980
0.185680
0.185358
0.185011
0.184642
0.184250
0.184353
0.184745
0.185114
0.185460
0.185783
0.000000
0.000000
0.000000
0.000000
0.000000
0.000000
0.000000
0.000000
0.000000
0.098057
0.098530
0.098845
0.099002
0.099002
0.098845
0.098530
0.098057
0.000000
0.000000
0.000000
0.000000
0.000000
0.000000
0.000000
0.000000
0.000000
0.185783
0.185460
0.185114
0.184745
0.184353
0.184433
0.184825
0.185194
0.185540
0.185863
0.000000
0.000000
0.000000
0.000000
0.000000
0.000000
0.000000
0.000000
0.000000
0.098606
0.099079
0.099394
0.099551
0.099551
0.099394
0.099079
0.098606
0.000000
0.000000
0.000000
0.000000
0.000000
0.000000
0.000000
0.000000
0.000000
0.185863
0.185540
0.185194
0.184825
0.184433
0.184490
0.184882
0.185251
0.185597
0.185921
0.000000
0.000000
0.000000
0.000000
0.000000
0.000000
0.000000
0.000000
0.098369
0.098999
0.099472
0.099787
0.099945
0.099945
0.099787
0.099472
0.098999
0.098369
0.000000
0.000000
0.000000
0.000000
0.000000
0.000000
0.000000
0.000000
0.185921
0.185597
0.185251
0.184882
0.184490
0.184524
0.184916
0.185286
0.185632
0.185955
0.000000
0.000000
0.000000
0.000000
0.000000
0.000000
0.000000
0.000000
0.098606
0.099237
0.099710
0.100024
0.100179
0.100179
0.100024
0.099710
0.099237
0.098606
0.000000
0.000000
0.000000
0.000000
0.000000
0.000000
0.000000
0.000000
0.185955
0.185632
0.185286
0.184916
0.184524
0.184535
0.184927
0.185297
0.185643
0.185967
0.000000
0.000000
0.000000
0.000000
0.000000
0.000000
0.000000
0.000000
0.098688
0.099318
0.099791
0.100104
0.100258
0.100258
0.100104
0.099791
0.099318
0.098688
0.000000
0.000000
0.000000
0.000000
0.000000
0.000000
0.000000
0.000000
0.185967
0.185643
0.185297
0.184927
0.184535
0.184523
0.184916
0.185285
0.185632
0.185955
0.000000
0.000000
0.000000
0.000000
0.000000
0.000000
0.000000
0.000000
0.098613
0.099244
0.099717
0.100031
0.100186
0.100186
0.100031
0.099717
0.099244
0.098613
0.000000
0.000000
0.000000
0.000000
0.000000
0.000000
0.000000
0.000000
0.185955
0.185632
0.185285
0.184916
0.184523
0.184489
0.184882
0.185251
0.185598
0.185921
0.000000
0.000000
0.000000
0.000000
0.000000
0.000000
0.000000
0.000000
0.098382
0.099013
0.099486
0.099801
0.099959
0.099959
0.099801
0.099486
0.099013
0.098382
0.000000
0.000000
0.000000
0.000000
0.000000
0.000000
0.000000
0.000000
0.185921
0.185598
0.185251
0.184882
0.184489
0.184432
0.184824
0.185194
0.185541
0.185864
0.000000
0.000000
0.000000
0.000000
0.000000
0.000000
0.000000
0.000000
0.000000
0.098626
0.099099
0.099415
0.099572
0.099572
0.099415
0.099099
0.098626
0.000000
0.000000
0.000000
0.000000
0.000000
0.000000
0.000000
0.000000
0.000000
0.185864
0.185541
0.185194
0.184824
0.184432
0.184351
0.184744
0.185114
0.185461
0.185784
0.000000
0.000000
0.000000
0.000000
0.000000
0.000000
0.000000
0.000000
0.000000
0.098083
0.098556
0.098871
0.099029
0.099029
0.098871
0.098556
0.098083
0.000000
0.000000
0.000000
0.000000
0.000000
0.000000
0.000000
0.000000
0.000000
0.185784
0.185461
0.185114
0.184744
0.184351
0.184248
0.184641
0.185011
0.185358
0.185681
0.185982
0.000000
0.000000
0.000000
0.000000
0.000000
0.000000
0.000000
0.000000
0.000000
0.000000
0.098172
0.098329
0.098329
0.098172
0.000000
0.000000
0.000000
0.000000
0.000000
0.000000
0.000000
0.000000
0.000000
0.000000
0.185982
0.185681
0.185358
0.185011
0.184641
0.184248
0.184122
0.184515
0.184885
0.185232
0.185555
0.185856
0.000000
0.000000
0.000000
0.000000
0.000000
0.000000
0.000000
0.000000
0.000000
0.000000
0.000000
0.000000
0.000000
0.000000
0.000000
0.000000
0.000000
0.000000
0.000000
0.000000
0.000000
0.000000
0.000000
0.000000
0.185856
0.185555
0.185232
0.184885
0.184515
0.184122
0.183965
0.184366
0.184736
0.185083
0.185407
0.185707
0.185985
0.000000
0.000000
0.000000
0.000000
0.000000
0.000000
0.000000
0.000000
0.000000
0.000000
0.000000
0.000000
0.000000
0.000000
0.000000
0.000000
0.000000
0.000000
0.000000
0.000000
0.000000
0.000000
0.185985
0.185707
0.185407
0.185083
0.184736
0.184366
0.183965
0.183739
0.184194
0.184564
0.184911
0.185235
0.185536
0.185813
0.000000
0.000000
0.000000
0.000000
0.000000
0.000000
0.000000
0.000000
0.000000
0.000000
0.000000
0.000000
0.000000
0.000000
0.000000
0.000000
0.000000
0.000000
0.000000
0.000000
0.000000
0.000000
0.185813
0.185536
0.185235
0.184911
0.184564
0.184194
0.183739
0.183483
0.183999
0.184370
0.184716
0.185040
0.185341
0.185619
0.185873
0.000000
0.000000
0.000000
0.000000
0.000000
0.000000
0.000000
0.000000
0.000000
0.000000
0.000000
0.000000
0.000000
0.000000
0.000000
0.000000
0.000000
0.000000
0.000000
0.000000
0.185873
0.185619
0.185341
0.185040
0.184716
0.184370
0.183999
0.183483
0.183198
0.183714
0.184152
0.184499
0.184823
0.185123
0.185401
0.185655
0.185887
0.000000
0.000000
0.000000
0.000000
0.000000
0.000000
0.000000
0.000000
0.000000
0.000000
0.000000
0.000000
0.000000
0.000000
0.000000
0.000000
0.000000
0.000000
0.185887
0.185655
0.185401
0.185123
0.184823
0.184499
0.184152
0.183714
0.183198
0.182882
0.183398
0.183883
0.184258
0.184582
0.184883
0.185160
0.185415
0.185646
0.185855
0.000000
0.000000
0.000000
0.000000
0.000000
0.000000
0.000000
0.000000
0.000000
0.000000
0.000000
0.000000
0.000000
0.000000
0.000000
0.000000
0.185855
0.185646
0.185415
0.185160
0.184883
0.184582
0.184258
0.183883
0.183398
0.182882
0.182535
0.183052
0.183537
0.183993
0.184318
0.184619
0.184897
0.185152
0.185383
0.185591
0.185776
0.185938
0.000000
0.000000
0.000000
0.000000
0.000000
0.000000
0.000000
0.000000
0.000000
0.000000
0.000000
0.000000
0.185938
0.185776
0.185591
0.185383
0.185152
0.184897
0.184619
0.184318
0.183993
0.183537
0.183052
0.182535
0.182159
0.182675
0.183161
0.183617
0.184032
0.184333
0.184610
0.184865
0.185097
0.185305
0.185490
0.185652
0.185791
0.185907
0.185999
0.000000
0.000000
0.000000
0.000000
0.000000
0.000000
0.185999
0.185907
0.185791
0.185652
0.185490
0.185305
0.185097
0.184865
0.184610
0.184333
0.184032
0.183617
0.183161
0.182675
0.182159
0.181709
0.182269
0.182755
0.183210
0.183635
0.184023
0.184301
0.184556
0.184787
0.184995
0.185181
0.185343
0.185482
0.185597
0.185690
0.185759
0.185806
0.185829
0.185829
0.185806
0.185759
0.185690
0.185597
0.185482
0.185343
0.185181
0.184995
0.184787
0.184556
0.184301
0.184023
0.183635
0.183210
0.182755
0.182269
0.181709
0.181195
0.181802
0.182318
0.182774
0.183199
0.183594
0.183958
0.184223
0.184455
0.184663
0.184848
0.185010
0.185149
0.185265
0.185358
0.185427
0.185473
0.185497
0.185497
0.185473
0.185427
0.185358
0.185265
0.185149
0.185010
0.184848
0.184663
0.184455
0.184223
0.183958
0.183594
0.183199
0.182774
0.182318
0.181802
0.181195
0.180646
0.181253
0.181825
0.182307
0.182732
0.183127
0.183492
0.183826
0.184099
0.184307
0.184493
0.184655
0.184794
0.184910
0.185002
0.185072
0.185118
0.185141
0.185141
0.185118
0.185072
0.185002
0.184910
0.184794
0.184655
0.184493
0.184307
0.184099
0.183826
0.183492
0.183127
0.182732
0.182307
0.181825
0.181253
0.180646
0.180061
0.180668
0.181240
0.181776
0.182235
0.182630
0.182995
0.183329
0.183633
0.183907
0.184114
0.184276
0.184415
0.184531
0.184624
0.184693
0.184740
0.184763
0.184763
0.184740
0.184693
0.184624
0.184531
0.184415
0.184276
0.184114
0.183907
0.183633
0.183329
0.182995
0.182630
0.182235
0.181776
0.181240
0.180668
0.180061
0.179366
0.180048
0.180620
0.181156
0.181657
0.182103
0.182468
0.182802
0.183106
0.183380
0.183623
0.183836
0.184014
0.184130
0.184222
0.184292
0.184338
0.184361
0.184361
0.184338
0.184292
0.184222
0.184130
0.184014
0.183836
0.183623
0.183380
0.183106
0.182802
0.182468
0.182103
0.181657
0.181156
0.180620
0.180048
0.179366
0.178624
0.179312
0.179959
0.180500
0.181001
0.181466
0.181895
0.182245
0.182549
0.182822
0.183066
0.183278
0.183461
0.183613
0.183735
0.183826
0.183887
0.183917
0.183917
0.183887
0.183826
0.183735
0.183613
0.183461
0.183278
0.183066
0.182822
0.182549
0.182245
0.181895
0.181466
0.181001
0.180500
0.179959
0.179312
0.178624
0.177823
0.178529
0.179176
0.179783
0.180309
0.180774
0.181203
0.181597
0.181954
0.182235
0.182478
0.182691
0.182873
0.183025
0.183147
0.183238
0.183299
0.183330
0.183330
0.183299
0.183238
0.183147
0.183025
0.182873
0.182691
0.182478
0.182235
0.181954
0.181597
0.181203
0.180774
0.180309
0.179783
0.179176
0.178529
0.177823
0.176908
0.177673
0.178353
0.178961
0.179527
0.180047
0.180476
0.180870
0.181228
0.181550
0.181836
0.182073
0.182256
0.182408
0.182529
0.182621
0.182681
0.182712
0.182712
0.182681
0.182621
0.182529
0.182408
0.182256
0.182073
0.181836
0.181550
0.181228
0.180870
0.180476
0.180047
0.179527
0.178961
0.178353
0.177673
0.176908
0.175944
0.176714
0.177433
0.178097
0.178664
0.179190
0.179676
0.180107
0.180465
0.180787
0.181073
0.181324
0.181538
0.181717
0.181860
0.181968
0.182033
0.182064
0.182064
0.182033
0.181968
0.181860
0.181717
0.181538
0.181324
0.181073
0.180787
0.180465
0.180107
0.179676
0.179190
0.178664
0.178097
0.177433
0.176714
0.175944
0.174844
0.175682
0.176429
0.177104
0.177734
0.178287
0.178773
0.179218
0.179623
0.179988
0.180275
0.180526
0.180740
0.180919
0.181062
0.181170
0.181241
0.181277
0.181277
0.181241
0.181170
0.181062
0.180919
0.180740
0.180526
0.180275
0.179988
0.179623
0.179218
0.178773
0.178287
0.177734
0.177104
0.176429
0.175682
0.174844
0.173672
0.174533
0.175321
0.176055
0.176685
0.177270
0.177810
0.178274
0.178679
0.179044
0.179368
0.179651
0.179894
0.180086
0.180229
0.180336
0.180408
0.180443
0.180443
0.180408
0.180336
0.180229
0.180086
0.179894
0.179651
0.179368
0.179044
0.178679
0.178274
0.177810
0.177270
0.176685
0.176055
0.175321
0.174533
0.173672
0.172382
0.173284
0.174124
0.174862
0.175552
0.176176
0.176716
0.177211
0.177661
0.178060
0.178384
0.178667
0.178910
0.179113
0.179275
0.179396
0.179477
0.179518
0.179518
0.179477
0.179396
0.179275
0.179113
0.178910
0.178667
0.178384
0.178060
0.177661
0.177211
0.176716
0.176176
0.175552
0.174862
0.174124
0.173284
0.172382
0.170986
0.171938
0.172790
0.173586
0.174306
0.174946
0.175537
0.176073
0.176523
0.176928
0.177288
0.177603
0.177873
0.178088
0.178251
0.178372
0.178453
0.178494
0.178494
0.178453
0.178372
0.178251
0.178088
0.177873
0.177603
0.177288
0.176928
0.176523
0.176073
0.175537
0.174946
0.174306
0.173586
0.172790
0.171938
0.170986
0.169496
0.170465
0.171361
0.172191
0.172934
0.173624
0.174242
0.174784
0.175277
0.175720
0.176105
0.176420
0.176690
0.176915
0.177095
0.177230
0.177320
0.177365
0.177365
0.177320
0.177230
0.177095
0.176915
0.176690
0.176420
0.176105
0.175720
0.175277
0.174784
0.174242
0.173624
0.172934
0.172191
0.171361
0.170465
0.169496
0.167917
0.168901
0.169826
0.170672
0.171456
0.172175
0.172812
0.173396
0.173927
0.174376
0.174770
0.175115
0.175411
0.175657
0.175854
0.176002
0.176092
0.176137
0.176137
0.176092
0.176002
0.175854
0.175657
0.175411
0.175115
0.174770
0.174376
0.173927
0.173396
0.172812
0.172175
0.171456
0.170672
0.169826
0.168901
0.167917
0.166269
0.167259
0.168190
0.169057
0.169867
0.170600
0.171272
0.171889
0.172426
0.172903
0.173328
0.173700
0.174017
0.174263
0.174461
0.174609
0.174707
0.174757
0.174757
0.174707
0.174609
0.174461
0.174263
0.174017
0.173700
0.173328
0.172903
0.172426
0.171889
0.171272
0.170600
0.169867
0.169057
0.168190
0.167259
0.166269
0.164588
0.165560
0.166485
0.167359
0.168173
0.168925
0.169619
0.170248
0.170808
0.171313
0.171761
0.172146
0.172464
0.172730
0.172942
0.173101
0.173208
0.173261
0.173261
0.173208
0.173101
0.172942
0.172730
0.172464
0.172146
0.171761
0.171313
0.170808
0.170248
0.169619
0.168925
0.168173
0.167359
0.166485
0.165560
0.164588
0.162900
0.163834
0.164743
0.165601
0.166410
0.167167
0.167867
0.168504
0.169083
0.169604
0.170065
0.170457
0.170794
0.171074
0.171298
0.171466
0.171578
0.171635
0.171635
0.171578
0.171466
0.171298
0.171074
0.170794
0.170457
0.170065
0.169604
0.169083
0.168504
0.167867
0.167167
0.166410
0.165601
0.164743
0.163834
0.162900
0.161227
0.162115
0.162994
0.163819
0.164612
0.165357
0.166044
0.166685
0.167268
0.167793
0.168257
0.168663
0.169010
0.169299
0.169531
0.169704
0.169820
0.169878
0.169878
0.169820
0.169704
0.169531
0.169299
0.169010
0.168663
0.168257
0.167793
0.167268
0.166685
0.166044
0.165357
0.164612
0.163819
0.162994
0.162115
0.161227
0.159580
0.160434
0.161264
0.162045
0.162814
0.163529
0.164196
0.164826
0.165399
0.165914
0.166379
0.166787
0.167137
0.167428
0.167661
0.167836
0.167953
0.168011
0.168011
0.167953
0.167836
0.167661
0.167428
0.167137
0.166787
0.166379
0.165914
0.165399
0.164826
0.164196
0.163529
0.162814
0.162045
0.161264
0.160434
0.159580
0.157966
0.158790
0.159567
0.160316
0.161042
0.161717
0.162360
0.162965
0.163514
0.164010
0.164468
0.164869
0.165212
0.165499
0.165728
0.165900
0.166014
0.166073
0.166073
0.166014
0.165900
0.165728
0.165499
0.165212
0.164869
0.164468
0.164010
0.163514
0.162965
0.162360
0.161717
0.161042
0.160316
0.159567
0.158790
0.157966
0.156400
0.157177
0.157908
0.158631
0.159311
0.159943
0.160562
0.161133
0.161652
0.162126
0.162566
0.162951
0.163281
0.163556
0.163776
0.163941
0.164053
0.164110
0.164110
0.164053
0.163941
0.163776
0.163556
0.163281
0.162951
0.162566
0.162126
0.161652
0.161133
0.160562
0.159943
0.159311
0.158631
0.157908
0.157177
0.156400
0.154840
0.155584
0.156297
0.156982
0.157622
0.158230
0.158813
0.159347
0.159833
0.160289
0.160704
0.161068
0.161379
0.161639
0.161846
0.162002
0.162112
0.162167
0.162167
0.162112
0.162002
0.161846
0.161639
0.161379
0.161068
0.160704
0.160289
0.159833
0.159347
0.158813
0.158230
0.157622
0.156982
0.156297
0.155584
0.154840
0.153263
0.153997
0.154697
0.155354
0.155966
0.156559
0.157107
0.157610
0.158071
0.158509
0.158898
0.159238
0.159530
0.159773
0.159967
0.160121
0.160225
0.160276
0.160276
0.160225
0.160121
0.159967
0.159773
0.159530
0.159238
0.158898
0.158509
0.158071
0.157610
0.157107
0.156559
0.155966
0.155354
0.154697
0.153997
0.153263
0.151647
0.152389
0.153079
0.153727
0.154336
0.154905
0.155430
0.155912
0.156365
0.156776
0.157142
0.157462
0.157736
0.157965
0.158157
0.158303
0.158400
0.158449
0.158449
0.158400
0.158303
0.158157
0.157965
0.157736
0.157462
0.157142
0.156776
0.156365
0.155912
0.155430
0.154905
0.154336
0.153727
0.153079
0.152389
0.151647
0.149954
0.150707
0.151414
0.152075
0.152680
0.153241
0.153759
0.154238
0.154675
0.155069
0.155420
0.155726
0.155989
0.156217
0.156400
0.156537
0.156628
0.156674
0.156674
0.156628
0.156537
0.156400
0.156217
0.155989
0.155726
0.155420
0.155069
0.154675
0.154238
0.153759
0.153241
0.152680
0.152075
0.151414
0.150707
0.149954
0.148116
0.148912
0.149661
0.150343
0.150961
0.151536
0.152064
0.152540
0.152971
0.153360
0.153706
0.154008
0.154271
0.154490
0.154665
0.154796
0.154884
0.154928
0.154928
0.154884
0.154796
0.154665
0.154490
0.154271
0.154008
0.153706
0.153360
0.152971
0.152540
0.152064
0.151536
0.150961
0.150343
0.149661
0.148912
0.148116
0.146076
0.146942
0.147757
0.148479
0.149134
0.149743
0.150287
0.150774
0.151216
0.151613
0.151967
0.152270
0.152529
0.152745
0.152918
0.153048
0.153134
0.153177
0.153177
0.153134
0.153048
0.152918
0.152745
0.152529
0.152270
0.151967
0.151613
0.151216
0.150774
0.150287
0.149743
0.149134
0.148479
0.147757
0.146942
0.146076
0.143732
0.144717
0.145619
0.146420
0.147133
0.147795
0.148374
0.148889
0.149357
0.149778
0.150144
0.150454
0.150719
0.150940
0.151117
0.151250
0.151338
0.151382
0.151382
0.151338
0.151250
0.151117
0.150940
0.150719
0.150454
0.150144
0.149778
0.149357
0.148889
0.148374
0.147795
0.147133
0.146420
0.145619
0.144717
0.143732
0.140980
0.142148
0.143151
0.144083
0.144872
0.145605
0.146254
0.146815
0.147325
0.147783
0.148175
0.148503
0.148784
0.149018
0.149206
0.149346
0.149440
0.149487
0.149487
0.149440
0.149346
0.149206
0.149018
0.148784
0.148503
0.148175
0.147783
0.147325
0.146815
0.146254
0.145605
0.144872
0.144083
0.143151
0.142148
0.140980
0.137735
0.139063
0.140266
0.141311
0.142258
0.143073
0.143826
0.144464
0.145028
0.145535
0.145986
0.146344
0.146650
0.146905
0.147109
0.147262
0.147364
0.147415
0.147415
0.147364
0.147262
0.147109
0.146905
0.146650
0.146344
0.145986
0.145535
0.145028
0.144464
0.143826
0.143073
0.142258
0.141311
0.140266
0.139063
0.137735
0.133856
0.135405
0.136791
0.138046
0.139121
0.140109
0.140946
0.141712
0.142368
0.142933
0.143435
0.143875
0.144226
0.144508
0.144733
0.144902
0.145015
0.145071
0.145071
0.145015
0.144902
0.144733
0.144508
0.144226
0.143875
0.143435
0.142933
0.142368
0.141712
0.140946
0.140109
0.139121
0.138046
0.136791
0.135405
0.133856
0.129299
0.131072
0.132671
0.134115
0.135383
0.136519
0.137526
0.138412
0.139180
0.139872
0.140442
0.140930
0.141348
0.141696
0.141975
0.142166
0.142292
0.142354
0.142354
0.142292
0.142166
0.141975
0.141696
0.141348
0.140930
0.140442
0.139872
0.139180
0.138412
0.137526
0.136519
0.135383
0.134115
0.132671
0.131072
0.129299
0.124119
0.126084
0.127872
0.129488
0.130945
0.132260
0.133422
0.134456
0.135362
0.136164
0.136836
0.137423
0.137927
0.138317
0.138625
0.138856
0.139009
0.139086
0.139086
0.139009
0.138856
0.138625
0.138317
0.137927
0.137423
0.136836
0.136164
0.135362
0.134456
0.133422
0.132260
0.130945
0.129488
0.127872
0.126084
0.124119
0.118342
0.120470
0.122422
0.124206
0.125827
0.127287
0.128603
0.129784
0.130818
0.131740
0.132529
0.133206
0.133787
0.134254
0.134617
0.134888
0.135070
0.135160
0.135160
0.135070
0.134888
0.134617
0.134254
0.133787
0.133206
0.132529
0.131740
0.130818
0.129784
0.128603
0.127287
0.125827
0.124206
0.122422
0.120470
0.118342
0.111987
0.114279
0.116384
0.118312
0.120073
0.121669
0.123110
0.124411
0.125569
0.126590
0.127485
0.128257
0.128901
0.129438
0.129868
0.130181
0.130386
0.130488
0.130488
0.130386
0.130181
0.129868
0.129438
0.128901
0.128257
0.127485
0.126590
0.125569
0.124411
0.123110
0.121669
0.120073
0.118312
0.116384
0.114279
0.111987
0.104970
0.107455
0.109733
0.111815
0.113712
0.115437
0.116999
0.118408
0.119668
0.120781
0.121763
0.122606
0.123322
0.123919
0.124385
0.124733
0.124964
0.125080
0.125080
0.124964
0.124733
0.124385
0.123919
0.123322
0.122606
0.121763
0.120781
0.119668
0.118408
0.116999
0.115437
0.113712
0.111815
0.109733
0.107455
0.104970
0.000000
0.099909
0.102380
0.104638
0.106696
0.108567
0.110260
0.111783
0.113140
0.114349
0.115407
0.116324
0.117099
0.117744
0.118254
0.118632
0.118884
0.119010
0.119010
0.118884
0.118632
0.118254
0.117744
0.117099
0.116324
0.115407
0.114349
0.113140
0.111783
0.110260
0.108567
0.106696
0.104638
0.102380
0.099909
0.000000
0.000000
0.000000
0.000000
0.000000
0.098921
0.100958
0.102799
0.104456
0.105937
0.107243
0.108393
0.109384
0.110229
0.110921
0.111475
0.111890
0.112163
0.112299
0.112299
0.112163
0.111890
0.111475
0.110921
0.110229
0.109384
0.108393
0.107243
0.105937
0.104456
0.102799
0.100958
0.098921
0.000000
0.000000
0.000000
0.000000
