0.162031
0.164049
0.166027
0.167914
0.169664
0.171249
0.172665
0.173927
0.174998
0.175957
0.176740
0.177421
0.178005
0.178443
0.178794
0.179057
0.179232
0.179320
0.179320
0.179232
0.179057
0.178794
0.178443
0.178005
0.177421
0.176740
0.175957
0.174998
0.173927
0.172665
0.171249
0.169664
0.167914
0.166027
0.164049
0.162031
0.172147
0.174091
0.175797
0.177275
0.178575
0.179716
0.180679
0.181531
0.182261
0.182854
0.183381
0.183843
0.184182
0.184433
0.184634
0.184785
0.184885
0.184936
0.184936
0.184885
0.184785
0.184634
0.184433
0.184182
0.183843
0.183381
0.182854
0.182261
0.181531
0.180679
0.179716
0.178575
0.177275
0.175797
0.174091
0.172147
0.180254
0.181572
0.182692
0.183681
0.184461
0.185114
0.185718
0.000000
0.000000
0.000000
0.000000
0.099677
0.101701
0.103350
0.104651
0.105615
0.106252
0.106567
0.106567
0.106252
0.105615
0.104651
0.103350
0.101701
0.099677
0.000000
0.000000
0.000000
0.000000
0.185718
0.185114
0.184461
0.183681
0.182692
0.181572
0.180254
0.185394
0.000000
0.000000
0.098505
0.103217
0.107384
0.111062
0.114307
0.117149
0.119632
0.121775
0.123597
0.125119
0.126364
0.127336
0.128063
0.128529
0.128763
0.128763
0.128529
0.128063
0.127336
0.126364
0.125119
0.123597
0.121775
0.119632
0.117149
0.114307
0.111062
0.107384
0.103217
0.098505
0.000000
0.000000
0.185394
0.108815
0.113908
0.118435
0.122464
0.126033
0.129146
0.131858
0.134170
0.136132
0.137775
0.139132
0.140275
0.141186
0.141944
0.142497
0.142906
0.143180
0.143316
0.143316
0.143180
0.142906
0.142497
0.141944
0.141186
0.140275
0.139132
0.137775
0.136132
0.134170
0.131858
0.129146
0.126033
0.122464
0.118435
0.113908
0.108815
0.129999
0.133690
0.136801
0.139413
0.141592
0.143410
0.144944
0.146267
0.147378
0.148348
0.149164
0.149879
0.150464
0.150947
0.151332
0.151621
0.151814
0.151911
0.151911
0.151814
0.151621
0.151332
0.150947
0.150464
0.149879
0.149164
0.148348
0.147378
0.146267
0.144944
0.143410
0.141592
0.139413
0.136801
0.133690
0.129999
0.143779
0.145891
0.147680
0.149238
0.150631
0.151885
0.153019
0.154057
0.155013
0.155874
0.156667
0.157367
0.157966
0.158495
0.158920
0.159239
0.159451
0.159557
0.159557
0.159451
0.159239
0.158920
0.158495
0.157966
0.157367
0.156667
0.155874
0.155013
0.154057
0.153019
0.151885
0.150631
0.149238
0.147680
0.145891
0.143779
0.152051
0.153655
0.155181
0.156643
0.158045
0.159427
0.160751
0.162000
0.163203
0.164298
0.165301
0.166182
0.166948
0.167587
0.168097
0.168477
0.168731
0.168857
0.168857
0.168731
0.168477
0.168097
0.167587
0.166948
0.166182
0.165301
0.164298
0.163203
0.162000
0.160751
0.159427
0.158045
0.156643
0.155181
0.153655
0.152051
0.159510
0.161408
0.163299
0.165151
0.166924
0.168580
0.170099
0.171452
0.172645
0.173693
0.174580
0.175338
0.175987
0.176482
0.176877
0.177174
0.177372
0.177470
0.177470
0.177372
0.177174
0.176877
0.176482
0.175987
0.175338
0.174580
0.173693
0.172645
0.171452
0.170099
0.168580
0.166924
0.165151
0.163299
0.161408
0.159510
0.168558
0.170693
0.172626
0.174347
0.175862
0.177160
0.178312
0.179291
0.180160
0.180868
0.181498
0.182041
0.182443
0.182777
0.183045
0.183246
0.183380
0.183447
0.183447
0.183380
0.183246
0.183045
0.182777
0.182443
0.182041
0.181498
0.180868
0.180160
0.179291
0.178312
0.177160
0.175862
0.174347
0.172626
0.170693
0.168558
0.177047
0.178656
0.180072
0.181253
0.182302
0.183172
0.183976
0.184543
0.185053
0.185513
0.185921
0.000000
0.000000
0.000000
0.000000
0.000000
0.000000
0.000000
0.000000
0.000000
0.000000
0.000000
0.000000
0.000000
0.000000
0.185921
0.185513
0.185053
0.184543
0.183976
0.183172
0.182302
0.181253
0.180072
0.178656
0.177047
0.183032
0.184130
0.184947
0.185713
0.000000
0.000000
0.000000
0.101596
0.104922
0.107819
0.110313
0.112438
0.114222
0.115679
0.116824
0.117678
0.118241
0.118519
0.118519
0.118241
0.117678
0.116824
0.115679
0.114222
0.112438
0.110313
0.107819
0.104922
0.101596
0.000000
0.000000
0.000000
0.185713
0.184947
0.184130
0.183032
0.000000
0.098475
0.103928
0.108749
0.113027
0.116818
0.120176
0.123124
0.125706
0.127938
0.129837
0.131427
0.132741
0.133809
0.134622
0.135223
0.135623
0.135823
0.135823
0.135623
0.135223
0.134622
0.133809
0.132741
0.131427
0.129837
0.127938
0.125706
0.123124
0.120176
0.116818
0.113027
0.108749
0.103928
0.098475
0.000000
0.115668
0.120446
0.124684
0.128416
0.131656
0.134426
0.136768
0.138740
0.140399
0.141786
0.142917
0.143889
0.144648
0.145272
0.145771
0.146131
0.146357
0.146470
0.146470
0.146357
0.146131
0.145771
0.145272
0.144648
0.143889
0.142917
0.141786
0.140399
0.138740
0.136768
0.134426
0.131656
0.128416
0.124684
0.120446
0.115668
0.133391
0.136774
0.139597
0.141947
0.143896
0.145529
0.146928
0.148156
0.149193
0.150119
0.150903
0.151588
0.152172
0.152651
0.153034
0.153321
0.153512
0.153608
0.153608
0.153512
0.153321
0.153034
0.152651
0.152172
0.151588
0.150903
0.150119
0.149193
0.148156
0.146928
0.145529
0.143896
0.141947
0.139597
0.136774
0.133391
0.144789
0.146824
0.148579
0.150128
0.151499
0.152756
0.153905
0.154972
0.155944
0.156854
0.157666
0.158400
0.159047
0.159587
0.160020
0.160366
0.160597
0.160712
0.160712
0.160597
0.160366
0.160020
0.159587
0.159047
0.158400
0.157666
0.156854
0.155944
0.154972
0.153905
0.152756
0.151499
0.150128
0.148579
0.146824
0.144789
0.152095
0.153725
0.155275
0.156765
0.158198
0.159602
0.160959
0.162242
0.163464
0.164588
0.165607
0.166507
0.167285
0.167934
0.168449
0.168836
0.169093
0.169222
0.169222
0.169093
0.168836
0.168449
0.167934
0.167285
0.166507
0.165607
0.164588
0.163464
0.162242
0.160959
0.159602
0.158198
0.156765
0.155275
0.153725
0.152095
0.158754
0.160630
0.162505
0.164354
0.166140
0.167827
0.169374
0.170767
0.172015
0.173080
0.174024
0.174793
0.175453
0.176002
0.176404
0.176705
0.176906
0.177006
0.177006
0.176906
0.176705
0.176404
0.176002
0.175453
0.174793
0.174024
0.173080
0.172015
0.170767
0.169374
0.167827
0.166140
0.164354
0.162505
0.160630
0.158754
0.166683
0.168883
0.170917
0.172749
0.174377
0.175806
0.177028
0.178120
0.179024
0.179838
0.180496
0.181056
0.181535
0.181935
0.182217
0.182421
0.182556
0.182624
0.182624
0.182556
0.182421
0.182217
0.181935
0.181535
0.181056
0.180496
0.179838
0.179024
0.178120
0.177028
0.175806
0.174377
0.172749
0.170917
0.168883
0.166683
0.174731
0.176549
0.178141
0.179498
0.180676
0.181715
0.182574
0.183322
0.184002
0.184468
0.184883
0.185246
0.185558
0.185817
0.000000
0.000000
0.000000
0.000000
0.000000
0.000000
0.000000
0.000000
0.185817
0.185558
0.185246
0.184883
0.184468
0.184002
0.183322
0.182574
0.181715
0.180676
0.179498
0.178141
0.176549
0.174731
0.180857
0.182184
0.183273
0.184224
0.184950
0.185624
0.000000
0.000000
0.000000
0.098466
0.101273
0.103663
0.105660
0.107289
0.108573
0.109524
0.110155
0.110465
0.110465
0.110155
0.109524
0.108573
0.107289
0.105660
0.103663
0.101273
0.098466
0.000000
0.000000
0.000000
0.185624
0.184950
0.184224
0.183273
0.182184
0.180857
0.185017
0.185900
0.000000
0.000000
0.101385
0.105769
0.109630
0.113025
0.116008
0.118597
0.120833
0.122739
0.124335
0.125633
0.126648
0.127400
0.127902
0.128146
0.128146
0.127902
0.127400
0.126648
0.125633
0.124335
0.122739
0.120833
0.118597
0.116008
0.113025
0.109630
0.105769
0.101385
0.000000
0.000000
0.185900
0.185017
0.101501
0.107183
0.112222
0.116689
0.120657
0.124170
0.127243
0.129923
0.132212
0.134157
0.135784
0.137119
0.138229
0.139092
0.139782
0.140272
0.140585
0.140742
0.140742
0.140585
0.140272
0.139782
0.139092
0.138229
0.137119
0.135784
0.134157
0.132212
0.129923
0.127243
0.124170
0.120657
0.116689
0.112222
0.107183
0.101501
0.120484
0.125047
0.129052
0.132514
0.135458
0.137949
0.140023
0.141746
0.143182
0.144406
0.145420
0.146278
0.146966
0.147539
0.147998
0.148314
0.148525
0.148630
0.148630
0.148525
0.148314
0.147998
0.147539
0.146966
0.146278
0.145420
0.144406
0.143182
0.141746
0.140023
0.137949
0.135458
0.132514
0.129052
0.125047
0.120484
0.135134
0.138370
0.141029
0.143242
0.145095
0.146672
0.148045
0.149204
0.150244
0.151140
0.151936
0.152619
0.153203
0.153689
0.154080
0.154376
0.154573
0.154672
0.154672
0.154573
0.154376
0.154080
0.153689
0.153203
0.152619
0.151936
0.151140
0.150244
0.149204
0.148045
0.146672
0.145095
0.143242
0.141029
0.138370
0.135134
0.144770
0.146838
0.148620
0.150190
0.151584
0.152859
0.154028
0.155114
0.156106
0.157034
0.157859
0.158618
0.159276
0.159824
0.160281
0.160633
0.160867
0.160984
0.160984
0.160867
0.160633
0.160281
0.159824
0.159276
0.158618
0.157859
0.157034
0.156106
0.155114
0.154028
0.152859
0.151584
0.150190
0.148620
0.146838
0.144770
0.151234
0.152907
0.154472
0.155953
0.157395
0.158783
0.160107
0.161397
0.162604
0.163722
0.164746
0.165652
0.166436
0.167095
0.167623
0.168018
0.168280
0.168411
0.168411
0.168280
0.168018
0.167623
0.167095
0.166436
0.165652
0.164746
0.163722
0.162604
0.161397
0.160107
0.158783
0.157395
0.155953
0.154472
0.152907
0.151234
0.156932
0.158731
0.160521
0.162297
0.164039
0.165723
0.167300
0.168745
0.170054
0.171196
0.172200
0.173042
0.173763
0.174339
0.174785
0.175120
0.175344
0.175456
0.175456
0.175344
0.175120
0.174785
0.174339
0.173763
0.173042
0.172200
0.171196
0.170054
0.168745
0.167300
0.165723
0.164039
0.162297
0.160521
0.158731
0.156932
0.163360
0.165535
0.167638
0.169606
0.171396
0.172991
0.174404
0.175633
0.176686
0.177605
0.178380
0.179023
0.179575
0.180030
0.180355
0.180599
0.180761
0.180843
0.180843
0.180761
0.180599
0.180355
0.180030
0.179575
0.179023
0.178380
0.177605
0.176686
0.175633
0.174404
0.172991
0.171396
0.169606
0.167638
0.165535
0.163360
0.170581
0.172701
0.174582
0.176237
0.177667
0.178896
0.179999
0.180893
0.181706
0.182372
0.182925
0.183409
0.183824
0.184130
0.184340
0.184499
0.184604
0.184657
0.184657
0.184604
0.184499
0.184340
0.184130
0.183824
0.183409
0.182925
0.182372
0.181706
0.180893
0.179999
0.178896
0.177667
0.176237
0.174582
0.172701
0.170581
0.176913
0.178585
0.180051
0.181270
0.182348
0.183247
0.184059
0.184639
0.185166
0.185641
0.000000
0.000000
0.000000
0.000000
0.000000
0.000000
0.000000
0.000000
0.000000
0.000000
0.000000
0.000000
0.000000
0.000000
0.000000
0.000000
0.185641
0.185166
0.184639
0.184059
0.183247
0.182348
0.181270
0.180051
0.178585
0.176913
0.181730
0.182946
0.184041
0.184832
0.185571
0.000000
0.000000
0.000000
0.099796
0.102952
0.105673
0.107990
0.109925
0.111502
0.112746
0.113670
0.114279
0.114580
0.114580
0.114279
0.113670
0.112746
0.111502
0.109925
0.107990
0.105673
0.102952
0.099796
0.000000
0.000000
0.000000
0.185571
0.184832
0.184041
0.182946
0.181730
0.185079
0.185977
0.000000
0.000000
0.102162
0.106576
0.110469
0.113893
0.116886
0.119496
0.121748
0.123661
0.125255
0.126556
0.127576
0.128327
0.128817
0.129062
0.129062
0.128817
0.128327
0.127576
0.126556
0.125255
0.123661
0.121748
0.119496
0.116886
0.113893
0.110469
0.106576
0.102162
0.000000
0.000000
0.185977
0.185079
0.098506
0.104471
0.109747
0.114419
0.118561
0.122231
0.125454
0.128268
0.130685
0.132745
0.134481
0.135929
0.137084
0.138039
0.138741
0.139268
0.139619
0.139795
0.139795
0.139619
0.139268
0.138741
0.138039
0.137084
0.135929
0.134481
0.132745
0.130685
0.128268
0.125454
0.122231
0.118561
0.114419
0.109747
0.104471
0.098506
0.115247
0.120209
0.124599
0.128456
0.131801
0.134642
0.137043
0.139056
0.140737
0.142153
0.143301
0.144275
0.145048
0.145693
0.146189
0.146539
0.146772
0.146888
0.146888
0.146772
0.146539
0.146189
0.145693
0.145048
0.144275
0.143301
0.142153
0.140737
0.139056
0.137043
0.134642
0.131801
0.128456
0.124599
0.120209
0.115247
0.128893
0.132870
0.136237
0.139021
0.141343
0.143274
0.144896
0.146285
0.147451
0.148461
0.149318
0.150065
0.150672
0.151179
0.151584
0.151887
0.152088
0.152187
0.152187
0.152088
0.151887
0.151584
0.151179
0.150672
0.150065
0.149318
0.148461
0.147451
0.146285
0.144896
0.143274
0.141343
0.139021
0.136237
0.132870
0.128893
0.139163
0.141952
0.144228
0.146149
0.147782
0.149194
0.150455
0.151569
0.152569
0.153460
0.154256
0.154959
0.155561
0.156066
0.156486
0.156800
0.157010
0.157115
0.157115
0.157010
0.156800
0.156486
0.156066
0.155561
0.154959
0.154256
0.153460
0.152569
0.151569
0.150455
0.149194
0.147782
0.146149
0.144228
0.141952
0.139163
0.146130
0.148106
0.149823
0.151352
0.152754
0.154043
0.155248
0.156369
0.157418
0.158386
0.159279
0.160064
0.160780
0.161376
0.161853
0.162224
0.162476
0.162603
0.162603
0.162476
0.162224
0.161853
0.161376
0.160780
0.160064
0.159279
0.158386
0.157418
0.156369
0.155248
0.154043
0.152754
0.151352
0.149823
0.148106
0.146130
0.151238
0.152940
0.154534
0.156043
0.157513
0.158933
0.160292
0.161605
0.162846
0.163984
0.165037
0.165959
0.166763
0.167434
0.167970
0.168370
0.168637
0.168770
0.168770
0.168637
0.168370
0.167970
0.167434
0.166763
0.165959
0.165037
0.163984
0.162846
0.161605
0.160292
0.158933
0.157513
0.156043
0.154534
0.152940
0.151238
0.155830
0.157608
0.159371
0.161119
0.162837
0.164502
0.166085
0.167561
0.168897
0.170093
0.171127
0.172029
0.172763
0.173375
0.173865
0.174215
0.174443
0.174556
0.174556
0.174443
0.174215
0.173865
0.173375
0.172763
0.172029
0.171127
0.170093
0.168897
0.167561
0.166085
0.164502
0.162837
0.161119
0.159371
0.157608
0.155830
0.160753
0.162830
0.164890
0.166884
0.168758
0.170477
0.172026
0.173372
0.174554
0.175578
0.176445
0.177173
0.177796
0.178284
0.178658
0.178939
0.179126
0.179220
0.179220
0.179126
0.178939
0.178658
0.178284
0.177796
0.177173
0.176445
0.175578
0.174554
0.173372
0.172026
0.170477
0.168758
0.166884
0.164890
0.162830
0.160753
0.166342
0.168621
0.170732
0.172636
0.174326
0.175805
0.177069
0.178191
0.179127
0.179970
0.180635
0.181214
0.181710
0.182105
0.182387
0.182598
0.182739
0.182809
0.182809
0.182739
0.182598
0.182387
0.182105
0.181710
0.181214
0.180635
0.179970
0.179127
0.178191
0.177069
0.175805
0.174326
0.172636
0.170732
0.168621
0.166342
0.172023
0.174098
0.175919
0.177486
0.178848
0.180058
0.181051
0.181962
0.182671
0.183305
0.183868
0.184275
0.184597
0.184865
0.185080
0.185241
0.185348
0.185402
0.185402
0.185348
0.185241
0.185080
0.184865
0.184597
0.184275
0.183868
0.183305
0.182671
0.181962
0.181051
0.180058
0.178848
0.177486
0.175919
0.174098
0.172023
0.176865
0.178570
0.180061
0.181303
0.182393
0.183309
0.184117
0.184708
0.185245
0.185728
0.000000
0.000000
0.000000
0.000000
0.000000
0.000000
0.000000
0.000000
0.000000
0.000000
0.000000
0.000000
0.000000
0.000000
0.000000
0.000000
0.185728
0.185245
0.184708
0.184117
0.183309
0.182393
0.181303
0.180061
0.178570
0.176865
0.180728
0.182115
0.183243
0.184228
0.184980
0.185679
0.000000
0.000000
0.000000
0.099366
0.102247
0.104689
0.106733
0.108403
0.109717
0.110686
0.111328
0.111649
0.111649
0.111328
0.110686
0.109717
0.108403
0.106733
0.104689
0.102247
0.099366
0.000000
0.000000
0.000000
0.185679
0.184980
0.184228
0.183243
0.182115
0.180728
0.183741
0.184716
0.185576
0.000000
0.000000
0.098673
0.102990
0.106774
0.110085
0.112952
0.115429
0.117539
0.119304
0.120746
0.121886
0.122721
0.123275
0.123552
0.123552
0.123275
0.122721
0.121886
0.120746
0.119304
0.117539
0.115429
0.112952
0.110085
0.106774
0.102990
0.098673
0.000000
0.000000
0.185576
0.184716
0.183741
0.185905
0.000000
0.000000
0.103035
0.107827
0.112054
0.115780
0.119055
0.121930
0.124415
0.126547
0.128351
0.129849
0.131045
0.131997
0.132672
0.133122
0.133347
0.133347
0.133122
0.132672
0.131997
0.131045
0.129849
0.128351
0.126547
0.124415
0.121930
0.119055
0.115780
0.112054
0.107827
0.103035
0.000000
0.000000
0.185905
0.099501
0.105510
0.110818
0.115521
0.119687
0.123365
0.126592
0.129393
0.131802
0.133839
0.135536
0.136937
0.138099
0.138993
0.139709
0.140223
0.140547
0.140709
0.140709
0.140547
0.140223
0.139709
0.138993
0.138099
0.136937
0.135536
0.133839
0.131802
0.129393
0.126592
0.123365
0.119687
0.115521
0.110818
0.105510
0.099501
0.112151
0.117380
0.122026
0.126119
0.129690
0.132757
0.135367
0.137562
0.139388
0.140906
0.142184
0.143207
0.144076
0.144732
0.145258
0.145652
0.145915
0.146042
0.146042
0.145915
0.145652
0.145258
0.144732
0.144076
0.143207
0.142184
0.140906
0.139388
0.137562
0.135367
0.132757
0.129690
0.126119
0.122026
0.117380
0.112151
0.122910
0.127469
0.131419
0.134778
0.137604
0.139964
0.141916
0.143533
0.144894
0.146070
0.147021
0.147853
0.148520
0.149066
0.149503
0.149831
0.150046
0.150149
0.150149
0.150046
0.149831
0.149503
0.149066
0.148520
0.147853
0.147021
0.146070
0.144894
0.143533
0.141916
0.139964
0.137604
0.134778
0.131419
0.127469
0.122910
0.131946
0.135668
0.138751
0.141304
0.143422
0.145189
0.146694
0.148002
0.149094
0.150074
0.150899
0.151621
0.152235
0.152740
0.153143
0.153446
0.153648
0.153749
0.153749
0.153648
0.153446
0.153143
0.152740
0.152235
0.151621
0.150899
0.150074
0.149094
0.148002
0.146694
0.145189
0.143422
0.141304
0.138751
0.135668
0.131946
0.138973
0.141831
0.144171
0.146130
0.147795
0.149233
0.150515
0.151650
0.152668
0.153576
0.154389
0.155105
0.155719
0.156241
0.156669
0.156990
0.157204
0.157311
0.157311
0.157204
0.156990
0.156669
0.156241
0.155719
0.155105
0.154389
0.153576
0.152668
0.151650
0.150515
0.149233
0.147795
0.146130
0.144171
0.141831
0.138973
0.144205
0.146400
0.148279
0.149920
0.151371
0.152697
0.153909
0.155034
0.156061
0.157023
0.157879
0.158668
0.159351
0.159920
0.160400
0.160765
0.161008
0.161130
0.161130
0.161008
0.160765
0.160400
0.159920
0.159351
0.158668
0.157879
0.157023
0.156061
0.155034
0.153909
0.152697
0.151371
0.149920
0.148279
0.146400
0.144205
0.148201
0.150058
0.151712
0.153233
0.154657
0.155989
0.157272
0.158478
0.159616
0.160685
0.161658
0.162539
0.163313
0.163957
0.164493
0.164895
0.165164
0.165298
0.165298
0.165164
0.164895
0.164493
0.163957
0.163313
0.162539
0.161658
0.160685
0.159616
0.158478
0.157272
0.155989
0.154657
0.153233
0.151712
0.150058
0.148201
0.151537
0.153266
0.154895
0.156452
0.157951
0.159428
0.160849
0.162199
0.163488
0.164676
0.165750
0.166703
0.167524
0.168207
0.168750
0.169158
0.169430
0.169565
0.169565
0.169430
0.169158
0.168750
0.168207
0.167524
0.166703
0.165750
0.164676
0.163488
0.162199
0.160849
0.159428
0.157951
0.156452
0.154895
0.153266
0.151537
0.154622
0.156381
0.158101
0.159810
0.161501
0.163149
0.164726
0.166208
0.167577
0.168803
0.169890
0.170816
0.171606
0.172251
0.172750
0.173124
0.173374
0.173499
0.173499
0.173374
0.173124
0.172750
0.172251
0.171606
0.170816
0.169890
0.168803
0.167577
0.166208
0.164726
0.163149
0.161501
0.159810
0.158101
0.156381
0.154622
0.157705
0.159624
0.161547
0.163456
0.165315
0.167083
0.168721
0.170210
0.171528
0.172676
0.173675
0.174510
0.175206
0.175786
0.176228
0.176546
0.176758
0.176864
0.176864
0.176758
0.176546
0.176228
0.175786
0.175206
0.174510
0.173675
0.172676
0.171528
0.170210
0.168721
0.167083
0.165315
0.163456
0.161547
0.159624
0.157705
0.160984
0.163119
0.165234
0.167275
0.169184
0.170924
0.172479
0.173853
0.175024
0.176062
0.176910
0.177653
0.178260
0.178737
0.179119
0.179405
0.179596
0.179692
0.179692
0.179596
0.179405
0.179119
0.178737
0.178260
0.177653
0.176910
0.176062
0.175024
0.173853
0.172479
0.170924
0.169184
0.167275
0.165234
0.163119
0.160984
0.164481
0.166783
0.168969
0.170980
0.172783
0.174378
0.175772
0.176958
0.178017
0.178876
0.179640
0.180273
0.180779
0.181201
0.181539
0.181792
0.181961
0.182039
0.182039
0.181961
0.181792
0.181539
0.181201
0.180779
0.180273
0.179640
0.178876
0.178017
0.176958
0.175772
0.174378
0.172783
0.170980
0.168969
0.166783
0.164481
0.168074
0.170377
0.172463
0.174314
0.175940
0.177325
0.178539
0.179590
0.180482
0.181242
0.181917
0.182432
0.182863
0.183222
0.183510
0.183725
0.183869
0.183941
0.183941
0.183869
0.183725
0.183510
0.183222
0.182863
0.182432
0.181917
0.181242
0.180482
0.179590
0.178539
0.177325
0.175940
0.174314
0.172463
0.170377
0.168074
0.171492
0.173645
0.175529
0.177162
0.178584
0.179827
0.180860
0.181790
0.182540
0.183186
0.183761
0.184202
0.184530
0.184804
0.185023
0.185188
0.185297
0.185352
0.185352
0.185297
0.185188
0.185023
0.184804
0.184530
0.184202
0.183761
0.183186
0.182540
0.181790
0.180860
0.179827
0.178584
0.177162
0.175529
0.173645
0.171492
0.174538
0.176470
0.178152
0.179587
0.180818
0.181917
0.182792
0.183583
0.184230
0.184723
0.185162
0.185545
0.185874
0.000000
0.000000
0.000000
0.000000
0.000000
0.000000
0.000000
0.000000
0.000000
0.000000
0.185874
0.185545
0.185162
0.184723
0.184230
0.183583
0.182792
0.181917
0.180818
0.179587
0.178152
0.176470
0.174538
0.177159
0.178869
0.180353
0.181622
0.182685
0.183620
0.184368
0.184972
0.185520
0.000000
0.000000
0.000000
0.000000
0.000000
0.000000
0.098604
0.099353
0.099728
0.099728
0.099353
0.098604
0.000000
0.000000
0.000000
0.000000
0.000000
0.000000
0.185520
0.184972
0.184368
0.183620
0.182685
0.181622
0.180353
0.178869
0.177159
0.179396
0.180904
0.182219
0.183299
0.184233
0.184947
0.185605
0.000000
0.000000
0.000000
0.000000
0.100309
0.102498
0.104285
0.105688
0.106724
0.107410
0.107753
0.107753
0.107410
0.106724
0.105688
0.104285
0.102498
0.100309
0.000000
0.000000
0.000000
0.000000
0.185605
0.184947
0.184233
0.183299
0.182219
0.180904
0.179396
0.181287
0.182618
0.183770
0.184648
0.185416
0.000000
0.000000
0.000000
0.099408
0.102707
0.105543
0.107955
0.109969
0.111610
0.112900
0.113862
0.114492
0.114805
0.114805
0.114492
0.113862
0.112900
0.111610
0.109969
0.107955
0.105543
0.102707
0.099408
0.000000
0.000000
0.000000
0.185416
0.184648
0.183770
0.182618
0.181287
0.182873
0.184074
0.184953
0.185777
0.000000
0.000000
0.099254
0.103278
0.106787
0.109835
0.112453
0.114682
0.116549
0.118077
0.119272
0.120164
0.120746
0.121038
0.121038
0.120746
0.120164
0.119272
0.118077
0.116549
0.114682
0.112453
0.109835
0.106787
0.103278
0.099254
0.000000
0.000000
0.185777
0.184953
0.184074
0.182873
0.184215
0.185149
0.000000
0.000000
0.000000
0.102058
0.106309
0.110040
0.113292
0.116127
0.118563
0.120638
0.122375
0.123792
0.124898
0.125723
0.126263
0.126529
0.126529
0.126263
0.125723
0.124898
0.123792
0.122375
0.120638
0.118563
0.116127
0.113292
0.110040
0.106309
0.102058
0.000000
0.000000
0.000000
0.185149
0.184215
0.185236
0.000000
0.000000
0.098955
0.104073
0.108570
0.112531
0.116014
0.119051
0.121698
0.123975
0.125900
0.127497
0.128793
0.129813
0.130551
0.131038
0.131281
0.131281
0.131038
0.130551
0.129813
0.128793
0.127497
0.125900
0.123975
0.121698
0.119051
0.116014
0.112531
0.108570
0.104073
0.098955
0.000000
0.000000
0.185236
0.000000
0.000000
0.099939
0.105347
0.110123
0.114332
0.118048
0.121304
0.124155
0.126610
0.128706
0.130470
0.131930
0.133085
0.134005
0.134652
0.135083
0.135298
0.135298
0.135083
0.134652
0.134005
0.133085
0.131930
0.130470
0.128706
0.126610
0.124155
0.121304
0.118048
0.114332
0.110123
0.105347
0.099939
0.000000
0.000000
0.000000
0.100171
0.105922
0.110992
0.115477
0.119440
0.122929
0.125989
0.128622
0.130877
0.132781
0.134367
0.135661
0.136685
0.137483
0.138076
0.138442
0.138624
0.138624
0.138442
0.138076
0.137483
0.136685
0.135661
0.134367
0.132781
0.130877
0.128622
0.125989
0.122929
0.119440
0.115477
0.110992
0.105922
0.100171
0.000000
0.099663
0.105798
0.111206
0.115999
0.120232
0.123971
0.127233
0.130070
0.132479
0.134517
0.136224
0.137623
0.138753
0.139668
0.140363
0.140861
0.141193
0.141359
0.141359
0.141193
0.140861
0.140363
0.139668
0.138753
0.137623
0.136224
0.134517
0.132479
0.130070
0.127233
0.123971
0.120232
0.115999
0.111206
0.105798
0.099663
0.104973
0.110767
0.115895
0.120430
0.124436
0.127948
0.130970
0.133561
0.135747
0.137565
0.139066
0.140316
0.141312
0.142129
0.142727
0.143176
0.143475
0.143624
0.143624
0.143475
0.143176
0.142727
0.142129
0.141312
0.140316
0.139066
0.137565
0.135747
0.133561
0.130970
0.127948
0.124436
0.120430
0.115895
0.110767
0.104973
0.109664
0.115166
0.120046
0.124351
0.128129
0.131386
0.134174
0.136509
0.138466
0.140104
0.141434
0.142537
0.143435
0.144165
0.144703
0.145106
0.145375
0.145510
0.145510
0.145375
0.145106
0.144703
0.144165
0.143435
0.142537
0.141434
0.140104
0.138466
0.136509
0.134174
0.131386
0.128129
0.124351
0.120046
0.115166
0.109664
0.113806
0.119057
0.123709
0.127791
0.131317
0.134330
0.136854
0.138967
0.140725
0.142199
0.143397
0.144400
0.145207
0.145880
0.146378
0.146743
0.146987
0.147108
0.147108
0.146987
0.146743
0.146378
0.145880
0.145207
0.144400
0.143397
0.142199
0.140725
0.138967
0.136854
0.134330
0.131317
0.127791
0.123709
0.119057
0.113806
0.117456
0.122490
0.126917
0.130761
0.134056
0.136802
0.139103
0.141016
0.142611
0.143960
0.145041
0.145983
0.146715
0.147324
0.147811
0.148162
0.148385
0.148497
0.148497
0.148385
0.148162
0.147811
0.147324
0.146715
0.145983
0.145041
0.143960
0.142611
0.141016
0.139103
0.136802
0.134056
0.130761
0.126917
0.122490
0.117456
0.120666
0.125494
0.129706
0.133307
0.136351
0.138874
0.140975
0.142726
0.144202
0.145414
0.146444
0.147297
0.148025
0.148585
0.149033
0.149368
0.149592
0.149704
0.149704
0.149592
0.149368
0.149033
0.148585
0.148025
0.147297
0.146444
0.145414
0.144202
0.142726
0.140975
0.138874
0.136351
0.133307
0.129706
0.125494
0.120666
0.123472
0.128104
0.132095
0.135460
0.138280
0.140604
0.142542
0.144172
0.145519
0.146662
0.147636
0.148450
0.149122
0.149682
0.150122
0.150440
0.150651
0.150757
0.150757
0.150651
0.150440
0.150122
0.149682
0.149122
0.148450
0.147636
0.146662
0.145519
0.144172
0.142542
0.140604
0.138280
0.135460
0.132095
0.128104
0.123472
0.125903
0.130330
0.134111
0.137257
0.139890
0.142059
0.143859
0.145356
0.146637
0.147734
0.148652
0.149436
0.150102
0.150631
0.151054
0.151372
0.151584
0.151689
0.151689
0.151584
0.151372
0.151054
0.150631
0.150102
0.149436
0.148652
0.147734
0.146637
0.145356
0.143859
0.142059
0.139890
0.137257
0.134111
0.130330
0.125903
0.127977
0.132216
0.135794
0.138748
0.141198
0.143228
0.144925
0.146369
0.147589
0.148631
0.149528
0.150295
0.150930
0.151459
0.151883
0.152196
0.152403
0.152506
0.152506
0.152403
0.152196
0.151883
0.151459
0.150930
0.150295
0.149528
0.148631
0.147589
0.146369
0.144925
0.143228
0.141198
0.138748
0.135794
0.132216
0.127977
0.129714
0.133784
0.137170
0.139997
0.142298
0.144224
0.145844
0.147201
0.148387
0.149396
0.150277
0.151018
0.151654
0.152179
0.152593
0.152904
0.153111
0.153215
0.153215
0.153111
0.152904
0.152593
0.152179
0.151654
0.151018
0.150277
0.149396
0.148387
0.147201
0.145844
0.144224
0.142298
0.139997
0.137170
0.133784
0.129714
0.131143
0.135052
0.138306
0.140965
0.143171
0.145010
0.146569
0.147912
0.149041
0.150048
0.150896
0.151637
0.152267
0.152785
0.153199
0.153510
0.153718
0.153821
0.153821
0.153718
0.153510
0.153199
0.152785
0.152267
0.151637
0.150896
0.150048
0.149041
0.147912
0.146569
0.145010
0.143171
0.140965
0.138306
0.135052
0.131143
0.132300
0.136087
0.139191
0.141769
0.143896
0.145662
0.147160
0.148463
0.149585
0.150562
0.151410
0.152149
0.152771
0.153289
0.153704
0.154015
0.154225
0.154330
0.154330
0.154225
0.154015
0.153704
0.153289
0.152771
0.152149
0.151410
0.150562
0.149585
0.148463
0.147160
0.145662
0.143896
0.141769
0.139191
0.136087
0.132300
0.133182
0.136853
0.139895
0.142368
0.144425
0.146164
0.147630
0.148895
0.150017
0.150972
0.151820
0.152550
0.153172
0.153691
0.154107
0.154422
0.154633
0.154738
0.154738
0.154633
0.154422
0.154107
0.153691
0.153172
0.152550
0.151820
0.150972
0.150017
0.148895
0.147630
0.146164
0.144425
0.142368
0.139895
0.136853
0.133182
0.133835
0.137422
0.140378
0.142795
0.144810
0.146513
0.147980
0.149217
0.150322
0.151277
0.152123
0.152849
0.153471
0.153990
0.154411
0.154726
0.154937
0.155042
0.155042
0.154937
0.154726
0.154411
0.153990
0.153471
0.152849
0.152123
0.151277
0.150322
0.149217
0.147980
0.146513
0.144810
0.142795
0.140378
0.137422
0.133835
0.134243
0.137791
0.140686
0.143074
0.145061
0.146741
0.148192
0.149428
0.150521
0.151477
0.152319
0.153045
0.153668
0.154190
0.154610
0.154926
0.155137
0.155242
0.155242
0.155137
0.154926
0.154610
0.154190
0.153668
0.153045
0.152319
0.151477
0.150521
0.149428
0.148192
0.146741
0.145061
0.143074
0.140686
0.137791
0.134243
0.134426
0.137962
0.140829
0.143204
0.145179
0.146848
0.148291
0.149528
0.150616
0.151572
0.152412
0.153139
0.153762
0.154285
0.154706
0.155022
0.155233
0.155338
0.155338
0.155233
0.155022
0.154706
0.154285
0.153762
0.153139
0.152412
0.151572
0.150616
0.149528
0.148291
0.146848
0.145179
0.143204
0.140829
0.137962
0.134426
0.134394
0.137934
0.140807
0.143185
0.145163
0.146834
0.148279
0.149516
0.150606
0.151562
0.152403
0.153130
0.153753
0.154277
0.154698
0.155014
0.155225
0.155330
0.155330
0.155225
0.155014
0.154698
0.154277
0.153753
0.153130
0.152403
0.151562
0.150606
0.149516
0.148279
0.146834
0.145163
0.143185
0.140807
0.137934
0.134394
0.134146
0.137707
0.140619
0.143017
0.145013
0.146699
0.148155
0.149393
0.150490
0.151447
0.152291
0.153018
0.153642
0.154164
0.154585
0.154901
0.155112
0.155217
0.155217
0.155112
0.154901
0.154585
0.154164
0.153642
0.153018
0.152291
0.151447
0.150490
0.149393
0.148155
0.146699
0.145013
0.143017
0.140619
0.137707
0.134146
0.133662
0.137279
0.140266
0.142699
0.144728
0.146443
0.147913
0.149159
0.150269
0.151226
0.152075
0.152803
0.153427
0.153947
0.154368
0.154684
0.154895
0.155001
0.155001
0.154895
0.154684
0.154368
0.153947
0.153427
0.152803
0.152075
0.151226
0.150269
0.149159
0.147913
0.146443
0.144728
0.142699
0.140266
0.137279
0.133662
0.132937
0.136652
0.139720
0.142232
0.144309
0.146065
0.147536
0.148812
0.149939
0.150900
0.151751
0.152485
0.153109
0.153629
0.154046
0.154363
0.154574
0.154679
0.154679
0.154574
0.154363
0.154046
0.153629
0.153109
0.152485
0.151751
0.150900
0.149939
0.148812
0.147536
0.146065
0.144309
0.142232
0.139720
0.136652
0.132937
0.131980
0.135811
0.138963
0.141573
0.143728
0.145519
0.147036
0.148354
0.149481
0.150468
0.151320
0.152064
0.152688
0.153208
0.153625
0.153937
0.154147
0.154253
0.154253
0.154147
0.153937
0.153625
0.153208
0.152688
0.152064
0.151320
0.150468
0.149481
0.148354
0.147036
0.145519
0.143728
0.141573
0.138963
0.135811
0.131980
0.130725
0.134701
0.138023
0.140721
0.142962
0.144831
0.146415
0.147765
0.148912
0.149927
0.150783
0.151528
0.152163
0.152684
0.153101
0.153413
0.153621
0.153725
0.153725
0.153621
0.153413
0.153101
0.152684
0.152163
0.151528
0.150783
0.149927
0.148912
0.147765
0.146415
0.144831
0.142962
0.140721
0.138023
0.134701
0.130725
0.129187
0.133332
0.136797
0.139672
0.142046
0.144008
0.145637
0.147022
0.148230
0.149245
0.150139
0.150885
0.151525
0.152056
0.152473
0.152785
0.152994
0.153098
0.153098
0.152994
0.152785
0.152473
0.152056
0.151525
0.150885
0.150139
0.149245
0.148230
0.147022
0.145637
0.144008
0.142046
0.139672
0.136797
0.133332
0.129187
0.127330
0.131665
0.135319
0.138365
0.140866
0.142943
0.144680
0.146157
0.147385
0.148451
0.149354
0.150136
0.150776
0.151309
0.151735
0.152054
0.152262
0.152366
0.152366
0.152262
0.152054
0.151735
0.151309
0.150776
0.150136
0.149354
0.148451
0.147385
0.146157
0.144680
0.142943
0.140866
0.138365
0.135319
0.131665
0.127330
0.125127
0.129660
0.133530
0.136770
0.139464
0.141697
0.143541
0.145082
0.146399
0.147505
0.148448
0.149239
0.149916
0.150454
0.150881
0.151201
0.151414
0.151520
0.151520
0.151414
0.151201
0.150881
0.150454
0.149916
0.149239
0.148448
0.147505
0.146399
0.145082
0.143541
0.141697
0.139464
0.136770
0.133530
0.129660
0.125127
0.122555
0.127289
0.131385
0.134856
0.137770
0.140178
0.142174
0.143838
0.145214
0.146396
0.147379
0.148220
0.148898
0.149463
0.149915
0.150240
0.150453
0.150560
0.150560
0.150453
0.150240
0.149915
0.149463
0.148898
0.148220
0.147379
0.146396
0.145214
0.143838
0.142174
0.140178
0.137770
0.134856
0.131385
0.127289
0.122555
0.119586
0.124530
0.128853
0.132571
0.135719
0.138338
0.140509
0.142321
0.143835
0.145075
0.146148
0.147009
0.147747
0.148332
0.148784
0.149124
0.149350
0.149463
0.149463
0.149350
0.149124
0.148784
0.148332
0.147747
0.147009
0.146148
0.145075
0.143835
0.142321
0.140509
0.138338
0.135719
0.132571
0.128853
0.124530
0.119586
0.116188
0.121351
0.125909
0.129875
0.133261
0.136137
0.138517
0.140505
0.142167
0.143530
0.144666
0.145618
0.146393
0.147008
0.147501
0.147870
0.148106
0.148220
0.148220
0.148106
0.147870
0.147501
0.147008
0.146393
0.145618
0.144666
0.143530
0.142167
0.140505
0.138517
0.136137
0.133261
0.129875
0.125909
0.121351
0.116188
0.112317
0.117723
0.122504
0.126709
0.130365
0.133488
0.136132
0.138329
0.140166
0.141680
0.142923
0.143983
0.144802
0.145483
0.146025
0.146394
0.146640
0.146763
0.146763
0.146640
0.146394
0.146025
0.145483
0.144802
0.143983
0.142923
0.141680
0.140166
0.138329
0.136132
0.133488
0.130365
0.126709
0.122504
0.117723
0.112317
0.107925
0.113603
0.118626
0.123068
0.126969
0.130358
0.133250
0.135702
0.137749
0.139440
0.140838
0.142015
0.142924
0.143681
0.144258
0.144667
0.144939
0.145076
0.145076
0.144939
0.144667
0.144258
0.143681
0.142924
0.142015
0.140838
0.139440
0.137749
0.135702
0.133250
0.130358
0.126969
0.123068
0.118626
0.113603
0.107925
0.102931
0.108933
0.114235
0.118919
0.123060
0.126694
0.129854
0.132546
0.134826
0.136736
0.138327
0.139626
0.140671
0.141513
0.142168
0.142622
0.142926
0.143077
0.143077
0.142926
0.142622
0.142168
0.141513
0.140671
0.139626
0.138327
0.136736
0.134826
0.132546
0.129854
0.126694
0.123060
0.118919
0.114235
0.108933
0.102931
0.000000
0.103644
0.109261
0.114224
0.118608
0.122478
0.125877
0.128815
0.131342
0.133481
0.135264
0.136738
0.137954
0.138886
0.139629
0.140169
0.140505
0.140674
0.140674
0.140505
0.140169
0.139629
0.138886
0.137954
0.136738
0.135264
0.133481
0.131342
0.128815
0.125877
0.122478
0.118608
0.114224
0.109261
0.103644
0.000000
0.000000
0.000000
0.103631
0.108909
0.113570
0.117684
0.121304
0.124478
0.127229
0.129593
0.131590
0.133249
0.134611
0.135705
0.136538
0.137147
0.137552
0.137755
0.137755
0.137552
0.137147
0.136538
0.135705
0.134611
0.133249
0.131590
0.129593
0.127229
0.124478
0.121304
0.117684
0.113570
0.108909
0.103631
0.000000
0.000000
0.185781
0.000000
0.000000
0.102890
0.107875
0.112260
0.116124
0.119513
0.122476
0.125038
0.127232
0.129078
0.130605
0.131842
0.132786
0.133488
0.133956
0.134177
0.134177
0.133956
0.133488
0.132786
0.131842
0.130605
0.129078
0.127232
0.125038
0.122476
0.119513
0.116124
0.112260
0.107875
0.102890
0.000000
0.000000
0.185781
0.184772
0.185722
0.000000
0.000000
0.101409
0.106123
0.110260
0.113891
0.117059
0.119819
0.122190
0.124203
0.125882
0.127237
0.128305
0.129083
0.129602
0.129862
0.129862
0.129602
0.129083
0.128305
0.127237
0.125882
0.124203
0.122190
0.119819
0.117059
0.113891
0.110260
0.106123
0.101409
0.000000
0.000000
0.185722
0.184772
0.183615
0.184658
0.185553
0.000000
0.000000
0.099143
0.103612
0.107521
0.110929
0.113894
0.116439
0.118607
0.120422
0.121905
0.123062
0.123927
0.124489
0.124769
0.124769
0.124489
0.123927
0.123062
0.121905
0.120422
0.118607
0.116439
0.113894
0.110929
0.107521
0.103612
0.099143
0.000000
0.000000
0.185553
0.184658
0.183615
0.182145
0.183392
0.184432
0.185272
0.000000
0.000000
0.000000
0.100283
0.103979
0.107174
0.109929
0.112265
0.114221
0.115818
0.117069
0.118005
0.118614
0.118918
0.118918
0.118614
0.118005
0.117069
0.115818
0.114221
0.112265
0.109929
0.107174
0.103979
0.100283
0.000000
0.000000
0.000000
0.185272
0.184432
0.183392
0.182145
0.180354
0.181821
0.183023
0.184095
0.184879
0.185607
0.000000
0.000000
0.000000
0.099528
0.102520
0.105059
0.107180
0.108910
0.110272
0.111276
0.111945
0.112273
0.112273
0.111945
0.111276
0.110272
0.108910
0.107180
0.105059
0.102520
0.099528
0.000000
0.000000
0.000000
0.185607
0.184879
0.184095
0.183023
0.181821
0.180354
