0.178774
0.180075
0.181164
0.182158
0.182969
0.183722
0.184318
0.184804
0.185246
0.185643
0.185996
0.000000
0.000000
0.000000
0.000000
0.000000
0.000000
0.000000
0.000000
0.000000
0.000000
0.000000
0.000000
0.000000
0.000000
0.185996
0.185643
0.185246
0.184804
0.184318
0.183722
0.182969
0.182158
0.181164
0.180075
0.178774
0.183969
0.184727
0.185434
0.000000
0.000000
0.000000
0.098576
0.101854
0.104728
0.107241
0.109417
0.111278
0.112841
0.114127
0.115135
0.115891
0.116386
0.116632
0.116632
0.116386
0.115891
0.115135
0.114127
0.112841
0.111278
0.109417
0.107241
0.104728
0.101854
0.098576
0.000000
0.000000
0.000000
0.185434
0.184727
0.183969
0.000000
0.101056
0.105661
0.109771
0.113438
0.116711
0.119625
0.122205
0.124469
0.126442
0.128144
0.129579
0.130771
0.131748
0.132501
0.133056
0.133426
0.133611
0.133611
0.133426
0.133056
0.132501
0.131748
0.130771
0.129579
0.128144
0.126442
0.124469
0.122205
0.119625
0.116711
0.113438
0.109771
0.105661
0.101056
0.000000
0.117285
0.121353
0.124987
0.128215
0.131036
0.133492
0.135602
0.137395
0.138915
0.140215
0.141281
0.142192
0.142912
0.143512
0.143992
0.144316
0.144532
0.144640
0.144640
0.144532
0.144316
0.143992
0.143512
0.142912
0.142192
0.141281
0.140215
0.138915
0.137395
0.135602
0.133492
0.131036
0.128215
0.124987
0.121353
0.117285
0.133745
0.136654
0.139118
0.141199
0.142959
0.144467
0.145761
0.146857
0.147832
0.148653
0.149370
0.149997
0.150505
0.150928
0.151267
0.151521
0.151690
0.151775
0.151775
0.151690
0.151521
0.151267
0.150928
0.150505
0.149997
0.149370
0.148653
0.147832
0.146857
0.145761
0.144467
0.142959
0.141199
0.139118
0.136654
0.133745
0.144511
0.146312
0.147873
0.149229
0.150457
0.151558
0.152561
0.153472
0.154304
0.155059
0.155730
0.156332
0.156858
0.157296
0.157647
0.157910
0.158091
0.158184
0.158184
0.158091
0.157910
0.157647
0.157296
0.156858
0.156332
0.155730
0.155059
0.154304
0.153472
0.152561
0.151558
0.150457
0.149229
0.147873
0.146312
0.144511
0.151511
0.152929
0.154258
0.155517
0.156724
0.157864
0.158974
0.160001
0.160997
0.161894
0.162733
0.163472
0.164110
0.164660
0.165100
0.165430
0.165650
0.165760
0.165760
0.165650
0.165430
0.165100
0.164660
0.164110
0.163472
0.162733
0.161894
0.160997
0.160001
0.158974
0.157864
0.156724
0.155517
0.154258
0.152929
0.151511
0.157731
0.159300
0.160847
0.162363
0.163842
0.165266
0.166598
0.167830
0.168945
0.169946
0.170811
0.171566
0.172202
0.172713
0.173121
0.173428
0.173632
0.173734
0.173734
0.173632
0.173428
0.173121
0.172713
0.172202
0.171566
0.170811
0.169946
0.168945
0.167830
0.166598
0.165266
0.163842
0.162363
0.160847
0.159300
0.157731
0.164993
0.166881
0.168670
0.170329
0.171840
0.173177
0.174375
0.175419
0.176337
0.177117
0.177811
0.178377
0.178845
0.179236
0.179548
0.179782
0.179939
0.180015
0.180015
0.179939
0.179782
0.179548
0.179236
0.178845
0.178377
0.177811
0.177117
0.176337
0.175419
0.174375
0.173177
0.171840
0.170329
0.168670
0.166881
0.164993
0.172825
0.174523
0.176039
0.177341
0.178500
0.179516
0.180400
0.181160
0.181850
0.182401
0.182871
0.183282
0.183634
0.183928
0.184124
0.184258
0.184348
0.184393
0.184393
0.184348
0.184258
0.184124
0.183928
0.183634
0.183282
0.182871
0.182401
0.181850
0.181160
0.180400
0.179516
0.178500
0.177341
0.176039
0.174523
0.172825
0.179171
0.180442
0.181547
0.182496
0.183318
0.184062
0.184600
0.185092
0.185540
0.185943
0.000000
0.000000
0.000000
0.000000
0.000000
0.000000
0.000000
0.000000
0.000000
0.000000
0.000000
0.000000
0.000000
0.000000
0.000000
0.000000
0.185943
0.185540
0.185092
0.184600
0.184062
0.183318
0.182496
0.181547
0.180442
0.179171
0.183766
0.184583
0.185300
0.185972
0.000000
0.000000
0.000000
0.101229
0.104170
0.106730
0.108949
0.110845
0.112440
0.113748
0.114776
0.115542
0.116052
0.116302
0.116302
0.116052
0.115542
0.114776
0.113748
0.112440
0.110845
0.108949
0.106730
0.104170
0.101229
0.000000
0.000000
0.000000
0.185972
0.185300
0.184583
0.183766
0.000000
0.000000
0.102322
0.106641
0.110494
0.113929
0.116974
0.119679
0.122061
0.124136
0.125929
0.127446
0.128716
0.129755
0.130559
0.131154
0.131550
0.131749
0.131749
0.131550
0.131154
0.130559
0.129755
0.128716
0.127446
0.125929
0.124136
0.122061
0.119679
0.116974
0.113929
0.110494
0.106641
0.102322
0.000000
0.000000
0.112019
0.116401
0.120331
0.123844
0.126953
0.129698
0.132087
0.134140
0.135896
0.137367
0.138612
0.139655
0.140498
0.141173
0.141714
0.142107
0.142350
0.142472
0.142472
0.142350
0.142107
0.141714
0.141173
0.140498
0.139655
0.138612
0.137367
0.135896
0.134140
0.132087
0.129698
0.126953
0.123844
0.120331
0.116401
0.112019
0.127978
0.131445
0.134447
0.137001
0.139172
0.141006
0.142565
0.143904
0.145008
0.145992
0.146784
0.147477
0.148065
0.148519
0.148883
0.149155
0.149337
0.149428
0.149428
0.149337
0.149155
0.148883
0.148519
0.148065
0.147477
0.146784
0.145992
0.145008
0.143904
0.142565
0.141006
0.139172
0.137001
0.134447
0.131445
0.127978
0.139733
0.142051
0.143999
0.145641
0.147061
0.148319
0.149410
0.150388
0.151246
0.152019
0.152690
0.153278
0.153782
0.154204
0.154545
0.154800
0.154970
0.155055
0.155055
0.154970
0.154800
0.154545
0.154204
0.153782
0.153278
0.152690
0.152019
0.151246
0.150388
0.149410
0.148319
0.147061
0.145641
0.143999
0.142051
0.139733
0.147338
0.148938
0.150372
0.151660
0.152844
0.153935
0.154956
0.155893
0.156777
0.157578
0.158308
0.158970
0.159538
0.160012
0.160416
0.160719
0.160921
0.161022
0.161022
0.160921
0.160719
0.160416
0.160012
0.159538
0.158970
0.158308
0.157578
0.156777
0.155893
0.154956
0.153935
0.152844
0.151660
0.150372
0.148938
0.147338
0.152998
0.154432
0.155795
0.157120
0.158389
0.159620
0.160807
0.161919
0.162986
0.163950
0.164841
0.165622
0.166297
0.166866
0.167320
0.167661
0.167889
0.168002
0.168002
0.167889
0.167661
0.167320
0.166866
0.166297
0.165622
0.164841
0.163950
0.162986
0.161919
0.160807
0.159620
0.158389
0.157120
0.155795
0.154432
0.152998
0.158472
0.160087
0.161705
0.163295
0.164829
0.166286
0.167650
0.168895
0.170023
0.171008
0.171884
0.172615
0.173237
0.173756
0.174158
0.174447
0.174640
0.174736
0.174736
0.174640
0.174447
0.174158
0.173756
0.173237
0.172615
0.171884
0.171008
0.170023
0.168895
0.167650
0.166286
0.164829
0.163295
0.161705
0.160087
0.158472
0.164819
0.166731
0.168547
0.170234
0.171766
0.173127
0.174345
0.175404
0.176336
0.177128
0.177832
0.178403
0.178879
0.179275
0.179592
0.179829
0.179988
0.180059
0.180059
0.179988
0.179829
0.179592
0.179275
0.178879
0.178403
0.177832
0.177128
0.176336
0.175404
0.174345
0.173127
0.171766
0.170234
0.168547
0.166731
0.164819
0.171650
0.173432
0.175014
0.176420
0.177652
0.178717
0.179669
0.180478
0.181178
0.181809
0.182314
0.182731
0.183088
0.183386
0.183624
0.183803
0.183922
0.183982
0.183982
0.183922
0.183803
0.183624
0.183386
0.183088
0.182731
0.182314
0.181809
0.181178
0.180478
0.179669
0.178717
0.177652
0.176420
0.175014
0.173432
0.171650
0.177474
0.178874
0.180126
0.181177
0.182135
0.182909
0.183625
0.184214
0.184668
0.185077
0.185440
0.185759
0.000000
0.000000
0.000000
0.000000
0.000000
0.000000
0.000000
0.000000
0.000000
0.000000
0.000000
0.000000
0.185759
0.185440
0.185077
0.184668
0.184214
0.183625
0.182909
0.182135
0.181177
0.180126
0.178874
0.177474
0.181948
0.182969
0.183924
0.184623
0.185260
0.185851
0.000000
0.000000
0.000000
0.098168
0.100638
0.102748
0.104518
0.105971
0.107108
0.107960
0.108517
0.108795
0.108795
0.108517
0.107960
0.107108
0.105971
0.104518
0.102748
0.100638
0.098168
0.000000
0.000000
0.000000
0.185851
0.185260
0.184623
0.183924
0.182969
0.181948
0.185080
0.185853
0.000000
0.000000
0.099118
0.103063
0.106559
0.109648
0.112363
0.114735
0.116791
0.118550
0.120033
0.121238
0.122197
0.122900
0.123369
0.123603
0.123603
0.123369
0.122900
0.122197
0.121238
0.120033
0.118550
0.116791
0.114735
0.112363
0.109648
0.106559
0.103063
0.099118
0.000000
0.000000
0.185853
0.185080
0.000000
0.102787
0.107434
0.111580
0.115277
0.118574
0.121503
0.124094
0.126356
0.128320
0.130007
0.131416
0.132589
0.133541
0.134282
0.134817
0.135173
0.135351
0.135351
0.135173
0.134817
0.134282
0.133541
0.132589
0.131416
0.130007
0.128320
0.126356
0.124094
0.121503
0.118574
0.115277
0.111580
0.107434
0.102787
0.000000
0.113739
0.118105
0.122011
0.125485
0.128556
0.131240
0.133565
0.135554
0.137237
0.138662
0.139872
0.140844
0.141667
0.142318
0.142812
0.143182
0.143429
0.143553
0.143553
0.143429
0.143182
0.142812
0.142318
0.141667
0.140844
0.139872
0.138662
0.137237
0.135554
0.133565
0.131240
0.128556
0.125485
0.122011
0.118105
0.113739
0.127069
0.130663
0.133783
0.136436
0.138685
0.140591
0.142214
0.143573
0.144727
0.145726
0.146556
0.147258
0.147861
0.148334
0.148703
0.148979
0.149164
0.149256
0.149256
0.149164
0.148979
0.148703
0.148334
0.147861
0.147258
0.146556
0.145726
0.144727
0.143573
0.142214
0.140591
0.138685
0.136436
0.133783
0.130663
0.127069
0.137453
0.140065
0.142235
0.144080
0.145635
0.146976
0.148167
0.149182
0.150099
0.150884
0.151581
0.152187
0.152698
0.153125
0.153466
0.153721
0.153892
0.153977
0.153977
0.153892
0.153721
0.153466
0.153125
0.152698
0.152187
0.151581
0.150884
0.150099
0.149182
0.148167
0.146976
0.145635
0.144080
0.142235
0.140065
0.137453
0.144657
0.146493
0.148093
0.149478
0.150728
0.151862
0.152888
0.153826
0.154688
0.155466
0.156164
0.156796
0.157338
0.157789
0.158160
0.158448
0.158640
0.158736
0.158736
0.158640
0.158448
0.158160
0.157789
0.157338
0.156796
0.156164
0.155466
0.154688
0.153826
0.152888
0.151862
0.150728
0.149478
0.148093
0.146493
0.144657
0.149868
0.151358
0.152737
0.154017
0.155227
0.156367
0.157451
0.158473
0.159433
0.160319
0.161140
0.161858
0.162502
0.163046
0.163481
0.163808
0.164026
0.164140
0.164140
0.164026
0.163808
0.163481
0.163046
0.162502
0.161858
0.161140
0.160319
0.159433
0.158473
0.157451
0.156367
0.155227
0.154017
0.152737
0.151358
0.149868
0.154298
0.155768
0.157203
0.158594
0.159940
0.161271
0.162533
0.163730
0.164852
0.165872
0.166793
0.167601
0.168292
0.168865
0.169324
0.169668
0.169897
0.170011
0.170011
0.169897
0.169668
0.169324
0.168865
0.168292
0.167601
0.166793
0.165872
0.164852
0.163730
0.162533
0.161271
0.159940
0.158594
0.157203
0.155768
0.154298
0.158813
0.160479
0.162129
0.163762
0.165340
0.166829
0.168213
0.169475
0.170602
0.171602
0.172465
0.173202
0.173834
0.174335
0.174726
0.175019
0.175215
0.175313
0.175313
0.175215
0.175019
0.174726
0.174335
0.173834
0.173202
0.172465
0.171602
0.170602
0.169475
0.168213
0.166829
0.165340
0.163762
0.162129
0.160479
0.158813
0.163905
0.165829
0.167674
0.169397
0.170972
0.172396
0.173659
0.174760
0.175738
0.176565
0.177280
0.177906
0.178398
0.178800
0.179122
0.179363
0.179524
0.179605
0.179605
0.179524
0.179363
0.179122
0.178800
0.178398
0.177906
0.177280
0.176565
0.175738
0.174760
0.173659
0.172396
0.170972
0.169397
0.167674
0.165829
0.163905
0.169436
0.171344
0.173064
0.174599
0.175969
0.177134
0.178186
0.179071
0.179877
0.180531
0.181100
0.181598
0.182021
0.182324
0.182566
0.182747
0.182868
0.182929
0.182929
0.182868
0.182747
0.182566
0.182324
0.182021
0.181598
0.181100
0.180531
0.179877
0.179071
0.178186
0.177134
0.175969
0.174599
0.173064
0.171344
0.169436
0.174536
0.176183
0.177614
0.178861
0.179988
0.180915
0.181769
0.182469
0.183074
0.183619
0.184079
0.184402
0.184679
0.184910
0.185094
0.185233
0.185325
0.185371
0.185371
0.185325
0.185233
0.185094
0.184910
0.184679
0.184402
0.184079
0.183619
0.183074
0.182469
0.181769
0.180915
0.179988
0.178861
0.177614
0.176183
0.174536
0.178731
0.180089
0.181228
0.182252
0.183100
0.183887
0.184468
0.184975
0.185437
0.185853
0.000000
0.000000
0.000000
0.000000
0.000000
0.000000
0.000000
0.000000
0.000000
0.000000
0.000000
0.000000
0.000000
0.000000
0.000000
0.000000
0.185853
0.185437
0.184975
0.184468
0.183887
0.183100
0.182252
0.181228
0.180089
0.178731
0.182096
0.183125
0.184072
0.184765
0.185411
0.000000
0.000000
0.000000
0.000000
0.099478
0.101958
0.104070
0.105841
0.107288
0.108433
0.109280
0.109844
0.110123
0.110123
0.109844
0.109280
0.108433
0.107288
0.105841
0.104070
0.101958
0.099478
0.000000
0.000000
0.000000
0.000000
0.185411
0.184765
0.184072
0.183125
0.182096
0.184601
0.185386
0.000000
0.000000
0.000000
0.100253
0.103915
0.107139
0.109982
0.112455
0.114599
0.116433
0.117977
0.119234
0.120233
0.120967
0.121457
0.121702
0.121702
0.121457
0.120967
0.120233
0.119234
0.117977
0.116433
0.114599
0.112455
0.109982
0.107139
0.103915
0.100253
0.000000
0.000000
0.000000
0.185386
0.184601
0.000000
0.000000
0.100712
0.105243
0.109275
0.112860
0.116048
0.118860
0.121338
0.123501
0.125365
0.126949
0.128277
0.129349
0.130197
0.130811
0.131219
0.131424
0.131424
0.131219
0.130811
0.130197
0.129349
0.128277
0.126949
0.125365
0.123501
0.121338
0.118860
0.116048
0.112860
0.109275
0.105243
0.100712
0.000000
0.000000
0.103609
0.108570
0.112998
0.116954
0.120486
0.123627
0.126399
0.128821
0.130921
0.132721
0.134251
0.135518
0.136560
0.137399
0.138064
0.138525
0.138832
0.138986
0.138986
0.138832
0.138525
0.138064
0.137399
0.136560
0.135518
0.134251
0.132721
0.130921
0.128821
0.126399
0.123627
0.120486
0.116954
0.112998
0.108570
0.103609
0.115269
0.119627
0.123517
0.126967
0.130011
0.132634
0.134895
0.136822
0.138458
0.139842
0.140972
0.141948
0.142706
0.143334
0.143836
0.144191
0.144417
0.144530
0.144530
0.144417
0.144191
0.143836
0.143334
0.142706
0.141948
0.140972
0.139842
0.138458
0.136822
0.134895
0.132634
0.130011
0.126967
0.123517
0.119627
0.115269
0.125278
0.129058
0.132356
0.135180
0.137590
0.139624
0.141332
0.142780
0.144033
0.145048
0.145952
0.146671
0.147283
0.147793
0.148185
0.148467
0.148654
0.148748
0.148748
0.148654
0.148467
0.148185
0.147793
0.147283
0.146671
0.145952
0.145048
0.144033
0.142780
0.141332
0.139624
0.137590
0.135180
0.132356
0.129058
0.125278
0.133629
0.136681
0.139253
0.141415
0.143232
0.144778
0.146120
0.147244
0.148243
0.149088
0.149838
0.150468
0.150999
0.151442
0.151797
0.152061
0.152235
0.152321
0.152321
0.152235
0.152061
0.151797
0.151442
0.150999
0.150468
0.149838
0.149088
0.148243
0.147244
0.146120
0.144778
0.143232
0.141415
0.139253
0.136681
0.133629
0.140104
0.142429
0.144396
0.146082
0.147512
0.148771
0.149898
0.150879
0.151765
0.152550
0.153244
0.153851
0.154376
0.154815
0.155166
0.155430
0.155606
0.155694
0.155694
0.155606
0.155430
0.155166
0.154815
0.154376
0.153851
0.153244
0.152550
0.151765
0.150879
0.149898
0.148771
0.147512
0.146082
0.144396
0.142429
0.140104
0.144918
0.146759
0.148362
0.149771
0.151025
0.152174
0.153214
0.154170
0.155049
0.155840
0.156568
0.157211
0.157761
0.158235
0.158625
0.158918
0.159114
0.159211
0.159211
0.159114
0.158918
0.158625
0.158235
0.157761
0.157211
0.156568
0.155840
0.155049
0.154170
0.153214
0.152174
0.151025
0.149771
0.148362
0.146759
0.144918
0.148705
0.150285
0.151705
0.153012
0.154230
0.155373
0.156447
0.157457
0.158400
0.159279
0.160065
0.160796
0.161422
0.161944
0.162383
0.162715
0.162936
0.163047
0.163047
0.162936
0.162715
0.162383
0.161944
0.161422
0.160796
0.160065
0.159279
0.158400
0.157457
0.156447
0.155373
0.154230
0.153012
0.151705
0.150285
0.148705
0.151942
0.153418
0.154818
0.156143
0.157430
0.158664
0.159837
0.160974
0.162020
0.163016
0.163901
0.164704
0.165396
0.165972
0.166441
0.166793
0.167028
0.167145
0.167145
0.167028
0.166793
0.166441
0.165972
0.165396
0.164704
0.163901
0.163016
0.162020
0.160974
0.159837
0.158664
0.157430
0.156143
0.154818
0.153418
0.151942
0.154967
0.156483
0.157954
0.159418
0.160841
0.162211
0.163539
0.164789
0.165942
0.166998
0.167937
0.168754
0.169454
0.170036
0.170488
0.170827
0.171053
0.171166
0.171166
0.171053
0.170827
0.170488
0.170036
0.169454
0.168754
0.167937
0.166998
0.165942
0.164789
0.163539
0.162211
0.160841
0.159418
0.157954
0.156483
0.154967
0.158022
0.159685
0.161335
0.162957
0.164529
0.166029
0.167439
0.168726
0.169893
0.170914
0.171818
0.172577
0.173220
0.173756
0.174171
0.174469
0.174668
0.174768
0.174768
0.174668
0.174469
0.174171
0.173756
0.173220
0.172577
0.171818
0.170914
0.169893
0.168726
0.167439
0.166029
0.164529
0.162957
0.161335
0.159685
0.158022
0.161309
0.163151
0.164962
0.166706
0.168349
0.169866
0.171228
0.172447
0.173518
0.174448
0.175245
0.175941
0.176492
0.176947
0.177311
0.177583
0.177765
0.177856
0.177856
0.177765
0.177583
0.177311
0.176947
0.176492
0.175941
0.175245
0.174448
0.173518
0.172447
0.171228
0.169866
0.168349
0.166706
0.164962
0.163151
0.161309
0.164819
0.166797
0.168673
0.170411
0.171996
0.173389
0.174628
0.175723
0.176656
0.177475
0.178183
0.178756
0.179247
0.179657
0.179985
0.180204
0.180348
0.180421
0.180421
0.180348
0.180204
0.179985
0.179657
0.179247
0.178756
0.178183
0.177475
0.176656
0.175723
0.174628
0.173389
0.171996
0.170411
0.168673
0.166797
0.164819
0.168415
0.170388
0.172189
0.173797
0.175206
0.176458
0.177550
0.178496
0.179315
0.180047
0.180626
0.181133
0.181567
0.181930
0.182186
0.182371
0.182494
0.182556
0.182556
0.182494
0.182371
0.182186
0.181930
0.181567
0.181133
0.180626
0.180047
0.179315
0.178496
0.177550
0.176458
0.175206
0.173797
0.172189
0.170388
0.168415
0.171838
0.173670
0.175288
0.176715
0.177990
0.179056
0.180035
0.180832
0.181557
0.182177
0.182670
0.183102
0.183471
0.183779
0.184020
0.184161
0.184254
0.184301
0.184301
0.184254
0.184161
0.184020
0.183779
0.183471
0.183102
0.182670
0.182177
0.181557
0.180832
0.180035
0.179056
0.177990
0.176715
0.175288
0.173670
0.171838
0.174873
0.176518
0.177976
0.179208
0.180315
0.181257
0.182108
0.182785
0.183402
0.183957
0.184343
0.184672
0.184954
0.185189
0.185377
0.185518
0.185612
0.185659
0.185659
0.185612
0.185518
0.185377
0.185189
0.184954
0.184672
0.184343
0.183957
0.183402
0.182785
0.182108
0.181257
0.180315
0.179208
0.177976
0.176518
0.174873
0.177507
0.178950
0.180232
0.181320
0.182285
0.183086
0.183826
0.184385
0.184855
0.185278
0.185654
0.185983
0.000000
0.000000
0.000000
0.000000
0.000000
0.000000
0.000000
0.000000
0.000000
0.000000
0.000000
0.000000
0.185983
0.185654
0.185278
0.184855
0.184385
0.183826
0.183086
0.182285
0.181320
0.180232
0.178950
0.177507
0.179760
0.181021
0.182154
0.183079
0.183943
0.184568
0.185132
0.185650
0.000000
0.000000
0.000000
0.000000
0.000000
0.098210
0.099495
0.100449
0.101077
0.101391
0.101391
0.101077
0.100449
0.099495
0.098210
0.000000
0.000000
0.000000
0.000000
0.000000
0.185650
0.185132
0.184568
0.183943
0.183079
0.182154
0.181021
0.179760
0.181666
0.182765
0.183752
0.184517
0.185175
0.185787
0.000000
0.000000
0.000000
0.098190
0.100744
0.102924
0.104752
0.106250
0.107426
0.108302
0.108877
0.109164
0.109164
0.108877
0.108302
0.107426
0.106250
0.104752
0.102924
0.100744
0.098190
0.000000
0.000000
0.000000
0.185787
0.185175
0.184517
0.183752
0.182765
0.181666
0.183253
0.184231
0.184984
0.185690
0.000000
0.000000
0.000000
0.100100
0.103218
0.105942
0.108291
0.110297
0.111984
0.113358
0.114446
0.115252
0.115789
0.116056
0.116056
0.115789
0.115252
0.114446
0.113358
0.111984
0.110297
0.108291
0.105942
0.103218
0.100100
0.000000
0.000000
0.000000
0.185690
0.184984
0.184231
0.183253
0.184557
0.185357
0.000000
0.000000
0.000000
0.100402
0.104127
0.107406
0.110290
0.112802
0.114978
0.116838
0.118402
0.119682
0.120688
0.121437
0.121936
0.122181
0.122181
0.121936
0.121437
0.120688
0.119682
0.118402
0.116838
0.114978
0.112802
0.110290
0.107406
0.104127
0.100402
0.000000
0.000000
0.000000
0.185357
0.184557
0.185638
0.000000
0.000000
0.099115
0.103507
0.107400
0.110848
0.113898
0.116574
0.118913
0.120938
0.122667
0.124120
0.125298
0.126232
0.126915
0.127370
0.127597
0.127597
0.127370
0.126915
0.126232
0.125298
0.124120
0.122667
0.120938
0.118913
0.116574
0.113898
0.110848
0.107400
0.103507
0.099115
0.000000
0.000000
0.185638
0.000000
0.000000
0.101332
0.105922
0.110002
0.113623
0.116837
0.119683
0.122184
0.124359
0.126236
0.127829
0.129148
0.130229
0.131063
0.131689
0.132100
0.132297
0.132297
0.132100
0.131689
0.131063
0.130229
0.129148
0.127829
0.126236
0.124359
0.122184
0.119683
0.116837
0.113623
0.110002
0.105922
0.101332
0.000000
0.000000
0.000000
0.102884
0.107691
0.111974
0.115785
0.119175
0.122189
0.124837
0.127153
0.129155
0.130862
0.132305
0.133488
0.134444
0.135182
0.135736
0.136097
0.136268
0.136268
0.136097
0.135736
0.135182
0.134444
0.133488
0.132305
0.130862
0.129155
0.127153
0.124837
0.122189
0.119175
0.115785
0.111974
0.107691
0.102884
0.000000
0.103810
0.108854
0.113355
0.117372
0.120952
0.124138
0.126935
0.129383
0.131498
0.133301
0.134823
0.136107
0.137134
0.137989
0.138617
0.139087
0.139401
0.139557
0.139557
0.139401
0.139087
0.138617
0.137989
0.137134
0.136107
0.134823
0.133301
0.131498
0.129383
0.126935
0.124138
0.120952
0.117372
0.113355
0.108854
0.103810
0.109437
0.114185
0.118422
0.122207
0.125564
0.128519
0.131092
0.133313
0.135204
0.136803
0.138158
0.139256
0.140178
0.140889
0.141458
0.141885
0.142152
0.142280
0.142280
0.142152
0.141885
0.141458
0.140889
0.140178
0.139256
0.138158
0.136803
0.135204
0.133313
0.131092
0.128519
0.125564
0.122207
0.118422
0.114185
0.109437
0.114464
0.118947
0.122949
0.126504
0.129628
0.132340
0.134664
0.136646
0.138328
0.139739
0.140902
0.141898
0.142676
0.143317
0.143829
0.144192
0.144422
0.144537
0.144537
0.144422
0.144192
0.143829
0.143317
0.142676
0.141898
0.140902
0.139739
0.138328
0.136646
0.134664
0.132340
0.129628
0.126504
0.122949
0.118947
0.114464
0.118961
0.123208
0.126975
0.130287
0.133145
0.135604
0.137688
0.139441
0.140916
0.142177
0.143202
0.144089
0.144781
0.145356
0.145817
0.146147
0.146355
0.146460
0.146460
0.146355
0.146147
0.145817
0.145356
0.144781
0.144089
0.143202
0.142177
0.140916
0.139441
0.137688
0.135604
0.133145
0.130287
0.126975
0.123208
0.118961
0.122982
0.126993
0.130514
0.133558
0.136164
0.138358
0.140220
0.141786
0.143089
0.144218
0.145140
0.145947
0.146577
0.147098
0.147515
0.147827
0.148033
0.148128
0.148128
0.148033
0.147827
0.147515
0.147098
0.146577
0.145947
0.145140
0.144218
0.143089
0.141786
0.140220
0.138358
0.136164
0.133558
0.130514
0.126993
0.122982
0.126557
0.130325
0.133579
0.136353
0.138690
0.140663
0.142336
0.143746
0.144925
0.145962
0.146800
0.147529
0.148142
0.148621
0.149004
0.149292
0.149483
0.149579
0.149579
0.149483
0.149292
0.149004
0.148621
0.148142
0.147529
0.146800
0.145962
0.144925
0.143746
0.142336
0.140663
0.138690
0.136353
0.133579
0.130325
0.126557
0.129706
0.133205
0.136202
0.138709
0.140824
0.142609
0.144134
0.145402
0.146502
0.147441
0.148253
0.148924
0.149499
0.149978
0.150341
0.150612
0.150793
0.150884
0.150884
0.150793
0.150612
0.150341
0.149978
0.149499
0.148924
0.148253
0.147441
0.146502
0.145402
0.144134
0.142609
0.140824
0.138709
0.136202
0.133205
0.129706
0.132438
0.135686
0.138416
0.140702
0.142628
0.144266
0.145651
0.146832
0.147875
0.148748
0.149515
0.150176
0.150719
0.151171
0.151533
0.151805
0.151986
0.152075
0.152075
0.151986
0.151805
0.151533
0.151171
0.150719
0.150176
0.149515
0.148748
0.147875
0.146832
0.145651
0.144266
0.142628
0.140702
0.138416
0.135686
0.132438
0.134785
0.137792
0.140295
0.142391
0.144169
0.145670
0.146954
0.148093
0.149052
0.149916
0.150645
0.151279
0.151822
0.152269
0.152623
0.152889
0.153066
0.153154
0.153154
0.153066
0.152889
0.152623
0.152269
0.151822
0.151279
0.150645
0.149916
0.149052
0.148093
0.146954
0.145670
0.144169
0.142391
0.140295
0.137792
0.134785
0.136788
0.139563
0.141887
0.143825
0.145459
0.146868
0.148111
0.149166
0.150119
0.150934
0.151659
0.152287
0.152818
0.153261
0.153615
0.153881
0.154059
0.154149
0.154149
0.154059
0.153881
0.153615
0.153261
0.152818
0.152287
0.151659
0.150934
0.150119
0.149166
0.148111
0.146868
0.145459
0.143825
0.141887
0.139563
0.136788
0.138488
0.141055
0.143205
0.145018
0.146574
0.147932
0.149089
0.150137
0.151043
0.151859
0.152571
0.153191
0.153723
0.154169
0.154528
0.154797
0.154977
0.155067
0.155067
0.154977
0.154797
0.154528
0.154169
0.153723
0.153191
0.152571
0.151859
0.151043
0.150137
0.149089
0.147932
0.146574
0.145018
0.143205
0.141055
0.138488
0.139932
0.142329
0.144347
0.146073
0.147535
0.148821
0.149973
0.150972
0.151879
0.152679
0.153389
0.154009
0.154549
0.154998
0.155358
0.155627
0.155807
0.155897
0.155897
0.155807
0.155627
0.155358
0.154998
0.154549
0.154009
0.153389
0.152679
0.151879
0.150972
0.149973
0.148821
0.147535
0.146073
0.144347
0.142329
0.139932
0.141107
0.143383
0.145295
0.146930
0.148362
0.149610
0.150721
0.151718
0.152611
0.153410
0.154121
0.154750
0.155290
0.155739
0.156103
0.156385
0.156573
0.156667
0.156667
0.156573
0.156385
0.156103
0.155739
0.155290
0.154750
0.154121
0.153410
0.152611
0.151718
0.150721
0.149610
0.148362
0.146930
0.145295
0.143383
0.141107
0.142123
0.144279
0.146117
0.147685
0.149056
0.150288
0.151377
0.152367
0.153254
0.154053
0.154773
0.155402
0.155942
0.156409
0.156785
0.157067
0.157255
0.157349
0.157349
0.157255
0.157067
0.156785
0.156409
0.155942
0.155402
0.154773
0.154053
0.153254
0.152367
0.151377
0.150288
0.149056
0.147685
0.146117
0.144279
0.142123
0.142922
0.144998
0.146768
0.148309
0.149655
0.150855
0.151944
0.152922
0.153809
0.154616
0.155336
0.155966
0.156529
0.156999
0.157375
0.157657
0.157845
0.157939
0.157939
0.157845
0.157657
0.157375
0.156999
0.156529
0.155966
0.155336
0.154616
0.153809
0.152922
0.151944
0.150855
0.149655
0.148309
0.146768
0.144998
0.142922
0.143595
0.145604
0.147316
0.148814
0.150151
0.151332
0.152412
0.153389
0.154281
0.155091
0.155811
0.156461
0.157025
0.157495
0.157872
0.158163
0.158363
0.158464
0.158464
0.158363
0.158163
0.157872
0.157495
0.157025
0.156461
0.155811
0.155091
0.154281
0.153389
0.152412
0.151332
0.150151
0.148814
0.147316
0.145604
0.143595
0.144127
0.146086
0.147761
0.149223
0.150539
0.151720
0.152792
0.153769
0.154666
0.155477
0.156206
0.156864
0.157429
0.157899
0.158293
0.158593
0.158794
0.158894
0.158894
0.158794
0.158593
0.158293
0.157899
0.157429
0.156864
0.156206
0.155477
0.154666
0.153769
0.152792
0.151720
0.150539
0.149223
0.147761
0.146086
0.144127
0.144503
0.146427
0.148094
0.149538
0.150836
0.152017
0.153084
0.154062
0.154963
0.155774
0.156516
0.157175
0.157740
0.158224
0.158624
0.158925
0.159125
0.159225
0.159225
0.159125
0.158925
0.158624
0.158224
0.157740
0.157175
0.156516
0.155774
0.154963
0.154062
0.153084
0.152017
0.150836
0.149538
0.148094
0.146427
0.144503
0.144765
0.146664
0.148313
0.149757
0.151044
0.152221
0.153288
0.154269
0.155170
0.155982
0.156734
0.157393
0.157958
0.158456
0.158856
0.159157
0.159357
0.159457
0.159457
0.159357
0.159157
0.158856
0.158456
0.157958
0.157393
0.156734
0.155982
0.155170
0.154269
0.153288
0.152221
0.151044
0.149757
0.148313
0.146664
0.144765
0.144912
0.146798
0.148437
0.149882
0.151162
0.152336
0.153404
0.154387
0.155289
0.156105
0.156858
0.157518
0.158088
0.158589
0.158990
0.159290
0.159491
0.159591
0.159591
0.159491
0.159290
0.158990
0.158589
0.158088
0.157518
0.156858
0.156105
0.155289
0.154387
0.153404
0.152336
0.151162
0.149882
0.148437
0.146798
0.144912
0.144945
0.146828
0.148465
0.149911
0.151189
0.152364
0.153432
0.154416
0.155318
0.156136
0.156889
0.157549
0.158122
0.158623
0.159024
0.159324
0.159525
0.159625
0.159625
0.159525
0.159324
0.159024
0.158623
0.158122
0.157549
0.156889
0.156136
0.155318
0.154416
0.153432
0.152364
0.151189
0.149911
0.148465
0.146828
0.144945
0.144863
0.146755
0.148398
0.149844
0.151127
0.152304
0.153372
0.154356
0.155258
0.156073
0.156827
0.157487
0.158056
0.158558
0.158959
0.159259
0.159460
0.159560
0.159560
0.159460
0.159259
0.158959
0.158558
0.158056
0.157487
0.156827
0.156073
0.155258
0.154356
0.153372
0.152304
0.151127
0.149844
0.148398
0.146755
0.144863
0.144665
0.146577
0.148235
0.149682
0.150975
0.152155
0.153224
0.154206
0.155109
0.155921
0.156672
0.157332
0.157898
0.158393
0.158794
0.159095
0.159296
0.159396
0.159396
0.159296
0.159095
0.158794
0.158393
0.157898
0.157332
0.156672
0.155921
0.155109
0.154206
0.153224
0.152155
0.150975
0.149682
0.148235
0.146577
0.144665
0.144353
0.146296
0.147975
0.149424
0.150732
0.151916
0.152987
0.153967
0.154870
0.155682
0.156423
0.157083
0.157649
0.158129
0.158530
0.158831
0.159032
0.159132
0.159132
0.159032
0.158831
0.158530
0.158129
0.157649
0.157083
0.156423
0.155682
0.154870
0.153967
0.152987
0.151916
0.150732
0.149424
0.147975
0.146296
0.144353
0.143917
0.145900
0.147590
0.149071
0.150399
0.151584
0.152662
0.153643
0.154541
0.155354
0.156080
0.156741
0.157307
0.157779
0.158167
0.158468
0.158668
0.158769
0.158769
0.158668
0.158468
0.158167
0.157779
0.157307
0.156741
0.156080
0.155354
0.154541
0.153643
0.152662
0.151584
0.150399
0.149071
0.147590
0.145900
0.143917
0.143313
0.145358
0.147101
0.148622
0.149974
0.151160
0.152249
0.153229
0.154123
0.154936
0.155659
0.156305
0.156871
0.157343
0.157721
0.158005
0.158205
0.158306
0.158306
0.158205
0.158005
0.157721
0.157343
0.156871
0.156305
0.155659
0.154936
0.154123
0.153229
0.152249
0.151160
0.149974
0.148622
0.147101
0.145358
0.143313
0.142581
0.144701
0.146507
0.148077
0.149429
0.150646
0.151741
0.152728
0.153620
0.154428
0.155151
0.155784
0.156342
0.156814
0.157192
0.157475
0.157664
0.157758
0.157758
0.157664
0.157475
0.157192
0.156814
0.156342
0.155784
0.155151
0.154428
0.153620
0.152728
0.151741
0.150646
0.149429
0.148077
0.146507
0.144701
0.142581
0.141689
0.143919
0.145788
0.147385
0.148788
0.150042
0.151137
0.152138
0.153030
0.153833
0.154554
0.155187
0.155730
0.156190
0.156568
0.156852
0.157041
0.157135
0.157135
0.157041
0.156852
0.156568
0.156190
0.155730
0.155187
0.154554
0.153833
0.153030
0.152138
0.151137
0.150042
0.148788
0.147385
0.145788
0.143919
0.141689
0.140589
0.142930
0.144900
0.146583
0.148051
0.149308
0.150442
0.151446
0.152351
0.153154
0.153868
0.154500
0.155043
0.155495
0.155857
0.156134
0.156323
0.156418
0.156418
0.156323
0.156134
0.155857
0.155495
0.155043
0.154500
0.153868
0.153154
0.152351
0.151446
0.150442
0.149308
0.148051
0.146583
0.144900
0.142930
0.140589
0.139279
0.141791
0.143884
0.145641
0.147149
0.148475
0.149635
0.150660
0.151574
0.152387
0.153101
0.153726
0.154265
0.154718
0.155080
0.155352
0.155533
0.155623
0.155623
0.155533
0.155352
0.155080
0.154718
0.154265
0.153726
0.153101
0.152387
0.151574
0.150660
0.149635
0.148475
0.147149
0.145641
0.143884
0.141791
0.139279
0.137728
0.140406
0.142637
0.144522
0.146137
0.147506
0.148707
0.149771
0.150697
0.151519
0.152245
0.152870
0.153406
0.153853
0.154213
0.154485
0.154666
0.154756
0.154756
0.154666
0.154485
0.154213
0.153853
0.153406
0.152870
0.152245
0.151519
0.150697
0.149771
0.148707
0.147506
0.146137
0.144522
0.142637
0.140406
0.137728
0.135878
0.138762
0.141180
0.143205
0.144916
0.146389
0.147653
0.148746
0.149714
0.150552
0.151283
0.151923
0.152461
0.152908
0.153265
0.153533
0.153712
0.153802
0.153802
0.153712
0.153533
0.153265
0.152908
0.152461
0.151923
0.151283
0.150552
0.149714
0.148746
0.147653
0.146389
0.144916
0.143205
0.141180
0.138762
0.135878
0.133684
0.136819
0.139458
0.141668
0.143516
0.145080
0.146432
0.147591
0.148592
0.149464
0.150225
0.150865
0.151414
0.151871
0.152232
0.152500
0.152679
0.152768
0.152768
0.152679
0.152500
0.152232
0.151871
0.151414
0.150865
0.150225
0.149464
0.148592
0.147591
0.146432
0.145080
0.143516
0.141668
0.139458
0.136819
0.133684
0.131114
0.134524
0.137406
0.139838
0.141870
0.143569
0.145011
0.146265
0.147319
0.148246
0.149021
0.149699
0.150265
0.150722
0.151088
0.151362
0.151545
0.151637
0.151637
0.151545
0.151362
0.151088
0.150722
0.150265
0.149699
0.149021
0.148246
0.147319
0.146265
0.145011
0.143569
0.141870
0.139838
0.137406
0.134524
0.131114
0.128149
0.131830
0.134972
0.137649
0.139903
0.141785
0.143363
0.144710
0.145877
0.146837
0.147681
0.148385
0.148966
0.149451
0.149839
0.150122
0.150305
0.150397
0.150397
0.150305
0.150122
0.149839
0.149451
0.148966
0.148385
0.147681
0.146837
0.145877
0.144710
0.143363
0.141785
0.139903
0.137649
0.134972
0.131830
0.128149
0.124738
0.128680
0.132119
0.135048
0.137547
0.139651
0.141413
0.142899
0.144177
0.145227
0.146145
0.146884
0.147516
0.148040
0.148428
0.148719
0.148913
0.149010
0.149010
0.148913
0.148719
0.148428
0.148040
0.147516
0.146884
0.146145
0.145227
0.144177
0.142899
0.141413
0.139651
0.137547
0.135048
0.132119
0.128680
0.124738
0.120882
0.125072
0.128769
0.132000
0.134751
0.137099
0.139083
0.140754
0.142177
0.143345
0.144345
0.145162
0.145863
0.146403
0.146825
0.147142
0.147353
0.147459
0.147459
0.147353
0.147142
0.146825
0.146403
0.145863
0.145162
0.144345
0.143345
0.142177
0.140754
0.139083
0.137099
0.134751
0.132000
0.128769
0.125072
0.120882
0.116550
0.120983
0.124930
0.128417
0.131454
0.134081
0.136306
0.138197
0.139788
0.141106
0.142234
0.143144
0.143923
0.144515
0.144982
0.145332
0.145565
0.145682
0.145682
0.145565
0.145332
0.144982
0.144515
0.143923
0.143144
0.142234
0.141106
0.139788
0.138197
0.136306
0.134081
0.131454
0.128417
0.124930
0.120983
0.116550
0.111698
0.116391
0.120579
0.124311
0.127606
0.130485
0.132971
0.135099
0.136903
0.138427
0.139700
0.140738
0.141604
0.142293
0.142813
0.143203
0.143463
0.143593
0.143593
0.143463
0.143203
0.142813
0.142293
0.141604
0.140738
0.139700
0.138427
0.136903
0.135099
0.132971
0.130485
0.127606
0.124311
0.120579
0.116391
0.111698
0.106256
0.111242
0.115693
0.119662
0.123191
0.126318
0.129051
0.131425
0.133460
0.135183
0.136633
0.137850
0.138817
0.139613
0.140227
0.140660
0.140949
0.141093
0.141093
0.140949
0.140660
0.140227
0.139613
0.138817
0.137850
0.136633
0.135183
0.133460
0.131425
0.129051
0.126318
0.123191
0.119662
0.115693
0.111242
0.106256
0.100137
0.105468
0.110216
0.114442
0.118210
0.121557
0.124517
0.127114
0.129371
0.131308
0.132949
0.134330
0.135456
0.136365
0.137061
0.137582
0.137930
0.138095
0.138095
0.137930
0.137582
0.137061
0.136365
0.135456
0.134330
0.132949
0.131308
0.129371
0.127114
0.124517
0.121557
0.118210
0.114442
0.110216
0.105468
0.100137
0.000000
0.098965
0.104064
0.108588
0.112614
0.116195
0.119366
0.122172
0.124624
0.126755
0.128583
0.130133
0.131405
0.132440
0.133242
0.133844
0.134229
0.134417
0.134417
0.134229
0.133844
0.133242
0.132440
0.131405
0.130133
0.128583
0.126755
0.124624
0.122172
0.119366
0.116195
0.112614
0.108588
0.104064
0.098965
0.000000
0.000000
0.000000
0.000000
0.102005
0.106333
0.110175
0.113576
0.116580
0.119222
0.121529
0.123520
0.125213
0.126629
0.127788
0.128686
0.129353
0.129798
0.130019
0.130019
0.129798
0.129353
0.128686
0.127788
0.126629
0.125213
0.123520
0.121529
0.119222
0.116580
0.113576
0.110175
0.106333
0.102005
0.000000
0.000000
0.000000
0.184943
0.185759
0.000000
0.000000
0.099243
0.103395
0.107064
0.110302
0.113141
0.115623
0.117770
0.119602
0.121137
0.122398
0.123387
0.124125
0.124605
0.124845
0.124845
0.124605
0.124125
0.123387
0.122398
0.121137
0.119602
0.117770
0.115623
0.113141
0.110302
0.107064
0.103395
0.099243
0.000000
0.000000
0.185759
0.184943
0.183752
0.184627
0.185395
0.000000
0.000000
0.000000
0.099715
0.103221
0.106299
0.108976
0.111292
0.113269
0.114928
0.116290
0.117360
0.118158
0.118680
0.118941
0.118941
0.118680
0.118158
0.117360
0.116290
0.114928
0.113269
0.111292
0.108976
0.106299
0.103221
0.099715
0.000000
0.000000
0.000000
0.185395
0.184627
0.183752
0.182204
0.183275
0.184215
0.184935
0.185607
0.000000
0.000000
0.000000
0.098550
0.101469
0.103991
0.106136
0.107937
0.109405
0.110565
0.111426
0.111999
0.112279
0.112279
0.111999
0.111426
0.110565
0.109405
0.107937
0.106136
0.103991
0.101469
0.098550
0.000000
0.000000
0.000000
0.185607
0.184935
0.184215
0.183275
0.182204
