0.164823
0.166395
0.167894
0.169291
0.170576
0.171749
0.172787
0.173727
0.174540
0.175254
0.175889
0.176406
0.176841
0.177204
0.177494
0.177711
0.177856
0.177929
0.177929
0.177856
0.177711
0.177494
0.177204
0.176841
0.176406
0.175889
0.175254
0.174540
0.173727
0.172787
0.171749
0.170576
0.169291
0.167894
0.166395
0.164823
0.163490
0.165034
0.166517
0.167923
0.169227
0.170424
0.171507
0.172473
0.173327
0.174090
0.174725
0.175280
0.175757
0.176140
0.176430
0.176648
0.176793
0.176866
0.176866
0.176793
0.176648
0.176430
0.176140
0.175757
0.175280
0.174725
0.174090
0.173327
0.172473
0.171507
0.170424
0.169227
0.167923
0.166517
0.165034
0.163490
0.162102
0.163605
0.165062
0.166452
0.167765
0.168977
0.170092
0.171085
0.171987
0.172757
0.173441
0.174037
0.174513
0.174910
0.175228
0.175466
0.175625
0.175704
0.175704
0.175625
0.175466
0.175228
0.174910
0.174513
0.174037
0.173441
0.172757
0.171987
0.171085
0.170092
0.168977
0.167765
0.166452
0.165062
0.163605
0.162102
0.160703
0.162129
0.163544
0.164907
0.166200
0.167420
0.168542
0.169567
0.170483
0.171296
0.172017
0.172615
0.173129
0.173556
0.173898
0.174144
0.174303
0.174382
0.174382
0.174303
0.174144
0.173898
0.173556
0.173129
0.172615
0.172017
0.171296
0.170483
0.169567
0.168542
0.167420
0.166200
0.164907
0.163544
0.162129
0.160703
0.159275
0.160645
0.161981
0.163307
0.164568
0.165766
0.166888
0.167920
0.168853
0.169692
0.170424
0.171056
0.171598
0.172047
0.172389
0.172645
0.172817
0.172902
0.172902
0.172817
0.172645
0.172389
0.172047
0.171598
0.171056
0.170424
0.169692
0.168853
0.167920
0.166888
0.165766
0.164568
0.163307
0.161981
0.160645
0.159275
0.157825
0.159143
0.160421
0.161674
0.162893
0.164046
0.165152
0.166169
0.167108
0.167953
0.168699
0.169351
0.169911
0.170365
0.170727
0.170998
0.171178
0.171269
0.171269
0.171178
0.170998
0.170727
0.170365
0.169911
0.169351
0.168699
0.167953
0.167108
0.166169
0.165152
0.164046
0.162893
0.161674
0.160421
0.159143
0.157825
0.156378
0.157628
0.158856
0.160031
0.161200
0.162304
0.163366
0.164354
0.165276
0.166108
0.166859
0.167516
0.168079
0.168546
0.168919
0.169198
0.169385
0.169478
0.169478
0.169385
0.169198
0.168919
0.168546
0.168079
0.167516
0.166859
0.166108
0.165276
0.164354
0.163366
0.162304
0.161200
0.160031
0.158856
0.157628
0.156378
0.154906
0.156108
0.157284
0.158412
0.159507
0.160560
0.161563
0.162511
0.163397
0.164202
0.164940
0.165586
0.166142
0.166611
0.166987
0.167269
0.167457
0.167551
0.167551
0.167457
0.167269
0.166987
0.166611
0.166142
0.165586
0.164940
0.164202
0.163397
0.162511
0.161563
0.160560
0.159507
0.158412
0.157284
0.156108
0.154906
0.153388
0.154577
0.155704
0.156794
0.157824
0.158830
0.159769
0.160673
0.161509
0.162277
0.162986
0.163606
0.164143
0.164604
0.164973
0.165250
0.165435
0.165527
0.165527
0.165435
0.165250
0.164973
0.164604
0.164143
0.163606
0.162986
0.162277
0.161509
0.160673
0.159769
0.158830
0.157824
0.156794
0.155704
0.154577
0.153388
0.151808
0.152993
0.154107
0.155164
0.156157
0.157114
0.157997
0.158858
0.159640
0.160369
0.161038
0.161623
0.162132
0.162575
0.162930
0.163195
0.163373
0.163461
0.163461
0.163373
0.163195
0.162930
0.162575
0.162132
0.161623
0.161038
0.160369
0.159640
0.158858
0.157997
0.157114
0.156157
0.155164
0.154107
0.152993
0.151808
0.150124
0.151333
0.152461
0.153504
0.154483
0.155400
0.156256
0.157066
0.157802
0.158494
0.159121
0.159669
0.160148
0.160567
0.160901
0.161152
0.161319
0.161403
0.161403
0.161319
0.161152
0.160901
0.160567
0.160148
0.159669
0.159121
0.158494
0.157802
0.157066
0.156256
0.155400
0.154483
0.153504
0.152461
0.151333
0.150124
0.148273
0.149554
0.150717
0.151784
0.152763
0.153667
0.154508
0.155284
0.155989
0.156651
0.157240
0.157756
0.158210
0.158602
0.158915
0.159150
0.159307
0.159385
0.159385
0.159307
0.159150
0.158915
0.158602
0.158210
0.157756
0.157240
0.156651
0.155989
0.155284
0.154508
0.153667
0.152763
0.151784
0.150717
0.149554
0.148273
0.146193
0.147587
0.148826
0.149957
0.150955
0.151881
0.152718
0.153483
0.154181
0.154816
0.155380
0.155874
0.156310
0.156679
0.156973
0.157194
0.157342
0.157415
0.157415
0.157342
0.157194
0.156973
0.156679
0.156310
0.155874
0.155380
0.154816
0.154181
0.153483
0.152718
0.151881
0.150955
0.149957
0.148826
0.147587
0.146193
0.143771
0.145337
0.146713
0.147943
0.149003
0.149983
0.150838
0.151622
0.152326
0.152952
0.153509
0.153996
0.154419
0.154772
0.155054
0.155266
0.155407
0.155477
0.155477
0.155407
0.155266
0.155054
0.154772
0.154419
0.153996
0.153509
0.152952
0.152326
0.151622
0.150838
0.149983
0.149003
0.147943
0.146713
0.145337
0.143771
0.140865
0.142695
0.144279
0.145640
0.146824
0.147890
0.148804
0.149634
0.150366
0.151007
0.151577
0.152073
0.152491
0.152839
0.153118
0.153326
0.153466
0.153535
0.153535
0.153466
0.153326
0.153118
0.152839
0.152491
0.152073
0.151577
0.151007
0.150366
0.149634
0.148804
0.147890
0.146824
0.145640
0.144279
0.142695
0.140865
0.137355
0.139512
0.141352
0.142932
0.144311
0.145491
0.146525
0.147428
0.148229
0.148907
0.149511
0.150037
0.150464
0.150820
0.151105
0.151319
0.151461
0.151533
0.151533
0.151461
0.151319
0.151105
0.150820
0.150464
0.150037
0.149511
0.148907
0.148229
0.147428
0.146525
0.145491
0.144311
0.142932
0.141352
0.139512
0.137355
0.133079
0.135617
0.137806
0.139679
0.141280
0.142665
0.143877
0.144889
0.145797
0.146555
0.147212
0.147787
0.148257
0.148634
0.148936
0.149162
0.149313
0.149389
0.149389
0.149313
0.149162
0.148936
0.148634
0.148257
0.147787
0.147212
0.146555
0.145797
0.144889
0.143877
0.142665
0.141280
0.139679
0.137806
0.135617
0.133079
0.127997
0.130891
0.133444
0.135668
0.137584
0.139228
0.140647
0.141882
0.142904
0.143814
0.144559
0.145195
0.145740
0.146176
0.146504
0.146751
0.146915
0.146997
0.146997
0.146915
0.146751
0.146504
0.146176
0.145740
0.145195
0.144559
0.143814
0.142904
0.141882
0.140647
0.139228
0.137584
0.135668
0.133444
0.130891
0.127997
0.122111
0.125336
0.128229
0.130783
0.133032
0.134990
0.136687
0.138159
0.139397
0.140464
0.141362
0.142133
0.142740
0.143246
0.143650
0.143953
0.144140
0.144231
0.144231
0.144140
0.143953
0.143650
0.143246
0.142740
0.142133
0.141362
0.140464
0.139397
0.138159
0.136687
0.134990
0.133032
0.130783
0.128229
0.125336
0.122111
0.115477
0.118996
0.122177
0.125028
0.127582
0.129846
0.131832
0.133556
0.135044
0.136331
0.137413
0.138329
0.139072
0.139692
0.140170
0.140506
0.140731
0.140843
0.140843
0.140731
0.140506
0.140170
0.139692
0.139072
0.138329
0.137413
0.136331
0.135044
0.133556
0.131832
0.129846
0.127582
0.125028
0.122177
0.118996
0.115477
0.108053
0.111884
0.115338
0.118458
0.121264
0.123784
0.126027
0.128007
0.129737
0.131233
0.132523
0.133614
0.134515
0.135245
0.135829
0.136248
0.136518
0.136653
0.136653
0.136518
0.136248
0.135829
0.135245
0.134515
0.133614
0.132523
0.131233
0.129737
0.128007
0.126027
0.123784
0.121264
0.118458
0.115338
0.111884
0.108053
0.099685
0.103888
0.107668
0.111070
0.114136
0.116881
0.119342
0.121533
0.123469
0.125164
0.126634
0.127895
0.128937
0.129802
0.130471
0.130966
0.131296
0.131461
0.131461
0.131296
0.130966
0.130471
0.129802
0.128937
0.127895
0.126634
0.125164
0.123469
0.121533
0.119342
0.116881
0.114136
0.111070
0.107668
0.103888
0.099685
0.000000
0.000000
0.099008
0.102753
0.106117
0.109124
0.111818
0.114213
0.116334
0.118200
0.119823
0.121212
0.122387
0.123349
0.124115
0.124675
0.125048
0.125235
0.125235
0.125048
0.124675
0.124115
0.123349
0.122387
0.121212
0.119823
0.118200
0.116334
0.114213
0.111818
0.109124
0.106117
0.102753
0.099008
0.000000
0.000000
0.185282
0.185917
0.000000
0.000000
0.000000
0.100364
0.103328
0.105967
0.108295
0.110340
0.112121
0.113646
0.114931
0.115996
0.116828
0.117451
0.117867
0.118073
0.118073
0.117867
0.117451
0.116828
0.115996
0.114931
0.113646
0.112121
0.110340
0.108295
0.105967
0.103328
0.100364
0.000000
0.000000
0.000000
0.185917
0.185282
0.183837
0.184511
0.185108
0.185669
0.000000
0.000000
0.000000
0.000000
0.099190
0.101453
0.103417
0.105101
0.106521
0.107688
0.108608
0.109293
0.109749
0.109977
0.109977
0.109749
0.109293
0.108608
0.107688
0.106521
0.105101
0.103417
0.101453
0.099190
0.000000
0.000000
0.000000
0.000000
0.185669
0.185108
0.184511
0.183837
0.181932
0.182775
0.183559
0.184225
0.184748
0.185233
0.185682
0.000000
0.000000
0.000000
0.000000
0.000000
0.000000
0.098264
0.099285
0.100049
0.100548
0.100798
0.100798
0.100548
0.100049
0.099285
0.098264
0.000000
0.000000
0.000000
0.000000
0.000000
0.000000
0.185682
0.185233
0.184748
0.184225
0.183559
0.182775
0.181932
0.179599
0.180625
0.181548
0.182351
0.183037
0.183675
0.184200
0.184611
0.184985
0.185322
0.185621
0.185882
0.000000
0.000000
0.000000
0.000000
0.000000
0.000000
0.000000
0.000000
0.000000
0.000000
0.000000
0.000000
0.185882
0.185621
0.185322
0.184985
0.184611
0.184200
0.183675
0.183037
0.182351
0.181548
0.180625
0.179599
0.176828
0.178054
0.179098
0.180068
0.180876
0.181625
0.182270
0.182809
0.183300
0.183741
0.184102
0.184363
0.184588
0.184775
0.184924
0.185036
0.185111
0.185148
0.185148
0.185111
0.185036
0.184924
0.184775
0.184588
0.184363
0.184102
0.183741
0.183300
0.182809
0.182270
0.181625
0.180876
0.180068
0.179098
0.178054
0.176828
0.173569
0.174948
0.176199
0.177287
0.178272
0.179121
0.179904
0.180550
0.181127
0.181646
0.182091
0.182435
0.182729
0.182974
0.183170
0.183318
0.183416
0.183465
0.183465
0.183416
0.183318
0.183170
0.182974
0.182729
0.182435
0.182091
0.181646
0.181127
0.180550
0.179904
0.179121
0.178272
0.177287
0.176199
0.174948
0.173569
0.169799
0.171339
0.172742
0.174022
0.175134
0.176151
0.177022
0.177820
0.178491
0.179078
0.179601
0.180051
0.180397
0.180686
0.180917
0.181090
0.181205
0.181263
0.181263
0.181205
0.181090
0.180917
0.180686
0.180397
0.180051
0.179601
0.179078
0.178491
0.177820
0.177022
0.176151
0.175134
0.174022
0.172742
0.171339
0.169799
0.165720
0.167310
0.168805
0.170196
0.171459
0.172599
0.173625
0.174526
0.175320
0.176032
0.176612
0.177120
0.177555
0.177918
0.178188
0.178383
0.178514
0.178579
0.178579
0.178514
0.178383
0.178188
0.177918
0.177555
0.177120
0.176612
0.176032
0.175320
0.174526
0.173625
0.172599
0.171459
0.170196
0.168805
0.167310
0.165720
0.161716
0.163203
0.164644
0.166027
0.167340
0.168556
0.169674
0.170677
0.171580
0.172372
0.173057
0.173655
0.174156
0.174554
0.174871
0.175110
0.175269
0.175348
0.175348
0.175269
0.175110
0.174871
0.174554
0.174156
0.173655
0.173057
0.172372
0.171580
0.170677
0.169674
0.168556
0.167340
0.166027
0.164644
0.163203
0.161716
0.158035
0.159364
0.160657
0.161909
0.163143
0.164305
0.165412
0.166433
0.167372
0.168215
0.168961
0.169613
0.170167
0.170619
0.170980
0.171251
0.171431
0.171522
0.171522
0.171431
0.171251
0.170980
0.170619
0.170167
0.169613
0.168961
0.168215
0.167372
0.166433
0.165412
0.164305
0.163143
0.161909
0.160657
0.159364
0.158035
0.154661
0.155857
0.157027
0.158138
0.159233
0.160266
0.161269
0.162199
0.163084
0.163880
0.164613
0.165258
0.165812
0.166278
0.166653
0.166935
0.167123
0.167216
0.167216
0.167123
0.166935
0.166653
0.166278
0.165812
0.165258
0.164613
0.163880
0.163084
0.162199
0.161269
0.160266
0.159233
0.158138
0.157027
0.155857
0.154661
0.151325
0.152520
0.153632
0.154682
0.155668
0.156609
0.157492
0.158320
0.159102
0.159806
0.160461
0.161046
0.161547
0.161965
0.162317
0.162583
0.162760
0.162848
0.162848
0.162760
0.162583
0.162317
0.161965
0.161547
0.161046
0.160461
0.159806
0.159102
0.158320
0.157492
0.156609
0.155668
0.154682
0.153632
0.152520
0.151325
0.147715
0.149018
0.150209
0.151275
0.152264
0.153167
0.154001
0.154775
0.155480
0.156118
0.156707
0.157222
0.157663
0.158033
0.158346
0.158581
0.158737
0.158815
0.158815
0.158737
0.158581
0.158346
0.158033
0.157663
0.157222
0.156707
0.156118
0.155480
0.154775
0.154001
0.153167
0.152264
0.151275
0.150209
0.149018
0.147715
0.143326
0.144934
0.146347
0.147576
0.148664
0.149643
0.150516
0.151297
0.152008
0.152633
0.153189
0.153676
0.154094
0.154446
0.154728
0.154939
0.155080
0.155151
0.155151
0.155080
0.154939
0.154728
0.154446
0.154094
0.153676
0.153189
0.152633
0.152008
0.151297
0.150516
0.149643
0.148664
0.147576
0.146347
0.144934
0.143326
0.137528
0.139667
0.141489
0.143053
0.144418
0.145596
0.146618
0.147519
0.148311
0.148989
0.149591
0.150112
0.150538
0.150894
0.151178
0.151392
0.151534
0.151605
0.151605
0.151534
0.151392
0.151178
0.150894
0.150538
0.150112
0.149591
0.148989
0.148311
0.147519
0.146618
0.145596
0.144418
0.143053
0.141489
0.139667
0.137528
0.129721
0.132500
0.134925
0.137027
0.138838
0.140402
0.141747
0.142882
0.143890
0.144717
0.145443
0.146070
0.146561
0.146971
0.147299
0.147545
0.147709
0.147791
0.147791
0.147709
0.147545
0.147299
0.146971
0.146561
0.146070
0.145443
0.144717
0.143890
0.142882
0.141747
0.140402
0.138838
0.137027
0.134925
0.132500
0.129721
0.119944
0.123261
0.126250
0.128907
0.131260
0.133323
0.135113
0.136662
0.138010
0.139122
0.140100
0.140885
0.141557
0.142106
0.142509
0.142812
0.143014
0.143115
0.143115
0.143014
0.142812
0.142509
0.142106
0.141557
0.140885
0.140100
0.139122
0.138010
0.136662
0.135113
0.133323
0.131260
0.128907
0.126250
0.123261
0.119944
0.108447
0.112254
0.115689
0.118786
0.121577
0.124080
0.126301
0.128267
0.129992
0.131473
0.132747
0.133836
0.134720
0.135449
0.136029
0.136434
0.136704
0.136838
0.136838
0.136704
0.136434
0.136029
0.135449
0.134720
0.133836
0.132747
0.131473
0.129992
0.128267
0.126301
0.124080
0.121577
0.118786
0.115689
0.112254
0.108447
0.000000
0.099365
0.103328
0.106892
0.110098
0.112965
0.115536
0.117827
0.119855
0.121634
0.123179
0.124506
0.125623
0.126534
0.127253
0.127792
0.128145
0.128318
0.128318
0.128145
0.127792
0.127253
0.126534
0.125623
0.124506
0.123179
0.121634
0.119855
0.117827
0.115536
0.112965
0.110098
0.106892
0.103328
0.099365
0.000000
0.185227
0.185860
0.000000
0.000000
0.000000
0.099942
0.102908
0.105549
0.107887
0.109936
0.111717
0.113244
0.114536
0.115597
0.116436
0.117058
0.117473
0.117681
0.117681
0.117473
0.117058
0.116436
0.115597
0.114536
0.113244
0.111717
0.109936
0.107887
0.105549
0.102908
0.099942
0.000000
0.000000
0.000000
0.185860
0.185227
0.182836
0.183667
0.184342
0.184901
0.185422
0.185907
0.000000
0.000000
0.000000
0.000000
0.098231
0.100012
0.101505
0.102733
0.103706
0.104427
0.104903
0.105141
0.105141
0.104903
0.104427
0.103706
0.102733
0.101505
0.100012
0.098231
0.000000
0.000000
0.000000
0.000000
0.185907
0.185422
0.184901
0.184342
0.183667
0.182836
0.179620
0.180641
0.181561
0.182359
0.183044
0.183679
0.184203
0.184613
0.184985
0.185321
0.185619
0.185880
0.000000
0.000000
0.000000
0.000000
0.000000
0.000000
0.000000
0.000000
0.000000
0.000000
0.000000
0.000000
0.185880
0.185619
0.185321
0.184985
0.184613
0.184203
0.183679
0.183044
0.182359
0.181561
0.180641
0.179620
0.175510
0.176781
0.177937
0.178919
0.179830
0.180597
0.181287
0.181920
0.182421
0.182861
0.183252
0.183594
0.183888
0.184101
0.184250
0.184362
0.184436
0.184473
0.184473
0.184436
0.184362
0.184250
0.184101
0.183888
0.183594
0.183252
0.182861
0.182421
0.181920
0.181287
0.180597
0.179830
0.178919
0.177937
0.176781
0.175510
0.170452
0.171981
0.173345
0.174578
0.175686
0.176653
0.177521
0.178285
0.178935
0.179521
0.180037
0.180439
0.180784
0.181072
0.181302
0.181475
0.181590
0.181647
0.181647
0.181590
0.181475
0.181302
0.181072
0.180784
0.180439
0.180037
0.179521
0.178935
0.178285
0.177521
0.176653
0.175686
0.174578
0.173345
0.171981
0.170452
0.164823
0.166391
0.167886
0.169280
0.170562
0.171731
0.172768
0.173706
0.174518
0.175230
0.175864
0.176382
0.176816
0.177177
0.177466
0.177683
0.177828
0.177900
0.177900
0.177828
0.177683
0.177466
0.177177
0.176816
0.176382
0.175864
0.175230
0.174518
0.173706
0.172768
0.171731
0.170562
0.169280
0.167886
0.166391
0.164823
0.159524
0.160906
0.162252
0.163574
0.164842
0.166037
0.167159
0.168186
0.169115
0.169951
0.170673
0.171302
0.171842
0.172277
0.172618
0.172874
0.173044
0.173129
0.173129
0.173044
0.172874
0.172618
0.172277
0.171842
0.171302
0.170673
0.169951
0.169115
0.168186
0.167159
0.166037
0.164842
0.163574
0.162252
0.160906
0.159524
0.154883
0.156078
0.157250
0.158371
0.159462
0.160507
0.161506
0.162447
0.163329
0.164128
0.164863
0.165506
0.166058
0.166526
0.166900
0.167181
0.167368
0.167461
0.167461
0.167368
0.167181
0.166900
0.166526
0.166058
0.165506
0.164863
0.164128
0.163329
0.162447
0.161506
0.160507
0.159462
0.158371
0.157250
0.156078
0.154883
0.150420
0.151624
0.152739
0.153777
0.154756
0.155668
0.156533
0.157339
0.158076
0.158777
0.159401
0.159946
0.160442
0.160858
0.161191
0.161441
0.161608
0.161691
0.161691
0.161608
0.161441
0.161191
0.160858
0.160442
0.159946
0.159401
0.158777
0.158076
0.157339
0.156533
0.155668
0.154756
0.153777
0.152739
0.151624
0.150420
0.145306
0.146759
0.148059
0.149184
0.150221
0.151141
0.151991
0.152753
0.153445
0.154069
0.154630
0.155121
0.155542
0.155893
0.156182
0.156401
0.156548
0.156621
0.156621
0.156548
0.156401
0.156182
0.155893
0.155542
0.155121
0.154630
0.154069
0.153445
0.152753
0.151991
0.151141
0.150221
0.149184
0.148059
0.146759
0.145306
0.138336
0.140388
0.142155
0.143662
0.144960
0.146121
0.147100
0.147998
0.148748
0.149423
0.150022
0.150518
0.150943
0.151297
0.151580
0.151793
0.151934
0.152005
0.152005
0.151934
0.151793
0.151580
0.151297
0.150943
0.150518
0.150022
0.149423
0.148748
0.147998
0.147100
0.146121
0.144960
0.143662
0.142155
0.140388
0.138336
0.128232
0.131098
0.133625
0.135824
0.137718
0.139341
0.140741
0.141969
0.142977
0.143881
0.144615
0.145247
0.145789
0.146218
0.146544
0.146789
0.146953
0.147034
0.147034
0.146953
0.146789
0.146544
0.146218
0.145789
0.145247
0.144615
0.143881
0.142977
0.141969
0.140741
0.139341
0.137718
0.135824
0.133625
0.131098
0.128232
0.115103
0.118617
0.121793
0.124644
0.127195
0.129460
0.131452
0.133186
0.134688
0.135994
0.137069
0.138009
0.138747
0.139362
0.139855
0.140203
0.140426
0.140538
0.140538
0.140426
0.140203
0.139855
0.139362
0.138747
0.138009
0.137069
0.135994
0.134688
0.133186
0.131452
0.129460
0.127195
0.124644
0.121793
0.118617
0.115103
0.099210
0.103406
0.107182
0.110584
0.113645
0.116391
0.118848
0.121038
0.122974
0.124673
0.126150
0.127403
0.128458
0.129317
0.130004
0.130496
0.130824
0.130988
0.130988
0.130824
0.130496
0.130004
0.129317
0.128458
0.127403
0.126150
0.124673
0.122974
0.121038
0.118848
0.116391
0.113645
0.110584
0.107182
0.103406
0.099210
0.185322
0.185952
0.000000
0.000000
0.000000
0.100498
0.103438
0.106056
0.108365
0.110395
0.112162
0.113677
0.114953
0.116010
0.116836
0.117456
0.117869
0.118073
0.118073
0.117869
0.117456
0.116836
0.116010
0.114953
0.113677
0.112162
0.110395
0.108365
0.106056
0.103438
0.100498
0.000000
0.000000
0.000000
0.185952
0.185322
0.182285
0.183112
0.183890
0.184473
0.184992
0.185474
0.185920
0.000000
0.000000
0.000000
0.000000
0.000000
0.098518
0.099785
0.100781
0.101524
0.102019
0.102262
0.102262
0.102019
0.101524
0.100781
0.099785
0.098518
0.000000
0.000000
0.000000
0.000000
0.000000
0.185920
0.185474
0.184992
0.184473
0.183890
0.183112
0.182285
0.177984
0.179086
0.180109
0.180967
0.181768
0.182436
0.183020
0.183555
0.184032
0.184366
0.184663
0.184923
0.185145
0.185331
0.185479
0.185591
0.185665
0.185702
0.185702
0.185665
0.185591
0.185479
0.185331
0.185145
0.184923
0.184663
0.184366
0.184032
0.183555
0.183020
0.182436
0.181768
0.180967
0.180109
0.179086
0.177984
0.172308
0.173750
0.175028
0.176191
0.177199
0.178121
0.178899
0.179611
0.180229
0.180744
0.181202
0.181603
0.181947
0.182198
0.182393
0.182539
0.182636
0.182685
0.182685
0.182636
0.182539
0.182393
0.182198
0.181947
0.181603
0.181202
0.180744
0.180229
0.179611
0.178899
0.178121
0.177199
0.176191
0.175028
0.173750
0.172308
0.165559
0.167133
0.168618
0.170004
0.171258
0.172400
0.173418
0.174326
0.175114
0.175823
0.176414
0.176918
0.177350
0.177710
0.177998
0.178193
0.178322
0.178387
0.178387
0.178322
0.178193
0.177998
0.177710
0.177350
0.176918
0.176414
0.175823
0.175114
0.174326
0.173418
0.172400
0.171258
0.170004
0.168618
0.167133
0.165559
0.159151
0.160501
0.161826
0.163133
0.164376
0.165565
0.166674
0.167698
0.168625
0.169457
0.170191
0.170818
0.171355
0.171803
0.172153
0.172408
0.172577
0.172662
0.172662
0.172577
0.172408
0.172153
0.171803
0.171355
0.170818
0.170191
0.169457
0.168625
0.167698
0.166674
0.165565
0.164376
0.163133
0.161826
0.160501
0.159151
0.153654
0.154836
0.155953
0.157044
0.158069
0.159078
0.160009
0.160920
0.161749
0.162524
0.163227
0.163841
0.164383
0.164841
0.165206
0.165481
0.165664
0.165755
0.165755
0.165664
0.165481
0.165206
0.164841
0.164383
0.163841
0.163227
0.162524
0.161749
0.160920
0.160009
0.159078
0.158069
0.157044
0.155953
0.154836
0.153654
0.148167
0.149435
0.150594
0.151651
0.152623
0.153519
0.154350
0.155118
0.155817
0.156465
0.157049
0.157559
0.157997
0.158385
0.158695
0.158928
0.159083
0.159160
0.159160
0.159083
0.158928
0.158695
0.158385
0.157997
0.157559
0.157049
0.156465
0.155817
0.155118
0.154350
0.153519
0.152623
0.151651
0.150594
0.149435
0.148167
0.141018
0.142815
0.144373
0.145720
0.146884
0.147940
0.148841
0.149662
0.150386
0.151020
0.151584
0.152075
0.152489
0.152833
0.153109
0.153316
0.153454
0.153522
0.153522
0.153454
0.153316
0.153109
0.152833
0.152489
0.152075
0.151584
0.151020
0.150386
0.149662
0.148841
0.147940
0.146884
0.145720
0.144373
0.142815
0.141018
0.130095
0.132819
0.135203
0.137267
0.139043
0.140575
0.141908
0.143017
0.144015
0.144824
0.145543
0.146156
0.146643
0.147049
0.147374
0.147618
0.147781
0.147862
0.147862
0.147781
0.147618
0.147374
0.147049
0.146643
0.146156
0.145543
0.144824
0.144015
0.143017
0.141908
0.140575
0.139043
0.137267
0.135203
0.132819
0.130095
0.114913
0.118420
0.121586
0.124435
0.126981
0.129244
0.131236
0.132974
0.134483
0.135782
0.136868
0.137804
0.138555
0.139167
0.139657
0.140023
0.140245
0.140356
0.140356
0.140245
0.140023
0.139657
0.139167
0.138555
0.137804
0.136868
0.135782
0.134483
0.132974
0.131236
0.129244
0.126981
0.124435
0.121586
0.118420
0.114913
0.000000
0.100281
0.104171
0.107670
0.110814
0.113640
0.116168
0.118418
0.120412
0.122167
0.123688
0.124988
0.126091
0.126982
0.127694
0.128219
0.128562
0.128733
0.128733
0.128562
0.128219
0.127694
0.126982
0.126091
0.124988
0.123688
0.122167
0.120412
0.118418
0.116168
0.113640
0.110814
0.107670
0.104171
0.100281
0.000000
0.184416
0.185043
0.185634
0.000000
0.000000
0.000000
0.000000
0.100028
0.102483
0.104638
0.106514
0.108125
0.109478
0.110591
0.111473
0.112131
0.112561
0.112777
0.112777
0.112561
0.112131
0.111473
0.110591
0.109478
0.108125
0.106514
0.104638
0.102483
0.100028
0.000000
0.000000
0.000000
0.000000
0.185634
0.185043
0.184416
0.180264
0.181232
0.182122
0.182848
0.183526
0.184119
0.184562
0.184968
0.185337
0.185669
0.185965
0.000000
0.000000
0.000000
0.000000
0.000000
0.000000
0.000000
0.000000
0.000000
0.000000
0.000000
0.000000
0.000000
0.000000
0.185965
0.185669
0.185337
0.184968
0.184562
0.184119
0.183526
0.182848
0.182122
0.181232
0.180264
0.174396
0.175729
0.176898
0.177972
0.178877
0.179715
0.180432
0.181058
0.181628
0.182120
0.182507
0.182846
0.183137
0.183379
0.183573
0.183718
0.183815
0.183863
0.183863
0.183815
0.183718
0.183573
0.183379
0.183137
0.182846
0.182507
0.182120
0.181628
0.181058
0.180432
0.179715
0.178877
0.177972
0.176898
0.175729
0.174396
0.166877
0.168448
0.169919
0.171258
0.172479
0.173576
0.174547
0.175410
0.176177
0.176821
0.177394
0.177896
0.178293
0.178615
0.178873
0.179067
0.179196
0.179260
0.179260
0.179196
0.179067
0.178873
0.178615
0.178293
0.177896
0.177394
0.176821
0.176177
0.175410
0.174547
0.173576
0.172479
0.171258
0.169919
0.168448
0.166877
0.159424
0.160786
0.162111
0.163421
0.164670
0.165852
0.166961
0.167980
0.168900
0.169728
0.170449
0.171073
0.171608
0.172051
0.172389
0.172642
0.172811
0.172895
0.172895
0.172811
0.172642
0.172389
0.172051
0.171608
0.171073
0.170449
0.169728
0.168900
0.167980
0.166961
0.165852
0.164670
0.163421
0.162111
0.160786
0.159424
0.153158
0.154327
0.155439
0.156502
0.157517
0.158490
0.159416
0.160283
0.161107
0.161849
0.162539
0.163150
0.163674
0.164116
0.164480
0.164753
0.164935
0.165026
0.165026
0.164935
0.164753
0.164480
0.164116
0.163674
0.163150
0.162539
0.161849
0.161107
0.160283
0.159416
0.158490
0.157517
0.156502
0.155439
0.154327
0.153158
0.146727
0.148092
0.149280
0.150372
0.151353
0.152259
0.153081
0.153835
0.154527
0.155153
0.155708
0.156204
0.156639
0.157002
0.157292
0.157510
0.157655
0.157727
0.157727
0.157655
0.157510
0.157292
0.157002
0.156639
0.156204
0.155708
0.155153
0.154527
0.153835
0.153081
0.152259
0.151353
0.150372
0.149280
0.148092
0.146727
0.137584
0.139689
0.141485
0.143028
0.144378
0.145540
0.146554
0.147443
0.148230
0.148899
0.149493
0.150012
0.150433
0.150784
0.151064
0.151274
0.151415
0.151485
0.151485
0.151415
0.151274
0.151064
0.150784
0.150433
0.150012
0.149493
0.148899
0.148230
0.147443
0.146554
0.145540
0.144378
0.143028
0.141485
0.139689
0.137584
0.123057
0.126196
0.128988
0.131468
0.133644
0.135533
0.137163
0.138574
0.139792
0.140806
0.141689
0.142417
0.143014
0.143511
0.143909
0.144186
0.144365
0.144455
0.144455
0.144365
0.144186
0.143909
0.143511
0.143014
0.142417
0.141689
0.140806
0.139792
0.138574
0.137163
0.135533
0.133644
0.131468
0.128988
0.126196
0.123057
0.103692
0.107648
0.111214
0.114434
0.117331
0.119940
0.122267
0.124337
0.126165
0.127759
0.129130
0.130306
0.131279
0.132085
0.132699
0.133159
0.133466
0.133619
0.133619
0.133466
0.133159
0.132699
0.132085
0.131279
0.130306
0.129130
0.127759
0.126165
0.124337
0.122267
0.119940
0.117331
0.114434
0.111214
0.107648
0.103692
0.185202
0.185827
0.000000
0.000000
0.000000
0.099503
0.102446
0.105060
0.107375
0.109407
0.111174
0.112692
0.113977
0.115024
0.115861
0.116477
0.116886
0.117091
0.117091
0.116886
0.116477
0.115861
0.115024
0.113977
0.112692
0.111174
0.109407
0.107375
0.105060
0.102446
0.099503
0.000000
0.000000
0.000000
0.185827
0.185202
0.180927
0.181890
0.182677
0.183400
0.184056
0.184534
0.184974
0.185378
0.185745
0.000000
0.000000
0.000000
0.000000
0.000000
0.000000
0.000000
0.000000
0.000000
0.000000
0.000000
0.000000
0.000000
0.000000
0.000000
0.000000
0.000000
0.000000
0.185745
0.185378
0.184974
0.184534
0.184056
0.183400
0.182677
0.181890
0.180927
0.174551
0.175876
0.177027
0.178085
0.178983
0.179816
0.180517
0.181141
0.181707
0.182185
0.182570
0.182907
0.183196
0.183437
0.183630
0.183775
0.183871
0.183919
0.183919
0.183871
0.183775
0.183630
0.183437
0.183196
0.182907
0.182570
0.182185
0.181707
0.181141
0.180517
0.179816
0.178983
0.178085
0.177027
0.175876
0.174551
0.166165
0.167731
0.169196
0.170550
0.171791
0.172893
0.173901
0.174766
0.175545
0.176226
0.176796
0.177294
0.177722
0.178070
0.178327
0.178519
0.178647
0.178711
0.178711
0.178647
0.178519
0.178327
0.178070
0.177722
0.177294
0.176796
0.176226
0.175545
0.174766
0.173901
0.172893
0.171791
0.170550
0.169196
0.167731
0.166165
0.158086
0.159391
0.160660
0.161890
0.163099
0.164238
0.165324
0.166325
0.167246
0.168074
0.168806
0.169447
0.169996
0.170439
0.170794
0.171060
0.171237
0.171326
0.171326
0.171237
0.171060
0.170794
0.170439
0.169996
0.169447
0.168806
0.168074
0.167246
0.166325
0.165324
0.164238
0.163099
0.161890
0.160660
0.159391
0.158086
0.151293
0.152467
0.153557
0.154587
0.155554
0.156473
0.157339
0.158141
0.158908
0.159599
0.160228
0.160801
0.161293
0.161703
0.162033
0.162294
0.162468
0.162554
0.162554
0.162468
0.162294
0.162033
0.161703
0.161293
0.160801
0.160228
0.159599
0.158908
0.158141
0.157339
0.156473
0.155554
0.154587
0.153557
0.152467
0.151293
0.143476
0.145040
0.146418
0.147623
0.148688
0.149648
0.150504
0.151271
0.151968
0.152582
0.153128
0.153605
0.154014
0.154360
0.154636
0.154843
0.154982
0.155051
0.155051
0.154982
0.154843
0.154636
0.154360
0.154014
0.153605
0.153128
0.152582
0.151968
0.151271
0.150504
0.149648
0.148688
0.147623
0.146418
0.145040
0.143476
0.130800
0.133458
0.135777
0.137777
0.139491
0.140967
0.142257
0.143345
0.144300
0.145100
0.145812
0.146392
0.146874
0.147276
0.147598
0.147839
0.148000
0.148074
0.148074
0.148000
0.147839
0.147598
0.147276
0.146874
0.146392
0.145812
0.145100
0.144300
0.143345
0.142257
0.140967
0.139491
0.137777
0.135777
0.133458
0.130800
0.111711
0.115307
0.118560
0.121496
0.124138
0.126491
0.128581
0.130421
0.132032
0.133405
0.134586
0.135585
0.136410
0.137071
0.137600
0.137997
0.138239
0.138361
0.138361
0.138239
0.137997
0.137600
0.137071
0.136410
0.135585
0.134586
0.133405
0.132032
0.130421
0.128581
0.126491
0.124138
0.121496
0.118560
0.115307
0.111711
0.000000
0.000000
0.000000
0.099348
0.102759
0.105818
0.108547
0.110977
0.113130
0.115022
0.116671
0.118092
0.119282
0.120267
0.121040
0.121621
0.122007
0.122195
0.122195
0.122007
0.121621
0.121040
0.120267
0.119282
0.118092
0.116671
0.115022
0.113130
0.110977
0.108547
0.105818
0.102759
0.099348
0.000000
0.000000
0.000000
0.181950
0.182771
0.183538
0.184195
0.184706
0.185181
0.185619
0.000000
0.000000
0.000000
0.000000
0.000000
0.000000
0.000000
0.098506
0.099254
0.099753
0.100002
0.100002
0.099753
0.099254
0.098506
0.000000
0.000000
0.000000
0.000000
0.000000
0.000000
0.000000
0.185619
0.185181
0.184706
0.184195
0.183538
0.182771
0.181950
0.175288
0.176553
0.177686
0.178674
0.179566
0.180349
0.181025
0.181645
0.182177
0.182608
0.182991
0.183327
0.183614
0.183854
0.184035
0.184144
0.184217
0.184254
0.184254
0.184217
0.184144
0.184035
0.183854
0.183614
0.183327
0.182991
0.182608
0.182177
0.181645
0.181025
0.180349
0.179566
0.178674
0.177686
0.176553
0.175288
0.166244
0.167801
0.169257
0.170602
0.171836
0.172930
0.173931
0.174789
0.175564
0.176239
0.176806
0.177302
0.177727
0.178073
0.178328
0.178519
0.178647
0.178711
0.178711
0.178647
0.178519
0.178328
0.178073
0.177727
0.177302
0.176806
0.176239
0.175564
0.174789
0.173931
0.172930
0.171836
0.170602
0.169257
0.167801
0.166244
0.157523
0.158790
0.160011
0.161234
0.162397
0.163520
0.164579
0.165569
0.166477
0.167301
0.168034
0.168671
0.169217
0.169671
0.170034
0.170299
0.170475
0.170563
0.170563
0.170475
0.170299
0.170034
0.169671
0.169217
0.168671
0.168034
0.167301
0.166477
0.165569
0.164579
0.163520
0.162397
0.161234
0.160011
0.158790
0.157523
0.150155
0.151333
0.152432
0.153449
0.154403
0.155296
0.156125
0.156915
0.157632
0.158296
0.158906
0.159440
0.159898
0.160299
0.160625
0.160870
0.161033
0.161114
0.161114
0.161033
0.160870
0.160625
0.160299
0.159898
0.159440
0.158906
0.158296
0.157632
0.156915
0.156125
0.155296
0.154403
0.153449
0.152432
0.151333
0.150155
0.140905
0.142686
0.144233
0.145558
0.146719
0.147758
0.148659
0.149466
0.150190
0.150814
0.151368
0.151854
0.152264
0.152602
0.152874
0.153077
0.153212
0.153280
0.153280
0.153212
0.153077
0.152874
0.152602
0.152264
0.151854
0.151368
0.150814
0.150190
0.149466
0.148659
0.147758
0.146719
0.145558
0.144233
0.142686
0.140905
0.125029
0.128037
0.130694
0.133039
0.135088
0.136865
0.138405
0.139730
0.140848
0.141831
0.142635
0.143323
0.143913
0.144364
0.144718
0.144983
0.145160
0.145248
0.145248
0.145160
0.144983
0.144718
0.144364
0.143913
0.143323
0.142635
0.141831
0.140848
0.139730
0.138405
0.136865
0.135088
0.133039
0.130694
0.128037
0.125029
0.102125
0.106105
0.109694
0.112929
0.115849
0.118468
0.120813
0.122902
0.124749
0.126368
0.127769
0.128956
0.129965
0.130768
0.131410
0.131891
0.132201
0.132352
0.132352
0.132201
0.131891
0.131410
0.130768
0.129965
0.128956
0.127769
0.126368
0.124749
0.122902
0.120813
0.118468
0.115849
0.112929
0.109694
0.106105
0.102125
0.184334
0.184951
0.185532
0.000000
0.000000
0.000000
0.000000
0.099060
0.101505
0.103650
0.105513
0.107111
0.108461
0.109570
0.110446
0.111097
0.111530
0.111747
0.111747
0.111530
0.111097
0.110446
0.109570
0.108461
0.107111
0.105513
0.103650
0.101505
0.099060
0.000000
0.000000
0.000000
0.000000
0.185532
0.184951
0.184334
0.178436
0.179513
0.180466
0.181306
0.182076
0.182695
0.183267
0.183791
0.184204
0.184530
0.184821
0.185075
0.185293
0.185474
0.185619
0.185728
0.185801
0.185837
0.185837
0.185801
0.185728
0.185619
0.185474
0.185293
0.185075
0.184821
0.184530
0.184204
0.183791
0.183267
0.182695
0.182076
0.181306
0.180466
0.179513
0.178436
0.169597
0.171099
0.172474
0.173719
0.174818
0.175820
0.176680
0.177455
0.178143
0.178714
0.179221
0.179665
0.180040
0.180320
0.180544
0.180712
0.180824
0.180880
0.180880
0.180824
0.180712
0.180544
0.180320
0.180040
0.179665
0.179221
0.178714
0.178143
0.177455
0.176680
0.175820
0.174818
0.173719
0.172474
0.171099
0.169597
0.159722
0.161080
0.162399
0.163687
0.164926
0.166090
0.167182
0.168183
0.169087
0.169901
0.170605
0.171218
0.171744
0.172173
0.172505
0.172754
0.172920
0.173003
0.173003
0.172920
0.172754
0.172505
0.172173
0.171744
0.171218
0.170605
0.169901
0.169087
0.168183
0.167182
0.166090
0.164926
0.163687
0.162399
0.161080
0.159722
0.151659
0.152812
0.153890
0.154912
0.155868
0.156790
0.157645
0.158457
0.159216
0.159899
0.160540
0.161108
0.161594
0.161999
0.162343
0.162600
0.162772
0.162858
0.162858
0.162772
0.162600
0.162343
0.161999
0.161594
0.161108
0.160540
0.159899
0.159216
0.158457
0.157645
0.156790
0.155868
0.154912
0.153890
0.152812
0.151659
0.142409
0.144064
0.145469
0.146712
0.147824
0.148787
0.149663
0.150440
0.151129
0.151749
0.152294
0.152766
0.153170
0.153507
0.153776
0.153978
0.154115
0.154183
0.154183
0.154115
0.153978
0.153776
0.153507
0.153170
0.152766
0.152294
0.151749
0.151129
0.150440
0.149663
0.148787
0.147824
0.146712
0.145469
0.144064
0.142409
0.126232
0.129144
0.131734
0.134009
0.135985
0.137685
0.139148
0.140422
0.141508
0.142437
0.143219
0.143904
0.144441
0.144880
0.145232
0.145495
0.145671
0.145759
0.145759
0.145671
0.145495
0.145232
0.144880
0.144441
0.143904
0.143219
0.142437
0.141508
0.140422
0.139148
0.137685
0.135985
0.134009
0.131734
0.129144
0.126232
0.101929
0.105895
0.109469
0.112695
0.115604
0.118219
0.120557
0.122641
0.124485
0.126104
0.127496
0.128687
0.129690
0.130502
0.131139
0.131618
0.131937
0.132091
0.132091
0.131937
0.131618
0.131139
0.130502
0.129690
0.128687
0.127496
0.126104
0.124485
0.122641
0.120557
0.118219
0.115604
0.112695
0.109469
0.105895
0.101929
0.184032
0.184645
0.185223
0.185764
0.000000
0.000000
0.000000
0.000000
0.099320
0.101504
0.103401
0.105028
0.106402
0.107529
0.108421
0.109082
0.109523
0.109744
0.109744
0.109523
0.109082
0.108421
0.107529
0.106402
0.105028
0.103401
0.101504
0.099320
0.000000
0.000000
0.000000
0.000000
0.185764
0.185223
0.184645
0.184032
0.177372
0.178505
0.179513
0.180405
0.181184
0.181908
0.182490
0.183011
0.183484
0.183910
0.184220
0.184473
0.184689
0.184870
0.185014
0.185122
0.185195
0.185231
0.185231
0.185195
0.185122
0.185014
0.184870
0.184689
0.184473
0.184220
0.183910
0.183484
0.183011
0.182490
0.181908
0.181184
0.180405
0.179513
0.178505
0.177372
0.167488
0.169020
0.170443
0.171750
0.172918
0.173990
0.174910
0.175753
0.176474
0.177104
0.177664
0.178139
0.178517
0.178832
0.179084
0.179273
0.179399
0.179462
0.179462
0.179399
0.179273
0.179084
0.178832
0.178517
0.178139
0.177664
0.177104
0.176474
0.175753
0.174910
0.173990
0.172918
0.171750
0.170443
0.169020
0.167488
0.157425
0.158670
0.159876
0.161076
0.162216
0.163325
0.164364
0.165342
0.166235
0.167050
0.167774
0.168405
0.168944
0.169394
0.169753
0.170022
0.170197
0.170284
0.170284
0.170197
0.170022
0.169753
0.169394
0.168944
0.168405
0.167774
0.167050
0.166235
0.165342
0.164364
0.163325
0.162216
0.161076
0.159876
0.158670
0.157425
