0.166659
0.167919
0.169097
0.170195
0.171193
0.172114
0.172925
0.173668
0.174319
0.174884
0.175386
0.175825
0.176184
0.176470
0.176700
0.176872
0.176986
0.177044
0.177044
0.176986
0.176872
0.176700
0.176470
0.176184
0.175825
0.175386
0.174884
0.174319
0.173668
0.172925
0.172114
0.171193
0.170195
0.169097
0.167919
0.166659
0.171463
0.172640
0.173722
0.174683
0.175561
0.176345
0.177033
0.177663
0.178213
0.178678
0.179090
0.179452
0.179761
0.180017
0.180200
0.180336
0.180428
0.180473
0.180473
0.180428
0.180336
0.180200
0.180017
0.179761
0.179452
0.179090
0.178678
0.178213
0.177663
0.177033
0.176345
0.175561
0.174683
0.173722
0.172640
0.171463
0.175738
0.176736
0.177653
0.178462
0.179185
0.179856
0.180420
0.180922
0.181378
0.181789
0.182131
0.182402
0.182635
0.182829
0.182984
0.183100
0.183178
0.183217
0.183217
0.183178
0.183100
0.182984
0.182829
0.182635
0.182402
0.182131
0.181789
0.181378
0.180922
0.180420
0.179856
0.179185
0.178462
0.177653
0.176736
0.175738
0.179280
0.180139
0.180869
0.181554
0.182164
0.182668
0.183134
0.183561
0.183949
0.184227
0.184464
0.184671
0.184848
0.184996
0.185114
0.185203
0.185262
0.185292
0.185292
0.185262
0.185203
0.185114
0.184996
0.184848
0.184671
0.184464
0.184227
0.183949
0.183561
0.183134
0.182668
0.182164
0.181554
0.180869
0.180139
0.179280
0.182197
0.182857
0.183478
0.184046
0.184460
0.184845
0.185200
0.185525
0.185821
0.000000
0.000000
0.000000
0.000000
0.000000
0.000000
0.000000
0.000000
0.000000
0.000000
0.000000
0.000000
0.000000
0.000000
0.000000
0.000000
0.000000
0.000000
0.185821
0.185525
0.185200
0.184845
0.184460
0.184046
0.183478
0.182857
0.182197
0.184457
0.184960
0.185434
0.185877
0.000000
0.000000
0.000000
0.000000
0.000000
0.099253
0.100851
0.102229
0.103389
0.104348
0.105104
0.105671
0.106048
0.106233
0.106233
0.106048
0.105671
0.105104
0.104348
0.103389
0.102229
0.100851
0.099253
0.000000
0.000000
0.000000
0.000000
0.000000
0.185877
0.185434
0.184960
0.184457
0.000000
0.000000
0.000000
0.000000
0.100442
0.102989
0.105281
0.107331
0.109154
0.110763
0.112172
0.113381
0.114408
0.115251
0.115926
0.116422
0.116752
0.116916
0.116916
0.116752
0.116422
0.115926
0.115251
0.114408
0.113381
0.112172
0.110763
0.109154
0.107331
0.105281
0.102989
0.100442
0.000000
0.000000
0.000000
0.000000
0.100035
0.103366
0.106397
0.109145
0.111639
0.113892
0.115920
0.117735
0.119350
0.120777
0.122031
0.123098
0.124013
0.124753
0.125344
0.125788
0.126081
0.126224
0.126224
0.126081
0.125788
0.125344
0.124753
0.124013
0.123098
0.122031
0.120777
0.119350
0.117735
0.115920
0.113892
0.111639
0.109145
0.106397
0.103366
0.100035
0.111102
0.114058
0.116741
0.119185
0.121401
0.123401
0.125195
0.126794
0.128214
0.129449
0.130522
0.131438
0.132211
0.132829
0.133324
0.133696
0.133943
0.134063
0.134063
0.133943
0.133696
0.133324
0.132829
0.132211
0.131438
0.130522
0.129449
0.128214
0.126794
0.125195
0.123401
0.121401
0.119185
0.116741
0.114058
0.111102
0.120772
0.123400
0.125786
0.127937
0.129862
0.131570
0.133078
0.134412
0.135571
0.136568
0.137427
0.138163
0.138753
0.139245
0.139638
0.139933
0.140117
0.140206
0.140206
0.140117
0.139933
0.139638
0.139245
0.138753
0.138163
0.137427
0.136568
0.135571
0.134412
0.133078
0.131570
0.129862
0.127937
0.125786
0.123400
0.120772
0.129177
0.131441
0.133452
0.135226
0.136786
0.138166
0.139346
0.140388
0.141280
0.142074
0.142717
0.143279
0.143761
0.144146
0.144435
0.144651
0.144795
0.144868
0.144868
0.144795
0.144651
0.144435
0.144146
0.143761
0.143279
0.142717
0.142074
0.141280
0.140388
0.139346
0.138166
0.136786
0.135226
0.133452
0.131441
0.129177
0.136146
0.137971
0.139548
0.140928
0.142159
0.143203
0.144150
0.144944
0.145666
0.146285
0.146807
0.147264
0.147656
0.147982
0.148223
0.148403
0.148523
0.148583
0.148583
0.148523
0.148403
0.148223
0.147982
0.147656
0.147264
0.146807
0.146285
0.145666
0.144944
0.144150
0.143203
0.142159
0.140928
0.139548
0.137971
0.136146
0.141558
0.142967
0.144227
0.145310
0.146290
0.147139
0.147922
0.148588
0.149188
0.149728
0.150196
0.150593
0.150933
0.151216
0.151442
0.151612
0.151726
0.151782
0.151782
0.151726
0.151612
0.151442
0.151216
0.150933
0.150593
0.150196
0.149728
0.149188
0.148588
0.147922
0.147139
0.146290
0.145310
0.144227
0.142967
0.141558
0.145750
0.146884
0.147928
0.148834
0.149674
0.150429
0.151109
0.151732
0.152292
0.152790
0.153233
0.153621
0.153953
0.154233
0.154458
0.154626
0.154738
0.154795
0.154795
0.154738
0.154626
0.154458
0.154233
0.153953
0.153621
0.153233
0.152790
0.152292
0.151732
0.151109
0.150429
0.149674
0.148834
0.147928
0.146884
0.145750
0.149141
0.150152
0.151059
0.151909
0.152686
0.153406
0.154072
0.154690
0.155251
0.155757
0.156215
0.156626
0.156977
0.157271
0.157505
0.157681
0.157799
0.157857
0.157857
0.157799
0.157681
0.157505
0.157271
0.156977
0.156626
0.156215
0.155757
0.155251
0.154690
0.154072
0.153406
0.152686
0.151909
0.151059
0.150152
0.149141
0.152140
0.153081
0.153968
0.154810
0.155596
0.156341
0.157045
0.157690
0.158295
0.158856
0.159355
0.159792
0.160178
0.160511
0.160778
0.160978
0.161111
0.161178
0.161178
0.161111
0.160978
0.160778
0.160511
0.160178
0.159792
0.159355
0.158856
0.158295
0.157690
0.157045
0.156341
0.155596
0.154810
0.153968
0.153081
0.152140
0.154987
0.155942
0.156879
0.157759
0.158617
0.159429
0.160190
0.160923
0.161590
0.162201
0.162766
0.163261
0.163685
0.164039
0.164334
0.164554
0.164702
0.164775
0.164775
0.164702
0.164554
0.164334
0.164039
0.163685
0.163261
0.162766
0.162201
0.161590
0.160923
0.160190
0.159429
0.158617
0.157759
0.156879
0.155942
0.154987
0.157886
0.158940
0.159939
0.160935
0.161869
0.162780
0.163628
0.164422
0.165158
0.165820
0.166417
0.166941
0.167391
0.167766
0.168065
0.168288
0.168437
0.168511
0.168511
0.168437
0.168288
0.168065
0.167766
0.167391
0.166941
0.166417
0.165820
0.165158
0.164422
0.163628
0.162780
0.161869
0.160935
0.159939
0.158940
0.157886
0.161015
0.162158
0.163289
0.164364
0.165395
0.166358
0.167258
0.168082
0.168826
0.169496
0.170089
0.170594
0.171026
0.171387
0.171675
0.171892
0.172034
0.172103
0.172103
0.172034
0.171892
0.171675
0.171387
0.171026
0.170594
0.170089
0.169496
0.168826
0.168082
0.167258
0.166358
0.165395
0.164364
0.163289
0.162158
0.161015
0.164380
0.165632
0.166825
0.167950
0.168992
0.169960
0.170827
0.171621
0.172324
0.172939
0.173486
0.173965
0.174348
0.174665
0.174919
0.175110
0.175237
0.175300
0.175300
0.175237
0.175110
0.174919
0.174665
0.174348
0.173965
0.173486
0.172939
0.172324
0.171621
0.170827
0.169960
0.168992
0.167950
0.166825
0.165632
0.164380
0.167893
0.169160
0.170340
0.171423
0.172410
0.173299
0.174111
0.174809
0.175444
0.176014
0.176478
0.176884
0.177232
0.177522
0.177754
0.177928
0.178040
0.178092
0.178092
0.178040
0.177928
0.177754
0.177522
0.177232
0.176884
0.176478
0.176014
0.175444
0.174809
0.174111
0.173299
0.172410
0.171423
0.170340
0.169160
0.167893
0.171298
0.172497
0.173591
0.174573
0.175462
0.176262
0.176959
0.177597
0.178159
0.178629
0.179047
0.179413
0.179726
0.179987
0.180173
0.180312
0.180404
0.180450
0.180450
0.180404
0.180312
0.180173
0.179987
0.179726
0.179413
0.179047
0.178629
0.178159
0.177597
0.176959
0.176262
0.175462
0.174573
0.173591
0.172497
0.171298
0.174400
0.175480
0.176454
0.177324
0.178123
0.178802
0.179429
0.180003
0.180464
0.180880
0.181249
0.181572
0.181849
0.182068
0.182225
0.182343
0.182421
0.182461
0.182461
0.182421
0.182343
0.182225
0.182068
0.181849
0.181572
0.181249
0.180880
0.180464
0.180003
0.179429
0.178802
0.178123
0.177324
0.176454
0.175480
0.174400
0.177110
0.178087
0.178923
0.179706
0.180387
0.180987
0.181541
0.182042
0.182434
0.182788
0.183102
0.183377
0.183612
0.183809
0.183966
0.184064
0.184123
0.184153
0.184153
0.184123
0.184064
0.183966
0.183809
0.183612
0.183377
0.183102
0.182788
0.182434
0.182042
0.181541
0.180987
0.180387
0.179706
0.178923
0.178087
0.177110
0.179462
0.180310
0.181049
0.181742
0.182330
0.182841
0.183312
0.183744
0.184104
0.184374
0.184613
0.184823
0.185002
0.185152
0.185272
0.185361
0.185421
0.185451
0.185451
0.185421
0.185361
0.185272
0.185152
0.185002
0.184823
0.184613
0.184374
0.184104
0.183744
0.183312
0.182841
0.182330
0.181742
0.181049
0.180310
0.179462
0.181481
0.182226
0.182855
0.183444
0.183994
0.184384
0.184744
0.185073
0.185373
0.185642
0.185882
0.000000
0.000000
0.000000
0.000000
0.000000
0.000000
0.000000
0.000000
0.000000
0.000000
0.000000
0.000000
0.000000
0.000000
0.185882
0.185642
0.185373
0.185073
0.184744
0.184384
0.183994
0.183444
0.182855
0.182226
0.181481
0.183183
0.183851
0.184366
0.184815
0.185234
0.185624
0.185983
0.000000
0.000000
0.000000
0.000000
0.000000
0.000000
0.000000
0.098304
0.098918
0.099327
0.099531
0.099531
0.099327
0.098918
0.098304
0.000000
0.000000
0.000000
0.000000
0.000000
0.000000
0.000000
0.185983
0.185624
0.185234
0.184815
0.184366
0.183851
0.183183
0.184587
0.185096
0.185576
0.000000
0.000000
0.000000
0.000000
0.000000
0.098593
0.100425
0.102025
0.103395
0.104557
0.105514
0.106274
0.106835
0.107209
0.107397
0.107397
0.107209
0.106835
0.106274
0.105514
0.104557
0.103395
0.102025
0.100425
0.098593
0.000000
0.000000
0.000000
0.000000
0.000000
0.185576
0.185096
0.184587
0.185768
0.000000
0.000000
0.000000
0.000000
0.099908
0.102305
0.104448
0.106355
0.108039
0.109503
0.110766
0.111840
0.112717
0.113417
0.113941
0.114284
0.114455
0.114455
0.114284
0.113941
0.113417
0.112717
0.111840
0.110766
0.109503
0.108039
0.106355
0.104448
0.102305
0.099908
0.000000
0.000000
0.000000
0.000000
0.185768
0.000000
0.000000
0.099179
0.102195
0.104916
0.107374
0.109585
0.111563
0.113321
0.114874
0.116236
0.117404
0.118395
0.119209
0.119861
0.120341
0.120658
0.120817
0.120817
0.120658
0.120341
0.119861
0.119209
0.118395
0.117404
0.116236
0.114874
0.113321
0.111563
0.109585
0.107374
0.104916
0.102195
0.099179
0.000000
0.000000
0.100087
0.103458
0.106523
0.109303
0.111824
0.114100
0.116147
0.117983
0.119612
0.121051
0.122313
0.123394
0.124311
0.125060
0.125659
0.126105
0.126394
0.126539
0.126539
0.126394
0.126105
0.125659
0.125060
0.124311
0.123394
0.122313
0.121051
0.119612
0.117983
0.116147
0.114100
0.111824
0.109303
0.106523
0.103458
0.100087
0.107172
0.110298
0.113135
0.115719
0.118062
0.120175
0.122079
0.123779
0.125284
0.126611
0.127768
0.128750
0.129584
0.130266
0.130796
0.131194
0.131459
0.131591
0.131591
0.131459
0.131194
0.130796
0.130266
0.129584
0.128750
0.127768
0.126611
0.125284
0.123779
0.122079
0.120175
0.118062
0.115719
0.113135
0.110298
0.107172
0.113570
0.116475
0.119120
0.121525
0.123701
0.125659
0.127407
0.128960
0.130334
0.131527
0.132555
0.133433
0.134173
0.134760
0.135229
0.135581
0.135816
0.135933
0.135933
0.135816
0.135581
0.135229
0.134760
0.134173
0.133433
0.132555
0.131527
0.130334
0.128960
0.127407
0.125659
0.123701
0.121525
0.119120
0.116475
0.113570
0.119365
0.122080
0.124536
0.126758
0.128754
0.130535
0.132120
0.133499
0.134704
0.135761
0.136648
0.137409
0.138056
0.138554
0.138953
0.139251
0.139451
0.139550
0.139550
0.139451
0.139251
0.138953
0.138554
0.138056
0.137409
0.136648
0.135761
0.134704
0.133499
0.132120
0.130535
0.128754
0.126758
0.124536
0.122080
0.119365
0.124615
0.127124
0.129384
0.131402
0.133190
0.134768
0.136164
0.137360
0.138410
0.139306
0.140094
0.140726
0.141268
0.141720
0.142073
0.142317
0.142480
0.142561
0.142561
0.142480
0.142317
0.142073
0.141720
0.141268
0.140726
0.140094
0.139306
0.138410
0.137360
0.136164
0.134768
0.133190
0.131402
0.129384
0.127124
0.124615
0.129320
0.131607
0.133635
0.135420
0.136985
0.138366
0.139561
0.140596
0.141500
0.142282
0.142933
0.143502
0.143991
0.144357
0.144650
0.144869
0.145015
0.145088
0.145088
0.145015
0.144869
0.144650
0.144357
0.143991
0.143502
0.142933
0.142282
0.141500
0.140596
0.139561
0.138366
0.136985
0.135420
0.133635
0.131607
0.129320
0.133454
0.135486
0.137264
0.138821
0.140196
0.141371
0.142410
0.143306
0.144107
0.144766
0.145351
0.145863
0.146273
0.146603
0.146868
0.147066
0.147198
0.147264
0.147264
0.147198
0.147066
0.146868
0.146603
0.146273
0.145863
0.145351
0.144766
0.144107
0.143306
0.142410
0.141371
0.140196
0.138821
0.137264
0.135486
0.133454
0.137001
0.138779
0.140339
0.141695
0.142865
0.143924
0.144809
0.145614
0.146312
0.146908
0.147437
0.147900
0.148273
0.148576
0.148820
0.149002
0.149124
0.149184
0.149184
0.149124
0.149002
0.148820
0.148576
0.148273
0.147900
0.147437
0.146908
0.146312
0.145614
0.144809
0.143924
0.142865
0.141695
0.140339
0.138779
0.137001
0.140031
0.141569
0.142914
0.144122
0.145146
0.146088
0.146882
0.147610
0.148250
0.148797
0.149283
0.149709
0.150069
0.150356
0.150586
0.150758
0.150873
0.150930
0.150930
0.150873
0.150758
0.150586
0.150356
0.150069
0.149709
0.149283
0.148797
0.148250
0.147610
0.146882
0.146088
0.145146
0.144122
0.142914
0.141569
0.140031
0.142557
0.143942
0.145119
0.146196
0.147122
0.147982
0.148713
0.149382
0.149991
0.150508
0.150967
0.151369
0.151714
0.152001
0.152225
0.152393
0.152506
0.152562
0.152562
0.152506
0.152393
0.152225
0.152001
0.151714
0.151369
0.150967
0.150508
0.149991
0.149382
0.148713
0.147982
0.147122
0.146196
0.145119
0.143942
0.142557
0.144725
0.145970
0.147032
0.148023
0.148874
0.149665
0.150373
0.151004
0.151579
0.152094
0.152543
0.152936
0.153273
0.153553
0.153778
0.153946
0.154059
0.154116
0.154116
0.154059
0.153946
0.153778
0.153553
0.153273
0.152936
0.152543
0.152094
0.151579
0.151004
0.150373
0.149665
0.148874
0.148023
0.147032
0.145970
0.144725
0.146611
0.147737
0.148731
0.149644
0.150468
0.151215
0.151904
0.152524
0.153086
0.153591
0.154041
0.154439
0.154781
0.155065
0.155293
0.155464
0.155578
0.155635
0.155635
0.155578
0.155464
0.155293
0.155065
0.154781
0.154439
0.154041
0.153591
0.153086
0.152524
0.151904
0.151215
0.150468
0.149644
0.148731
0.147737
0.146611
0.148285
0.149319
0.150277
0.151139
0.151943
0.152674
0.153349
0.153966
0.154535
0.155048
0.155503
0.155902
0.156254
0.156552
0.156790
0.156968
0.157087
0.157146
0.157146
0.157087
0.156968
0.156790
0.156552
0.156254
0.155902
0.155503
0.155048
0.154535
0.153966
0.153349
0.152674
0.151943
0.151139
0.150277
0.149319
0.148285
0.149787
0.150775
0.151695
0.152545
0.153331
0.154063
0.154746
0.155372
0.155942
0.156475
0.156951
0.157367
0.157724
0.158023
0.158276
0.158466
0.158592
0.158655
0.158655
0.158592
0.158466
0.158276
0.158023
0.157724
0.157367
0.156951
0.156475
0.155942
0.155372
0.154746
0.154063
0.153331
0.152545
0.151695
0.150775
0.149787
0.151160
0.152134
0.153033
0.153877
0.154672
0.155413
0.156101
0.156755
0.157350
0.157886
0.158385
0.158828
0.159208
0.159524
0.159777
0.159967
0.160100
0.160168
0.160168
0.160100
0.159967
0.159777
0.159524
0.159208
0.158828
0.158385
0.157886
0.157350
0.156755
0.156101
0.155413
0.154672
0.153877
0.153033
0.152134
0.151160
0.152455
0.153411
0.154314
0.155169
0.155967
0.156739
0.157453
0.158115
0.158748
0.159318
0.159824
0.160285
0.160691
0.161029
0.161300
0.161503
0.161638
0.161705
0.161705
0.161638
0.161503
0.161300
0.161029
0.160691
0.160285
0.159824
0.159318
0.158748
0.158115
0.157453
0.156739
0.155967
0.155169
0.154314
0.153411
0.152455
0.153676
0.154641
0.155553
0.156426
0.157259
0.158035
0.158795
0.159492
0.160133
0.160742
0.161283
0.161757
0.162172
0.162531
0.162817
0.163032
0.163176
0.163247
0.163247
0.163176
0.163032
0.162817
0.162531
0.162172
0.161757
0.161283
0.160742
0.160133
0.159492
0.158795
0.158035
0.157259
0.156426
0.155553
0.154641
0.153676
0.154854
0.155823
0.156768
0.157661
0.158526
0.159350
0.160117
0.160861
0.161538
0.162156
0.162729
0.163231
0.163661
0.164020
0.164319
0.164543
0.164692
0.164767
0.164767
0.164692
0.164543
0.164319
0.164020
0.163661
0.163231
0.162729
0.162156
0.161538
0.160861
0.160117
0.159350
0.158526
0.157661
0.156768
0.155823
0.154854
0.155980
0.156992
0.157945
0.158891
0.159778
0.160643
0.161455
0.162211
0.162928
0.163574
0.164154
0.164676
0.165125
0.165498
0.165797
0.166021
0.166173
0.166249
0.166249
0.166173
0.166021
0.165797
0.165498
0.165125
0.164676
0.164154
0.163574
0.162928
0.162211
0.161455
0.160643
0.159778
0.158891
0.157945
0.156992
0.155980
0.157097
0.158117
0.159131
0.160087
0.161034
0.161914
0.162770
0.163559
0.164288
0.164960
0.165558
0.166082
0.166539
0.166919
0.167223
0.167451
0.167604
0.167680
0.167680
0.167604
0.167451
0.167223
0.166919
0.166539
0.166082
0.165558
0.164960
0.164288
0.163559
0.162770
0.161914
0.161034
0.160087
0.159131
0.158117
0.157097
0.158166
0.159244
0.160276
0.161291
0.162253
0.163186
0.164049
0.164871
0.165618
0.166296
0.166905
0.167437
0.167894
0.168273
0.168575
0.168801
0.168953
0.169028
0.169028
0.168953
0.168801
0.168575
0.168273
0.167894
0.167437
0.166905
0.166296
0.165618
0.164871
0.164049
0.163186
0.162253
0.161291
0.160276
0.159244
0.158166
0.159231
0.160330
0.161414
0.162455
0.163460
0.164409
0.165306
0.166130
0.166891
0.167576
0.168184
0.168713
0.169167
0.169545
0.169847
0.170071
0.170218
0.170291
0.170291
0.170218
0.170071
0.169847
0.169545
0.169167
0.168713
0.168184
0.167576
0.166891
0.166130
0.165306
0.164409
0.163460
0.162455
0.161414
0.160330
0.159231
0.160249
0.161401
0.162514
0.163591
0.164620
0.165592
0.166498
0.167336
0.168096
0.168777
0.169381
0.169911
0.170353
0.170719
0.171012
0.171232
0.171379
0.171452
0.171452
0.171379
0.171232
0.171012
0.170719
0.170353
0.169911
0.169381
0.168777
0.168096
0.167336
0.166498
0.165592
0.164620
0.163591
0.162514
0.161401
0.160249
0.161254
0.162430
0.163579
0.164683
0.165730
0.166715
0.167628
0.168463
0.169219
0.169900
0.170489
0.171002
0.171442
0.171808
0.172096
0.172304
0.172443
0.172512
0.172512
0.172443
0.172304
0.172096
0.171808
0.171442
0.171002
0.170489
0.169900
0.169219
0.168463
0.167628
0.166715
0.165730
0.164683
0.163579
0.162430
0.161254
0.162203
0.163424
0.164597
0.165719
0.166780
0.167770
0.168679
0.169511
0.170259
0.170919
0.171505
0.172017
0.172434
0.172781
0.173059
0.173267
0.173406
0.173475
0.173475
0.173406
0.173267
0.173059
0.172781
0.172434
0.172017
0.171505
0.170919
0.170259
0.169511
0.168679
0.167770
0.166780
0.165719
0.164597
0.163424
0.162203
0.163126
0.164361
0.165559
0.166693
0.167760
0.168745
0.169653
0.170470
0.171203
0.171863
0.172426
0.172912
0.173328
0.173676
0.173953
0.174150
0.174279
0.174344
0.174344
0.174279
0.174150
0.173953
0.173676
0.173328
0.172912
0.172426
0.171863
0.171203
0.170470
0.169653
0.168745
0.167760
0.166693
0.165559
0.164361
0.163126
0.163978
0.165249
0.166455
0.167598
0.168660
0.169644
0.170535
0.171342
0.172071
0.172696
0.173252
0.173738
0.174144
0.174466
0.174724
0.174918
0.175047
0.175111
0.175111
0.175047
0.174918
0.174724
0.174466
0.174144
0.173738
0.173252
0.172696
0.172071
0.171342
0.170535
0.169644
0.168660
0.167598
0.166455
0.165249
0.163978
0.164791
0.166065
0.167285
0.168425
0.169485
0.170454
0.171334
0.172134
0.172828
0.173454
0.174009
0.174461
0.174848
0.175170
0.175428
0.175622
0.175751
0.175816
0.175816
0.175751
0.175622
0.175428
0.175170
0.174848
0.174461
0.174009
0.173454
0.172828
0.172134
0.171334
0.170454
0.169485
0.168425
0.167285
0.166065
0.164791
0.165532
0.166819
0.168039
0.169174
0.170227
0.171181
0.172058
0.172823
0.173517
0.174133
0.174649
0.175101
0.175488
0.175811
0.176063
0.176240
0.176358
0.176417
0.176417
0.176358
0.176240
0.176063
0.175811
0.175488
0.175101
0.174649
0.174133
0.173517
0.172823
0.172058
0.171181
0.170227
0.169174
0.168039
0.166819
0.165532
0.166202
0.167498
0.168713
0.169849
0.170881
0.171836
0.172678
0.173443
0.174128
0.174709
0.175226
0.175678
0.176059
0.176354
0.176590
0.176767
0.176885
0.176944
0.176944
0.176885
0.176767
0.176590
0.176354
0.176059
0.175678
0.175226
0.174709
0.174128
0.173443
0.172678
0.171836
0.170881
0.169849
0.168713
0.167498
0.166202
0.166805
0.168101
0.169313
0.170436
0.171463
0.172396
0.173230
0.173995
0.174641
0.175222
0.175739
0.176174
0.176528
0.176823
0.177059
0.177236
0.177354
0.177413
0.177413
0.177354
0.177236
0.177059
0.176823
0.176528
0.176174
0.175739
0.175222
0.174641
0.173995
0.173230
0.172396
0.171463
0.170436
0.169313
0.168101
0.166805
0.167334
0.168626
0.169839
0.170945
0.171973
0.172878
0.173713
0.174444
0.175090
0.175671
0.176172
0.176585
0.176939
0.177234
0.177470
0.177647
0.177765
0.177824
0.177824
0.177765
0.177647
0.177470
0.177234
0.176939
0.176585
0.176172
0.175671
0.175090
0.174444
0.173713
0.172878
0.171973
0.170945
0.169839
0.168626
0.167334
0.167787
0.169077
0.170280
0.171382
0.172388
0.173293
0.174118
0.174829
0.175475
0.176052
0.176524
0.176937
0.177291
0.177586
0.177823
0.178000
0.178106
0.178159
0.178159
0.178106
0.178000
0.177823
0.177586
0.177291
0.176937
0.176524
0.176052
0.175475
0.174829
0.174118
0.173293
0.172388
0.171382
0.170280
0.169077
0.167787
0.168163
0.169452
0.170644
0.171746
0.172734
0.173638
0.174440
0.175150
0.175797
0.176346
0.176818
0.177231
0.177585
0.177881
0.178105
0.178265
0.178371
0.178424
0.178424
0.178371
0.178265
0.178105
0.177881
0.177585
0.177231
0.176818
0.176346
0.175797
0.175150
0.174440
0.173638
0.172734
0.171746
0.170644
0.169452
0.168163
0.168463
0.169753
0.170936
0.172036
0.173010
0.173915
0.174697
0.175408
0.176050
0.176581
0.177054
0.177467
0.177821
0.178105
0.178318
0.178477
0.178583
0.178637
0.178637
0.178583
0.178477
0.178318
0.178105
0.177821
0.177467
0.177054
0.176581
0.176050
0.175408
0.174697
0.173915
0.173010
0.172036
0.170936
0.169753
0.168463
0.168689
0.169978
0.171155
0.172244
0.173218
0.174114
0.174890
0.175602
0.176227
0.176758
0.177231
0.177644
0.177999
0.178265
0.178477
0.178637
0.178743
0.178796
0.178796
0.178743
0.178637
0.178477
0.178265
0.177999
0.177644
0.177231
0.176758
0.176227
0.175602
0.174890
0.174114
0.173218
0.172244
0.171155
0.169978
0.168689
0.168839
0.170125
0.171301
0.172382
0.173357
0.174244
0.175020
0.175731
0.176345
0.176877
0.177350
0.177763
0.178106
0.178372
0.178585
0.178744
0.178851
0.178904
0.178904
0.178851
0.178744
0.178585
0.178372
0.178106
0.177763
0.177350
0.176877
0.176345
0.175731
0.175020
0.174244
0.173357
0.172382
0.171301
0.170125
0.168839
0.168914
0.170198
0.171374
0.172452
0.173427
0.174309
0.175085
0.175797
0.176406
0.176937
0.177410
0.177824
0.178161
0.178427
0.178639
0.178799
0.178905
0.178959
0.178959
0.178905
0.178799
0.178639
0.178427
0.178161
0.177824
0.177410
0.176937
0.176406
0.175797
0.175085
0.174309
0.173427
0.172452
0.171374
0.170198
0.168914
0.168914
0.170198
0.171375
0.172453
0.173428
0.174310
0.175087
0.175799
0.176407
0.176939
0.177412
0.177826
0.178163
0.178429
0.178642
0.178801
0.178908
0.178961
0.178961
0.178908
0.178801
0.178642
0.178429
0.178163
0.177826
0.177412
0.176939
0.176407
0.175799
0.175087
0.174310
0.173428
0.172453
0.171375
0.170198
0.168914
0.168839
0.170126
0.171303
0.172385
0.173361
0.174248
0.175024
0.175736
0.176350
0.176883
0.177356
0.177770
0.178112
0.178378
0.178591
0.178751
0.178857
0.178910
0.178910
0.178857
0.178751
0.178591
0.178378
0.178112
0.177770
0.177356
0.176883
0.176350
0.175736
0.175024
0.174248
0.173361
0.172385
0.171303
0.170126
0.168839
0.168689
0.169980
0.171158
0.172248
0.173224
0.174121
0.174898
0.175610
0.176235
0.176767
0.177240
0.177654
0.178008
0.178275
0.178488
0.178647
0.178754
0.178807
0.178807
0.178754
0.178647
0.178488
0.178275
0.178008
0.177654
0.177240
0.176767
0.176235
0.175610
0.174898
0.174121
0.173224
0.172248
0.171158
0.169980
0.168689
0.168463
0.169755
0.170940
0.172042
0.173018
0.173924
0.174707
0.175419
0.176061
0.176593
0.177067
0.177481
0.177836
0.178118
0.178331
0.178491
0.178598
0.178651
0.178651
0.178598
0.178491
0.178331
0.178118
0.177836
0.177481
0.177067
0.176593
0.176061
0.175419
0.174707
0.173924
0.173018
0.172042
0.170940
0.169755
0.168463
0.168162
0.169454
0.170649
0.171753
0.172743
0.173649
0.174452
0.175164
0.175812
0.176361
0.176834
0.177248
0.177603
0.177899
0.178122
0.178282
0.178389
0.178442
0.178442
0.178389
0.178282
0.178122
0.177899
0.177603
0.177248
0.176834
0.176361
0.175812
0.175164
0.174452
0.173649
0.172743
0.171753
0.170649
0.169454
0.168162
0.167784
0.169078
0.170285
0.171390
0.172398
0.173305
0.174132
0.174845
0.175493
0.176069
0.176543
0.176957
0.177312
0.177608
0.177845
0.178020
0.178127
0.178180
0.178180
0.178127
0.178020
0.177845
0.177608
0.177312
0.176957
0.176543
0.176069
0.175493
0.174845
0.174132
0.173305
0.172398
0.171390
0.170285
0.169078
0.167784
0.167329
0.168627
0.169843
0.170953
0.171984
0.172892
0.173729
0.174461
0.175109
0.175693
0.176193
0.176607
0.176963
0.177259
0.177495
0.177673
0.177792
0.177851
0.177851
0.177792
0.177673
0.177495
0.177259
0.176963
0.176607
0.176193
0.175693
0.175109
0.174461
0.173729
0.172892
0.171984
0.170953
0.169843
0.168627
0.167329
0.166799
0.168100
0.169316
0.170443
0.171474
0.172409
0.173247
0.174014
0.174662
0.175245
0.175764
0.176199
0.176554
0.176850
0.177087
0.177265
0.177383
0.177442
0.177442
0.177383
0.177265
0.177087
0.176850
0.176554
0.176199
0.175764
0.175245
0.174662
0.174014
0.173247
0.172409
0.171474
0.170443
0.169316
0.168100
0.166799
0.166192
0.167494
0.168714
0.169855
0.170891
0.171849
0.172695
0.173463
0.174150
0.174733
0.175252
0.175706
0.176087
0.176383
0.176620
0.176797
0.176916
0.176975
0.176975
0.176916
0.176797
0.176620
0.176383
0.176087
0.175706
0.175252
0.174733
0.174150
0.173463
0.172695
0.171849
0.170891
0.169855
0.168714
0.167494
0.166192
0.165517
0.166811
0.168036
0.169177
0.170235
0.171193
0.172074
0.172842
0.173540
0.174157
0.174676
0.175130
0.175519
0.175843
0.176094
0.176271
0.176390
0.176449
0.176449
0.176390
0.176271
0.176094
0.175843
0.175519
0.175130
0.174676
0.174157
0.173540
0.172842
0.172074
0.171193
0.170235
0.169177
0.168036
0.166811
0.165517
0.164771
0.166052
0.167278
0.168424
0.169490
0.170464
0.171349
0.172152
0.172850
0.173479
0.174035
0.174489
0.174878
0.175202
0.175462
0.175657
0.175786
0.175851
0.175851
0.175786
0.175657
0.175462
0.175202
0.174878
0.174489
0.174035
0.173479
0.172850
0.172152
0.171349
0.170464
0.169490
0.168424
0.167278
0.166052
0.164771
0.163952
0.165230
0.166443
0.167592
0.168661
0.169650
0.170546
0.171358
0.172090
0.172719
0.173278
0.173767
0.174173
0.174497
0.174757
0.174952
0.175081
0.175146
0.175146
0.175081
0.174952
0.174757
0.174497
0.174173
0.173767
0.173278
0.172719
0.172090
0.171358
0.170546
0.169650
0.168661
0.167592
0.166443
0.165230
0.163952
0.163092
0.164335
0.165540
0.166681
0.167755
0.168746
0.169660
0.170482
0.171220
0.171884
0.172449
0.172938
0.173357
0.173707
0.173986
0.174182
0.174312
0.174377
0.174377
0.174312
0.174182
0.173986
0.173707
0.173357
0.172938
0.172449
0.171884
0.171220
0.170482
0.169660
0.168746
0.167755
0.166681
0.165540
0.164335
0.163092
0.162161
0.163390
0.164570
0.165699
0.166767
0.167764
0.168680
0.169518
0.170271
0.170935
0.171525
0.172040
0.172459
0.172808
0.173088
0.173298
0.173438
0.173507
0.173507
0.173438
0.173298
0.173088
0.172808
0.172459
0.172040
0.171525
0.170935
0.170271
0.169518
0.168680
0.167764
0.166767
0.165699
0.164570
0.163390
0.162161
0.161204
0.162386
0.163543
0.164654
0.165709
0.166701
0.167622
0.168462
0.169224
0.169910
0.170503
0.171020
0.171462
0.171832
0.172120
0.172330
0.172470
0.172540
0.172540
0.172470
0.172330
0.172120
0.171832
0.171462
0.171020
0.170503
0.169910
0.169224
0.168462
0.167622
0.166701
0.165709
0.164654
0.163543
0.162386
0.161204
0.160188
0.161349
0.162468
0.163553
0.164589
0.165569
0.166482
0.167326
0.168093
0.168778
0.169388
0.169921
0.170367
0.170736
0.171031
0.171253
0.171400
0.171474
0.171474
0.171400
0.171253
0.171031
0.170736
0.170367
0.169921
0.169388
0.168778
0.168093
0.167326
0.166482
0.165569
0.164589
0.163553
0.162468
0.161349
0.160188
0.159162
0.160266
0.161358
0.162405
0.163419
0.164374
0.165279
0.166110
0.166877
0.167568
0.168181
0.168714
0.169172
0.169553
0.169858
0.170084
0.170231
0.170305
0.170305
0.170231
0.170084
0.169858
0.169553
0.169172
0.168714
0.168181
0.167568
0.166877
0.166110
0.165279
0.164374
0.163419
0.162405
0.161358
0.160266
0.159162
0.158083
0.159170
0.160207
0.161232
0.162199
0.163140
0.164009
0.164838
0.165592
0.166276
0.166890
0.167427
0.167888
0.168270
0.168575
0.168804
0.168956
0.169032
0.169032
0.168956
0.168804
0.168575
0.168270
0.167888
0.167427
0.166890
0.166276
0.165592
0.164838
0.164009
0.163140
0.162199
0.161232
0.160207
0.159170
0.158083
0.157004
0.158029
0.159052
0.160012
0.160969
0.161857
0.162717
0.163514
0.164248
0.164926
0.165530
0.166059
0.166519
0.166903
0.167210
0.167441
0.167594
0.167671
0.167671
0.167594
0.167441
0.167210
0.166903
0.166519
0.166059
0.165530
0.164926
0.164248
0.163514
0.162717
0.161857
0.160969
0.160012
0.159052
0.158029
0.157004
0.155876
0.156893
0.157856
0.158806
0.159702
0.160570
0.161390
0.162150
0.162875
0.163526
0.164110
0.164638
0.165091
0.165468
0.165770
0.165996
0.166149
0.166226
0.166226
0.166149
0.165996
0.165770
0.165468
0.165091
0.164638
0.164110
0.163526
0.162875
0.162150
0.161390
0.160570
0.159702
0.158806
0.157856
0.156893
0.155876
0.154733
0.155712
0.156662
0.157564
0.158433
0.159265
0.160035
0.160787
0.161470
0.162091
0.162670
0.163177
0.163612
0.163974
0.164275
0.164501
0.164652
0.164728
0.164728
0.164652
0.164501
0.164275
0.163974
0.163612
0.163177
0.162670
0.162091
0.161470
0.160787
0.160035
0.159265
0.158433
0.157564
0.156662
0.155712
0.154733
0.153538
0.154511
0.155433
0.156311
0.157153
0.157936
0.158700
0.159404
0.160047
0.160663
0.161210
0.161688
0.162104
0.162467
0.162757
0.162974
0.163119
0.163191
0.163191
0.163119
0.162974
0.162757
0.162467
0.162104
0.161688
0.161210
0.160663
0.160047
0.159404
0.158700
0.157936
0.157153
0.156311
0.155433
0.154511
0.153538
0.152296
0.153263
0.154175
0.155040
0.155847
0.156622
0.157345
0.158007
0.158648
0.159224
0.159736
0.160197
0.160607
0.160949
0.161223
0.161428
0.161565
0.161633
0.161633
0.161565
0.161428
0.161223
0.160949
0.160607
0.160197
0.159736
0.159224
0.158648
0.158007
0.157345
0.156622
0.155847
0.155040
0.154175
0.153263
0.152296
0.150975
0.151964
0.152875
0.153728
0.154531
0.155281
0.155972
0.156633
0.157236
0.157778
0.158276
0.158724
0.159108
0.159429
0.159685
0.159877
0.160005
0.160074
0.160074
0.160005
0.159877
0.159685
0.159429
0.159108
0.158724
0.158276
0.157778
0.157236
0.156633
0.155972
0.155281
0.154531
0.153728
0.152875
0.151964
0.150975
0.149564
0.150577
0.151509
0.152373
0.153169
0.153909
0.154600
0.155234
0.155811
0.156344
0.156826
0.157248
0.157609
0.157910
0.158161
0.158353
0.158481
0.158545
0.158545
0.158481
0.158353
0.158161
0.157910
0.157609
0.157248
0.156826
0.156344
0.155811
0.155234
0.154600
0.153909
0.153169
0.152373
0.151509
0.150577
0.149564
0.148033
0.149081
0.150064
0.150937
0.151752
0.152497
0.153180
0.153806
0.154380
0.154899
0.155361
0.155765
0.156116
0.156417
0.156658
0.156839
0.156959
0.157019
0.157019
0.156959
0.156839
0.156658
0.156417
0.156116
0.155765
0.155361
0.154899
0.154380
0.153806
0.153180
0.152497
0.151752
0.150937
0.150064
0.149081
0.148033
0.146304
0.147445
0.148476
0.149401
0.150250
0.151007
0.151705
0.152338
0.152907
0.153419
0.153875
0.154277
0.154623
0.154911
0.155142
0.155315
0.155431
0.155488
0.155488
0.155431
0.155315
0.155142
0.154911
0.154623
0.154277
0.153875
0.153419
0.152907
0.152338
0.151705
0.151007
0.150250
0.149401
0.148476
0.147445
0.146304
0.144345
0.145607
0.146719
0.147726
0.148611
0.149413
0.150145
0.150785
0.151368
0.151892
0.152350
0.152748
0.153090
0.153374
0.153602
0.153773
0.153887
0.153944
0.153944
0.153887
0.153773
0.153602
0.153374
0.153090
0.152748
0.152350
0.151892
0.151368
0.150785
0.150145
0.149413
0.148611
0.147726
0.146719
0.145607
0.144345
0.142086
0.143490
0.144730
0.145844
0.146799
0.147672
0.148439
0.149117
0.149734
0.150273
0.150739
0.151147
0.151497
0.151788
0.152020
0.152191
0.152305
0.152362
0.152362
0.152305
0.152191
0.152020
0.151788
0.151497
0.151147
0.150739
0.150273
0.149734
0.149117
0.148439
0.147672
0.146799
0.145844
0.144730
0.143490
0.142086
0.139394
0.141011
0.142432
0.143672
0.144745
0.145710
0.146544
0.147283
0.147954
0.148513
0.149007
0.149439
0.149809
0.150111
0.150344
0.150519
0.150636
0.150694
0.150694
0.150636
0.150519
0.150344
0.150111
0.149809
0.149439
0.149007
0.148513
0.147954
0.147283
0.146544
0.145710
0.144745
0.143672
0.142432
0.141011
0.139394
0.136228
0.138098
0.139717
0.141121
0.142366
0.143440
0.144389
0.145206
0.145949
0.146558
0.147096
0.147566
0.147969
0.148280
0.148527
0.148712
0.148836
0.148897
0.148897
0.148836
0.148712
0.148527
0.148280
0.147969
0.147566
0.147096
0.146558
0.145949
0.145206
0.144389
0.143440
0.142366
0.141121
0.139717
0.138098
0.136228
0.132471
0.134598
0.136470
0.138118
0.139535
0.140772
0.141874
0.142797
0.143623
0.144330
0.144925
0.145445
0.145891
0.146237
0.146506
0.146708
0.146842
0.146909
0.146909
0.146842
0.146708
0.146506
0.146237
0.145891
0.145445
0.144925
0.144330
0.143623
0.142797
0.141874
0.140772
0.139535
0.138118
0.136470
0.134598
0.132471
0.128122
0.130502
0.132624
0.134502
0.136161
0.137598
0.138848
0.139962
0.140884
0.141711
0.142401
0.142980
0.143477
0.143890
0.144199
0.144422
0.144570
0.144645
0.144645
0.144570
0.144422
0.144199
0.143890
0.143477
0.142980
0.142401
0.141711
0.140884
0.139962
0.138848
0.137598
0.136161
0.134502
0.132624
0.130502
0.128122
0.123175
0.125793
0.128150
0.130259
0.132140
0.133798
0.135244
0.136516
0.137622
0.138566
0.139376
0.140078
0.140629
0.141088
0.141456
0.141732
0.141915
0.142007
0.142007
0.141915
0.141732
0.141456
0.141088
0.140629
0.140078
0.139376
0.138566
0.137622
0.136516
0.135244
0.133798
0.132140
0.130259
0.128150
0.125793
0.123175
0.117676
0.120491
0.123049
0.125366
0.127450
0.129312
0.130963
0.132423
0.133698
0.134793
0.135748
0.136541
0.137205
0.137758
0.138184
0.138488
0.138690
0.138792
0.138792
0.138690
0.138488
0.138184
0.137758
0.137205
0.136541
0.135748
0.134793
0.133698
0.132423
0.130963
0.129312
0.127450
0.125366
0.123049
0.120491
0.117676
0.111594
0.114618
0.117370
0.119874
0.122138
0.124178
0.126009
0.127630
0.129060
0.130318
0.131398
0.132324
0.133089
0.133727
0.134223
0.134581
0.134820
0.134940
0.134940
0.134820
0.134581
0.134223
0.133727
0.133089
0.132324
0.131398
0.130318
0.129060
0.127630
0.126009
0.124178
0.122138
0.119874
0.117370
0.114618
0.111594
0.104857
0.108124
0.111084
0.113778
0.116215
0.118416
0.120397
0.122172
0.123746
0.125127
0.126336
0.127368
0.128243
0.128950
0.129517
0.129941
0.130214
0.130349
0.130349
0.130214
0.129941
0.129517
0.128950
0.128243
0.127368
0.126336
0.125127
0.123746
0.122172
0.120397
0.118416
0.116215
0.113778
0.111084
0.108124
0.104857
0.000000
0.100901
0.104116
0.107021
0.109655
0.112034
0.114169
0.116082
0.117784
0.119283
0.120596
0.121728
0.122680
0.123467
0.124094
0.124552
0.124858
0.125010
0.125010
0.124858
0.124552
0.124094
0.123467
0.122680
0.121728
0.120596
0.119283
0.117784
0.116082
0.114169
0.112034
0.109655
0.107021
0.104116
0.100901
0.000000
0.000000
0.000000
0.000000
0.099503
0.102364
0.104938
0.107253
0.109323
0.111163
0.112786
0.114208
0.115427
0.116462
0.117312
0.117993
0.118491
0.118823
0.118989
0.118989
0.118823
0.118491
0.117993
0.117312
0.116462
0.115427
0.114208
0.112786
0.111163
0.109323
0.107253
0.104938
0.102364
0.099503
0.000000
0.000000
0.000000
0.185303
0.185823
0.000000
0.000000
0.000000
0.000000
0.099548
0.101804
0.103805
0.105568
0.107105
0.108432
0.109552
0.110475
0.111205
0.111752
0.112115
0.112293
0.112293
0.112115
0.111752
0.111205
0.110475
0.109552
0.108432
0.107105
0.105568
0.103805
0.101804
0.099548
0.000000
0.000000
0.000000
0.000000
0.185823
0.185303
