0.185627
0.000000
0.000000
0.000000
0.099032
0.102214
0.105048
0.107575
0.109811
0.111774
0.113481
0.114947
0.116190
0.117205
0.118016
0.118611
0.119007
0.119205
0.119205
0.119007
0.118611
0.118016
0.117205
0.116190
0.114947
0.113481
0.111774
0.109811
0.107575
0.105048
0.102214
0.099032
0.000000
0.000000
0.000000
0.185627
0.000000
0.000000
0.101235
0.104808
0.108023
0.110898
0.113476
0.115775
0.117811
0.119599
0.121155
0.122493
0.123621
0.124543
0.125272
0.125819
0.126177
0.126353
0.126353
0.126177
0.125819
0.125272
0.124543
0.123621
0.122493
0.121155
0.119599
0.117811
0.115775
0.113476
0.110898
0.108023
0.104808
0.101235
0.000000
0.000000
0.102199
0.106197
0.109802
0.113049
0.115982
0.118608
0.120962
0.123058
0.124909
0.126531
0.127939
0.129125
0.130133
0.130940
0.131585
0.132065
0.132370
0.132522
0.132522
0.132370
0.132065
0.131585
0.130940
0.130133
0.129125
0.127939
0.126531
0.124909
0.123058
0.120962
0.118608
0.115982
0.113049
0.109802
0.106197
0.102199
0.110459
0.114110
0.117405
0.120384
0.123060
0.125459
0.127591
0.129468
0.131106
0.132527
0.133747
0.134763
0.135620
0.136309
0.136838
0.137235
0.137499
0.137632
0.137632
0.137499
0.137235
0.136838
0.136309
0.135620
0.134763
0.133747
0.132527
0.131106
0.129468
0.127591
0.125459
0.123060
0.120384
0.117405
0.114110
0.110459
0.117815
0.121161
0.124188
0.126892
0.129305
0.131435
0.133296
0.134912
0.136316
0.137506
0.138517
0.139366
0.140084
0.140634
0.141073
0.141403
0.141623
0.141733
0.141733
0.141623
0.141403
0.141073
0.140634
0.140084
0.139366
0.138517
0.137506
0.136316
0.134912
0.133296
0.131435
0.129305
0.126892
0.124188
0.121161
0.117815
0.124377
0.127428
0.130151
0.132541
0.134635
0.136456
0.138040
0.139374
0.140531
0.141521
0.142361
0.143054
0.143648
0.144128
0.144484
0.144751
0.144929
0.145018
0.145018
0.144929
0.144751
0.144484
0.144128
0.143648
0.143054
0.142361
0.141521
0.140531
0.139374
0.138040
0.136456
0.134635
0.132541
0.130151
0.127428
0.124377
0.130160
0.132856
0.135216
0.137259
0.139019
0.140540
0.141860
0.142963
0.143954
0.144759
0.145471
0.146085
0.146568
0.146971
0.147292
0.147534
0.147695
0.147775
0.147775
0.147695
0.147534
0.147292
0.146971
0.146568
0.146085
0.145471
0.144759
0.143954
0.142963
0.141860
0.140540
0.139019
0.137259
0.135216
0.132856
0.130160
0.135084
0.137402
0.139394
0.141100
0.142577
0.143865
0.144947
0.145926
0.146738
0.147462
0.148098
0.148616
0.149059
0.149429
0.149725
0.149947
0.150090
0.150160
0.150160
0.150090
0.149947
0.149725
0.149429
0.149059
0.148616
0.148098
0.147462
0.146738
0.145926
0.144947
0.143865
0.142577
0.141100
0.139394
0.137402
0.135084
0.139163
0.141111
0.142785
0.144244
0.145491
0.146587
0.147553
0.148403
0.149143
0.149809
0.150379
0.150868
0.151287
0.151636
0.151916
0.152123
0.152259
0.152328
0.152328
0.152259
0.152123
0.151916
0.151636
0.151287
0.150868
0.150379
0.149809
0.149143
0.148403
0.147553
0.146587
0.145491
0.144244
0.142785
0.141111
0.139163
0.142500
0.144166
0.145591
0.146839
0.147966
0.148931
0.149820
0.150598
0.151297
0.151926
0.152475
0.152953
0.153363
0.153705
0.153978
0.154185
0.154324
0.154393
0.154393
0.154324
0.154185
0.153978
0.153705
0.153363
0.152953
0.152475
0.151926
0.151297
0.150598
0.149820
0.148931
0.147966
0.146839
0.145591
0.144166
0.142500
0.145247
0.146689
0.147978
0.149090
0.150120
0.151029
0.151868
0.152622
0.153306
0.153921
0.154474
0.154959
0.155375
0.155722
0.155999
0.156216
0.156360
0.156433
0.156433
0.156360
0.156216
0.155999
0.155722
0.155375
0.154959
0.154474
0.153921
0.153306
0.152622
0.151868
0.151029
0.150120
0.149090
0.147978
0.146689
0.145247
0.147587
0.148880
0.150061
0.151110
0.152087
0.152976
0.153797
0.154556
0.155249
0.155873
0.156447
0.156953
0.157388
0.157750
0.158042
0.158273
0.158427
0.158504
0.158504
0.158427
0.158273
0.158042
0.157750
0.157388
0.156953
0.156447
0.155873
0.155249
0.154556
0.153797
0.152976
0.152087
0.151110
0.150061
0.148880
0.147587
0.149633
0.150843
0.151962
0.152989
0.153947
0.154847
0.155679
0.156461
0.157185
0.157837
0.158443
0.158982
0.159444
0.159830
0.160147
0.160394
0.160558
0.160641
0.160641
0.160558
0.160394
0.160147
0.159830
0.159444
0.158982
0.158443
0.157837
0.157185
0.156461
0.155679
0.154847
0.153947
0.152989
0.151962
0.150843
0.149633
0.151486
0.152660
0.153755
0.154792
0.155763
0.156694
0.157563
0.158383
0.159153
0.159847
0.160495
0.161071
0.161565
0.161977
0.162324
0.162586
0.162760
0.162847
0.162847
0.162760
0.162586
0.162324
0.161977
0.161565
0.161071
0.160495
0.159847
0.159153
0.158383
0.157563
0.156694
0.155763
0.154792
0.153755
0.152660
0.151486
0.153222
0.154390
0.155500
0.156565
0.157580
0.158555
0.159480
0.160350
0.161173
0.161914
0.162607
0.163218
0.163741
0.164185
0.164548
0.164821
0.165003
0.165094
0.165094
0.165003
0.164821
0.164548
0.164185
0.163741
0.163218
0.162607
0.161914
0.161173
0.160350
0.159480
0.158555
0.157580
0.156565
0.155500
0.154390
0.153222
0.154892
0.156075
0.157234
0.158342
0.159421
0.160453
0.161441
0.162368
0.163240
0.164027
0.164754
0.165391
0.165936
0.166398
0.166768
0.167046
0.167231
0.167323
0.167323
0.167231
0.167046
0.166768
0.166398
0.165936
0.165391
0.164754
0.164027
0.163240
0.162368
0.161441
0.160453
0.159421
0.158342
0.157234
0.156075
0.154892
0.156527
0.157760
0.158978
0.160144
0.161298
0.162391
0.163438
0.164415
0.165325
0.166146
0.166886
0.167535
0.168090
0.168549
0.168917
0.169193
0.169377
0.169469
0.169469
0.169377
0.169193
0.168917
0.168549
0.168090
0.167535
0.166886
0.166146
0.165325
0.164415
0.163438
0.162391
0.161298
0.160144
0.158978
0.157760
0.156527
0.158150
0.159461
0.160743
0.161979
0.163201
0.164350
0.165441
0.166450
0.167376
0.168209
0.168944
0.169588
0.170136
0.170582
0.170938
0.171206
0.171384
0.171473
0.171473
0.171384
0.171206
0.170938
0.170582
0.170136
0.169588
0.168944
0.168209
0.167376
0.166450
0.165441
0.164350
0.163201
0.161979
0.160743
0.159461
0.158150
0.159791
0.161178
0.162527
0.163837
0.165104
0.166292
0.167404
0.168421
0.169341
0.170164
0.170877
0.171501
0.172034
0.172456
0.172794
0.173048
0.173217
0.173301
0.173301
0.173217
0.173048
0.172794
0.172456
0.172034
0.171501
0.170877
0.170164
0.169341
0.168421
0.167404
0.166292
0.165104
0.163837
0.162527
0.161178
0.159791
0.161450
0.162902
0.164313
0.165678
0.166970
0.168173
0.169278
0.170282
0.171173
0.171976
0.172653
0.173245
0.173752
0.174162
0.174475
0.174711
0.174868
0.174946
0.174946
0.174868
0.174711
0.174475
0.174162
0.173752
0.173245
0.172653
0.171976
0.171173
0.170282
0.169278
0.168173
0.166970
0.165678
0.164313
0.162902
0.161450
0.163104
0.164614
0.166072
0.167463
0.168756
0.169953
0.171025
0.172006
0.172851
0.173612
0.174267
0.174817
0.175288
0.175680
0.175994
0.176210
0.176353
0.176425
0.176425
0.176353
0.176210
0.175994
0.175680
0.175288
0.174817
0.174267
0.173612
0.172851
0.172006
0.171025
0.169953
0.168756
0.167463
0.166072
0.164614
0.163104
0.164735
0.166288
0.167772
0.169155
0.170431
0.171591
0.172627
0.173557
0.174374
0.175080
0.175709
0.176236
0.176666
0.177025
0.177312
0.177527
0.177671
0.177742
0.177742
0.177671
0.177527
0.177312
0.177025
0.176666
0.176236
0.175709
0.175080
0.174374
0.173557
0.172627
0.171591
0.170431
0.169155
0.167772
0.166288
0.164735
0.166320
0.167897
0.169371
0.170730
0.171980
0.173080
0.174088
0.174952
0.175738
0.176406
0.176980
0.177483
0.177913
0.178245
0.178503
0.178697
0.178826
0.178891
0.178891
0.178826
0.178697
0.178503
0.178245
0.177913
0.177483
0.176980
0.176406
0.175738
0.174952
0.174088
0.173080
0.171980
0.170730
0.169371
0.167897
0.166320
0.167837
0.169404
0.170852
0.172181
0.173365
0.174432
0.175375
0.176218
0.176936
0.177582
0.178141
0.178593
0.178981
0.179304
0.179562
0.179756
0.179886
0.179950
0.179950
0.179886
0.179756
0.179562
0.179304
0.178981
0.178593
0.178141
0.177582
0.176936
0.176218
0.175375
0.174432
0.173365
0.172181
0.170852
0.169404
0.167837
0.169254
0.170796
0.172213
0.173482
0.174619
0.175641
0.176534
0.177324
0.178038
0.178619
0.179136
0.179589
0.179977
0.180265
0.180494
0.180665
0.180779
0.180836
0.180836
0.180779
0.180665
0.180494
0.180265
0.179977
0.179589
0.179136
0.178619
0.178038
0.177324
0.176534
0.175641
0.174619
0.173482
0.172213
0.170796
0.169254
0.170562
0.172077
0.173431
0.174651
0.175751
0.176707
0.177568
0.178323
0.178969
0.179551
0.180061
0.180461
0.180803
0.181089
0.181318
0.181489
0.181603
0.181661
0.181661
0.181603
0.181489
0.181318
0.181089
0.180803
0.180461
0.180061
0.179551
0.178969
0.178323
0.177568
0.176707
0.175751
0.174651
0.173431
0.172077
0.170562
0.171759
0.173211
0.174525
0.175705
0.176736
0.177670
0.178479
0.179191
0.179838
0.180371
0.180828
0.181228
0.181571
0.181857
0.182073
0.182219
0.182316
0.182365
0.182365
0.182316
0.182219
0.182073
0.181857
0.181571
0.181228
0.180828
0.180371
0.179838
0.179191
0.178479
0.177670
0.176736
0.175705
0.174525
0.173211
0.171759
0.172822
0.174244
0.175502
0.176623
0.177629
0.178508
0.179284
0.179996
0.180568
0.181082
0.181540
0.181940
0.182241
0.182484
0.182678
0.182824
0.182921
0.182970
0.182970
0.182921
0.182824
0.182678
0.182484
0.182241
0.181940
0.181540
0.181082
0.180568
0.179996
0.179284
0.178508
0.177629
0.176623
0.175502
0.174244
0.172822
0.173790
0.175143
0.176367
0.177445
0.178407
0.179248
0.180022
0.180651
0.181223
0.181738
0.182166
0.182506
0.182798
0.183041
0.183236
0.183382
0.183479
0.183528
0.183528
0.183479
0.183382
0.183236
0.183041
0.182798
0.182506
0.182166
0.181738
0.181223
0.180651
0.180022
0.179248
0.178407
0.177445
0.176367
0.175143
0.173790
0.174626
0.175964
0.177118
0.178177
0.179083
0.179925
0.180620
0.181250
0.181822
0.182286
0.182676
0.183016
0.183308
0.183551
0.183746
0.183892
0.183989
0.184029
0.184029
0.183989
0.183892
0.183746
0.183551
0.183308
0.183016
0.182676
0.182286
0.181822
0.181250
0.180620
0.179925
0.179083
0.178177
0.177118
0.175964
0.174626
0.175370
0.176647
0.177798
0.178790
0.179697
0.180476
0.181162
0.181792
0.182310
0.182748
0.183137
0.183478
0.183770
0.184010
0.184158
0.184270
0.184344
0.184381
0.184381
0.184344
0.184270
0.184158
0.184010
0.183770
0.183478
0.183137
0.182748
0.182310
0.181792
0.181162
0.180476
0.179697
0.178790
0.177798
0.176647
0.175370
0.176033
0.177257
0.178367
0.179339
0.180217
0.180961
0.181648
0.182236
0.182723
0.183161
0.183551
0.183892
0.184140
0.184326
0.184474
0.184585
0.184660
0.184697
0.184697
0.184660
0.184585
0.184474
0.184326
0.184140
0.183892
0.183551
0.183161
0.182723
0.182236
0.181648
0.180961
0.180217
0.179339
0.178367
0.177257
0.176033
0.176571
0.177795
0.178852
0.179824
0.180646
0.181391
0.182066
0.182602
0.183089
0.183527
0.183917
0.184196
0.184419
0.184605
0.184753
0.184865
0.184939
0.184976
0.184976
0.184939
0.184865
0.184753
0.184605
0.184419
0.184196
0.183917
0.183527
0.183089
0.182602
0.182066
0.181391
0.180646
0.179824
0.178852
0.177795
0.176571
0.177038
0.178236
0.179273
0.180217
0.181019
0.181763
0.182383
0.182919
0.183406
0.183845
0.184179
0.184439
0.184661
0.184847
0.184996
0.185107
0.185181
0.185219
0.185219
0.185181
0.185107
0.184996
0.184847
0.184661
0.184439
0.184179
0.183845
0.183406
0.182919
0.182383
0.181763
0.181019
0.180217
0.179273
0.178236
0.177038
0.177434
0.178593
0.179630
0.180533
0.181335
0.182068
0.182653
0.183189
0.183676
0.184087
0.184384
0.184644
0.184867
0.185053
0.185202
0.185313
0.185387
0.185425
0.185425
0.185387
0.185313
0.185202
0.185053
0.184867
0.184644
0.184384
0.184087
0.183676
0.183189
0.182653
0.182068
0.181335
0.180533
0.179630
0.178593
0.177434
0.177759
0.178885
0.179923
0.180792
0.181594
0.182289
0.182874
0.183410
0.183897
0.184256
0.184553
0.184813
0.185036
0.185222
0.185371
0.185482
0.185557
0.185594
0.185594
0.185557
0.185482
0.185371
0.185222
0.185036
0.184813
0.184553
0.184256
0.183897
0.183410
0.182874
0.182289
0.181594
0.180792
0.179923
0.178885
0.177759
0.178011
0.179114
0.180135
0.180995
0.181797
0.182461
0.183047
0.183583
0.184054
0.184388
0.184686
0.184946
0.185169
0.185355
0.185503
0.185615
0.185689
0.185727
0.185727
0.185689
0.185615
0.185503
0.185355
0.185169
0.184946
0.184686
0.184388
0.184054
0.183583
0.183047
0.182461
0.181797
0.180995
0.180135
0.179114
0.178011
0.178176
0.179279
0.180280
0.181141
0.181944
0.182586
0.183171
0.183708
0.184149
0.184484
0.184781
0.185041
0.185265
0.185451
0.185599
0.185711
0.185785
0.185822
0.185822
0.185785
0.185711
0.185599
0.185451
0.185265
0.185041
0.184781
0.184484
0.184149
0.183708
0.183171
0.182586
0.181944
0.181141
0.180280
0.179279
0.178176
0.178276
0.179379
0.180369
0.181230
0.182028
0.182662
0.183248
0.183785
0.184208
0.184542
0.184840
0.185100
0.185324
0.185510
0.185658
0.185770
0.185844
0.185882
0.185882
0.185844
0.185770
0.185658
0.185510
0.185324
0.185100
0.184840
0.184542
0.184208
0.183785
0.183248
0.182662
0.182028
0.181230
0.180369
0.179379
0.178276
0.178311
0.179415
0.180402
0.181262
0.182056
0.182690
0.183276
0.183813
0.184230
0.184564
0.184862
0.185122
0.185346
0.185532
0.185681
0.185792
0.185867
0.185904
0.185904
0.185867
0.185792
0.185681
0.185532
0.185346
0.185122
0.184862
0.184564
0.184230
0.183813
0.183276
0.182690
0.182056
0.181262
0.180402
0.179415
0.178311
0.178283
0.179387
0.180377
0.181238
0.182036
0.182670
0.183256
0.183793
0.184214
0.184549
0.184847
0.185108
0.185331
0.185517
0.185666
0.185778
0.185852
0.185889
0.185889
0.185852
0.185778
0.185666
0.185517
0.185331
0.185108
0.184847
0.184549
0.184214
0.183793
0.183256
0.182670
0.182036
0.181238
0.180377
0.179387
0.178283
0.178190
0.179295
0.180296
0.181157
0.181961
0.182602
0.183188
0.183725
0.184163
0.184498
0.184795
0.185056
0.185279
0.185466
0.185615
0.185726
0.185801
0.185838
0.185838
0.185801
0.185726
0.185615
0.185466
0.185279
0.185056
0.184795
0.184498
0.184163
0.183725
0.183188
0.182602
0.181961
0.181157
0.180296
0.179295
0.178190
0.178033
0.179138
0.180157
0.181019
0.181823
0.182485
0.183071
0.183608
0.184074
0.184409
0.184707
0.184967
0.185191
0.185377
0.185526
0.185638
0.185712
0.185750
0.185750
0.185712
0.185638
0.185526
0.185377
0.185191
0.184967
0.184707
0.184409
0.184074
0.183608
0.183071
0.182485
0.181823
0.181019
0.180157
0.179138
0.178033
0.177791
0.178917
0.179957
0.180824
0.181628
0.182319
0.182906
0.183443
0.183932
0.184283
0.184581
0.184842
0.185066
0.185252
0.185401
0.185513
0.185587
0.185624
0.185624
0.185587
0.185513
0.185401
0.185252
0.185066
0.184842
0.184581
0.184283
0.183932
0.183443
0.182906
0.182319
0.181628
0.180824
0.179957
0.178917
0.177791
0.177473
0.178631
0.179672
0.180572
0.181377
0.182105
0.182692
0.183230
0.183718
0.184121
0.184419
0.184680
0.184903
0.185090
0.185239
0.185350
0.185425
0.185462
0.185462
0.185425
0.185350
0.185239
0.185090
0.184903
0.184680
0.184419
0.184121
0.183718
0.183230
0.182692
0.182105
0.181377
0.180572
0.179672
0.178631
0.177473
0.177083
0.178281
0.179322
0.180263
0.181068
0.181815
0.182430
0.182967
0.183456
0.183897
0.184219
0.184480
0.184704
0.184890
0.185039
0.185151
0.185226
0.185263
0.185263
0.185226
0.185151
0.185039
0.184890
0.184704
0.184480
0.184219
0.183897
0.183456
0.182967
0.182430
0.181815
0.181068
0.180263
0.179322
0.178281
0.177083
0.176622
0.177851
0.178907
0.179883
0.180702
0.181449
0.182119
0.182657
0.183146
0.183586
0.183977
0.184244
0.184467
0.184654
0.184803
0.184915
0.184989
0.185027
0.185027
0.184989
0.184915
0.184803
0.184654
0.184467
0.184244
0.183977
0.183586
0.183146
0.182657
0.182119
0.181449
0.180702
0.179883
0.178907
0.177851
0.176622
0.176088
0.177318
0.178427
0.179404
0.180279
0.181027
0.181717
0.182297
0.182787
0.183227
0.183618
0.183961
0.184194
0.184380
0.184530
0.184642
0.184716
0.184753
0.184753
0.184716
0.184642
0.184530
0.184380
0.184194
0.183961
0.183618
0.183227
0.182787
0.182297
0.181717
0.181027
0.180279
0.179404
0.178427
0.177318
0.176088
0.175434
0.176713
0.177870
0.178860
0.179772
0.180546
0.181237
0.181870
0.182379
0.182819
0.183211
0.183553
0.183847
0.184070
0.184219
0.184331
0.184406
0.184443
0.184443
0.184406
0.184331
0.184219
0.184070
0.183847
0.183553
0.183211
0.182819
0.182379
0.181870
0.181237
0.180546
0.179772
0.178860
0.177870
0.176713
0.175434
0.174693
0.176036
0.177194
0.178251
0.179163
0.180009
0.180700
0.181333
0.181909
0.182363
0.182754
0.183097
0.183391
0.183636
0.183832
0.183978
0.184058
0.184096
0.184096
0.184058
0.183978
0.183832
0.183636
0.183391
0.183097
0.182754
0.182363
0.181909
0.181333
0.180700
0.180009
0.179163
0.178251
0.177194
0.176036
0.174693
0.173863
0.175219
0.176445
0.177531
0.178490
0.179337
0.180105
0.180738
0.181314
0.181833
0.182249
0.182592
0.182886
0.183131
0.183327
0.183474
0.183572
0.183621
0.183621
0.183572
0.183474
0.183327
0.183131
0.182886
0.182592
0.182249
0.181833
0.181314
0.180738
0.180105
0.179337
0.178490
0.177531
0.176445
0.175219
0.173863
0.172895
0.174321
0.175589
0.176710
0.177724
0.178599
0.179381
0.180087
0.180663
0.181181
0.181642
0.182038
0.182332
0.182577
0.182773
0.182920
0.183018
0.183067
0.183067
0.183018
0.182920
0.182773
0.182577
0.182332
0.182038
0.181642
0.181181
0.180663
0.180087
0.179381
0.178599
0.177724
0.176710
0.175589
0.174321
0.172895
0.171833
0.173292
0.174611
0.175800
0.176832
0.177773
0.178578
0.179296
0.179948
0.180472
0.180933
0.181337
0.181682
0.181970
0.182171
0.182318
0.182416
0.182465
0.182465
0.182416
0.182318
0.182171
0.181970
0.181682
0.181337
0.180933
0.180472
0.179948
0.179296
0.178578
0.177773
0.176832
0.175800
0.174611
0.173292
0.171833
0.170631
0.172154
0.173521
0.174744
0.175854
0.176809
0.177678
0.178428
0.179080
0.179667
0.180167
0.180570
0.180916
0.181204
0.181435
0.181608
0.181723
0.181781
0.181781
0.181723
0.181608
0.181435
0.181204
0.180916
0.180570
0.180167
0.179667
0.179080
0.178428
0.177678
0.176809
0.175854
0.174744
0.173521
0.172154
0.170631
0.169318
0.170872
0.172298
0.173579
0.174719
0.175751
0.176642
0.177439
0.178148
0.178735
0.179257
0.179713
0.180093
0.180381
0.180612
0.180784
0.180900
0.180957
0.180957
0.180900
0.180784
0.180612
0.180381
0.180093
0.179713
0.179257
0.178735
0.178148
0.177439
0.176642
0.175751
0.174719
0.173579
0.172298
0.170872
0.169318
0.167891
0.169474
0.170933
0.172271
0.173467
0.174537
0.175489
0.176331
0.177056
0.177708
0.178259
0.178716
0.179108
0.179434
0.179695
0.179891
0.180019
0.180077
0.180077
0.180019
0.179891
0.179695
0.179434
0.179108
0.178716
0.178259
0.177708
0.177056
0.176331
0.175489
0.174537
0.173467
0.172271
0.170933
0.169474
0.167891
0.166361
0.167955
0.169445
0.170815
0.172074
0.173185
0.174196
0.175069
0.175863
0.176527
0.177108
0.177615
0.178045
0.178372
0.178633
0.178829
0.178959
0.179024
0.179024
0.178959
0.178829
0.178633
0.178372
0.178045
0.177615
0.177108
0.176527
0.175863
0.175069
0.174196
0.173185
0.172074
0.170815
0.169445
0.167955
0.166361
0.164760
0.166332
0.167833
0.169231
0.170518
0.171691
0.172733
0.173674
0.174491
0.175206
0.175841
0.176362
0.176798
0.177160
0.177450
0.177668
0.177813
0.177886
0.177886
0.177813
0.177668
0.177450
0.177160
0.176798
0.176362
0.175841
0.175206
0.174491
0.173674
0.172733
0.171691
0.170518
0.169231
0.167833
0.166332
0.164760
0.163111
0.164640
0.166116
0.167523
0.168831
0.170041
0.171124
0.172111
0.172966
0.173736
0.174390
0.174946
0.175422
0.175819
0.176125
0.176343
0.176488
0.176561
0.176561
0.176488
0.176343
0.176125
0.175819
0.175422
0.174946
0.174390
0.173736
0.172966
0.172111
0.171124
0.170041
0.168831
0.167523
0.166116
0.164640
0.163111
0.161437
0.162907
0.164336
0.165718
0.167027
0.168245
0.169364
0.170377
0.171280
0.172087
0.172772
0.173371
0.173884
0.174289
0.174607
0.174845
0.175004
0.175084
0.175084
0.175004
0.174845
0.174607
0.174289
0.173884
0.173371
0.172772
0.172087
0.171280
0.170377
0.169364
0.168245
0.167027
0.165718
0.164336
0.162907
0.161437
0.159758
0.161161
0.162527
0.163855
0.165139
0.166344
0.167470
0.168499
0.169431
0.170262
0.170985
0.171617
0.172151
0.172578
0.172921
0.173177
0.173348
0.173434
0.173434
0.173348
0.173177
0.172921
0.172578
0.172151
0.171617
0.170985
0.170262
0.169431
0.168499
0.167470
0.166344
0.165139
0.163855
0.162527
0.161161
0.159758
0.158093
0.159422
0.160719
0.161972
0.163210
0.164376
0.165483
0.166506
0.167445
0.168288
0.169034
0.169687
0.170239
0.170690
0.171052
0.171323
0.171504
0.171594
0.171594
0.171504
0.171323
0.171052
0.170690
0.170239
0.169687
0.169034
0.168288
0.167445
0.166506
0.165483
0.164376
0.163210
0.161972
0.160719
0.159422
0.158093
0.156448
0.157698
0.158930
0.160111
0.161281
0.162389
0.163452
0.164443
0.165366
0.166200
0.166951
0.167609
0.168171
0.168637
0.169010
0.169290
0.169477
0.169570
0.169570
0.169477
0.169290
0.169010
0.168637
0.168171
0.167609
0.166951
0.166200
0.165366
0.164443
0.163452
0.162389
0.161281
0.160111
0.158930
0.157698
0.156448
0.154788
0.155986
0.157162
0.158282
0.159378
0.160422
0.161425
0.162365
0.163251
0.164051
0.164789
0.165435
0.165988
0.166458
0.166834
0.167115
0.167303
0.167397
0.167397
0.167303
0.167115
0.166834
0.166458
0.165988
0.165435
0.164789
0.164051
0.163251
0.162365
0.161425
0.160422
0.159378
0.158282
0.157162
0.155986
0.154788
0.153090
0.154275
0.155402
0.156479
0.157510
0.158496
0.159435
0.160317
0.161153
0.161905
0.162609
0.163229
0.163761
0.164212
0.164581
0.164858
0.165043
0.165135
0.165135
0.165043
0.164858
0.164581
0.164212
0.163761
0.163229
0.162609
0.161905
0.161153
0.160317
0.159435
0.158496
0.157510
0.156479
0.155402
0.154275
0.153090
0.151317
0.152514
0.153626
0.154678
0.155665
0.156607
0.157490
0.158319
0.159102
0.159807
0.160463
0.161048
0.161550
0.161968
0.162321
0.162587
0.162764
0.162853
0.162853
0.162764
0.162587
0.162321
0.161968
0.161550
0.161048
0.160463
0.159807
0.159102
0.158319
0.157490
0.156607
0.155665
0.154678
0.153626
0.152514
0.151317
0.149414
0.150656
0.151795
0.152842
0.153816
0.154730
0.155576
0.156367
0.157103
0.157766
0.158378
0.158926
0.159396
0.159788
0.160108
0.160359
0.160526
0.160610
0.160610
0.160526
0.160359
0.160108
0.159788
0.159396
0.158926
0.158378
0.157766
0.157103
0.156367
0.155576
0.154730
0.153816
0.152842
0.151795
0.150656
0.149414
0.147302
0.148640
0.149846
0.150921
0.151918
0.152824
0.153659
0.154430
0.155135
0.155770
0.156349
0.156864
0.157306
0.157674
0.157969
0.158202
0.158359
0.158437
0.158437
0.158359
0.158202
0.157969
0.157674
0.157306
0.156864
0.156349
0.155770
0.155135
0.154430
0.153659
0.152824
0.151918
0.150921
0.149846
0.148640
0.147302
0.144875
0.146377
0.147689
0.148845
0.149901
0.150832
0.151686
0.152458
0.153154
0.153780
0.154342
0.154835
0.155259
0.155611
0.155894
0.156110
0.156257
0.156331
0.156331
0.156257
0.156110
0.155894
0.155611
0.155259
0.154835
0.154342
0.153780
0.153154
0.152458
0.151686
0.150832
0.149901
0.148845
0.147689
0.146377
0.144875
0.142017
0.143734
0.145213
0.146519
0.147668
0.148675
0.149580
0.150386
0.151098
0.151739
0.152302
0.152789
0.153207
0.153555
0.153833
0.154043
0.154184
0.154254
0.154254
0.154184
0.154043
0.153833
0.153555
0.153207
0.152789
0.152302
0.151739
0.151098
0.150386
0.149580
0.148675
0.147668
0.146519
0.145213
0.143734
0.142017
0.138481
0.140529
0.142292
0.143807
0.145098
0.146251
0.147236
0.148128
0.148882
0.149561
0.150155
0.150654
0.151081
0.151437
0.151722
0.151936
0.152076
0.152146
0.152146
0.152076
0.151936
0.151722
0.151437
0.151081
0.150654
0.150155
0.149561
0.148882
0.148128
0.147236
0.146251
0.145098
0.143807
0.142292
0.140529
0.138481
0.134166
0.136597
0.138694
0.140499
0.142063
0.143377
0.144530
0.145528
0.146395
0.147134
0.147790
0.148336
0.148788
0.149166
0.149467
0.149694
0.149845
0.149920
0.149920
0.149845
0.149694
0.149467
0.149166
0.148788
0.148336
0.147790
0.147134
0.146395
0.145528
0.144530
0.143377
0.142063
0.140499
0.138694
0.136597
0.134166
0.128935
0.131785
0.134271
0.136425
0.138290
0.139899
0.141256
0.142442
0.143452
0.144325
0.145052
0.145688
0.146211
0.146621
0.146950
0.147196
0.147360
0.147442
0.147442
0.147360
0.147196
0.146950
0.146621
0.146211
0.145688
0.145052
0.144325
0.143452
0.142442
0.141256
0.139899
0.138290
0.136425
0.134271
0.131785
0.128935
0.122843
0.126044
0.128887
0.131411
0.133625
0.135546
0.137201
0.138630
0.139868
0.140891
0.141789
0.142518
0.143125
0.143630
0.144031
0.144304
0.144485
0.144576
0.144576
0.144485
0.144304
0.144031
0.143630
0.143125
0.142518
0.141789
0.140891
0.139868
0.138630
0.137201
0.135546
0.133625
0.131411
0.128887
0.126044
0.122843
0.115943
0.119440
0.122598
0.125436
0.127976
0.130214
0.132182
0.133897
0.135363
0.136627
0.137708
0.138600
0.139343
0.139962
0.140415
0.140752
0.140976
0.141089
0.141089
0.140976
0.140752
0.140415
0.139962
0.139343
0.138600
0.137708
0.136627
0.135363
0.133897
0.132182
0.130214
0.127976
0.125436
0.122598
0.119440
0.115943
0.108183
0.112011
0.115459
0.118574
0.121377
0.123893
0.126129
0.128105
0.129835
0.131327
0.132611
0.133703
0.134598
0.135328
0.135912
0.136324
0.136594
0.136730
0.136730
0.136594
0.136324
0.135912
0.135328
0.134598
0.133703
0.132611
0.131327
0.129835
0.128105
0.126129
0.123893
0.121377
0.118574
0.115459
0.112011
0.108183
0.099418
0.103632
0.107423
0.110836
0.113911
0.116663
0.119129
0.121325
0.123267
0.124968
0.126444
0.127705
0.128755
0.129619
0.130297
0.130792
0.131122
0.131287
0.131287
0.131122
0.130792
0.130297
0.129619
0.128755
0.127705
0.126444
0.124968
0.123267
0.121325
0.119129
0.116663
0.113911
0.110836
0.107423
0.103632
0.099418
0.000000
0.000000
0.098328
0.102102
0.105483
0.108515
0.111223
0.113637
0.115773
0.117649
0.119281
0.120683
0.121870
0.122835
0.123605
0.124176
0.124549
0.124736
0.124736
0.124549
0.124176
0.123605
0.122835
0.121870
0.120683
0.119281
0.117649
0.115773
0.113637
0.111223
0.108515
0.105483
0.102102
0.098328
0.000000
0.000000
0.185122
0.185757
0.000000
0.000000
0.000000
0.099279
0.102281
0.104944
0.107300
0.109369
0.111167
0.112711
0.114018
0.115082
0.115934
0.116559
0.116975
0.117183
0.117183
0.116975
0.116559
0.115934
0.115082
0.114018
0.112711
0.111167
0.109369
0.107300
0.104944
0.102281
0.099279
0.000000
0.000000
0.000000
0.185757
0.185122
0.183548
0.184290
0.184888
0.185448
0.185971
0.000000
0.000000
0.000000
0.000000
0.099978
0.101975
0.103683
0.105122
0.106309
0.107242
0.107942
0.108400
0.108628
0.108628
0.108400
0.107942
0.107242
0.106309
0.105122
0.103683
0.101975
0.099978
0.000000
0.000000
0.000000
0.000000
0.185971
0.185448
0.184888
0.184290
0.183548
0.181498
0.182407
0.183191
0.183926
0.184467
0.184952
0.185401
0.185812
0.000000
0.000000
0.000000
0.000000
0.000000
0.000000
0.000000
0.098128
0.098639
0.098894
0.098894
0.098639
0.098128
0.000000
0.000000
0.000000
0.000000
0.000000
0.000000
0.000000
0.185812
0.185401
0.184952
0.184467
0.183926
0.183191
0.182407
0.181498
0.179002
0.180098
0.181021
0.181885
0.182589
0.183226
0.183814
0.184270
0.184643
0.184980
0.185279
0.185540
0.185765
0.185952
0.000000
0.000000
0.000000
0.000000
0.000000
0.000000
0.000000
0.000000
0.185952
0.185765
0.185540
0.185279
0.184980
0.184643
0.184270
0.183814
0.183226
0.182589
0.181885
0.181021
0.180098
0.179002
0.176048
0.177280
0.178396
0.179375
0.180255
0.181005
0.181697
0.182281
0.182772
0.183213
0.183605
0.183949
0.184185
0.184372
0.184522
0.184634
0.184709
0.184746
0.184746
0.184709
0.184634
0.184522
0.184372
0.184185
0.183949
0.183605
0.183213
0.182772
0.182281
0.181697
0.181005
0.180255
0.179375
0.178396
0.177280
0.176048
0.172511
0.173963
0.175236
0.176389
0.177404
0.178312
0.179096
0.179814
0.180412
0.180931
0.181393
0.181797
0.182121
0.182367
0.182563
0.182710
0.182808
0.182857
0.182857
0.182808
0.182710
0.182563
0.182367
0.182121
0.181797
0.181393
0.180931
0.180412
0.179814
0.179096
0.178312
0.177404
0.176389
0.175236
0.173963
0.172511
0.168496
0.170076
0.171520
0.172827
0.174022
0.175054
0.176006
0.176804
0.177529
0.178164
0.178686
0.179143
0.179535
0.179862
0.180109
0.180282
0.180397
0.180455
0.180455
0.180397
0.180282
0.180109
0.179862
0.179535
0.179143
0.178686
0.178164
0.177529
0.176804
0.176006
0.175054
0.174022
0.172827
0.171520
0.170076
0.168496
0.164282
0.165848
0.167345
0.168747
0.170050
0.171223
0.172290
0.173230
0.174079
0.174794
0.175429
0.175985
0.176422
0.176785
0.177075
0.177292
0.177437
0.177510
0.177510
0.177437
0.177292
0.177075
0.176785
0.176422
0.175985
0.175429
0.174794
0.174079
0.173230
0.172290
0.171223
0.170050
0.168747
0.167345
0.165848
0.164282
0.160277
0.161696
0.163094
0.164438
0.165728
0.166942
0.168068
0.169093
0.170024
0.170836
0.171559
0.172181
0.172694
0.173121
0.173463
0.173720
0.173891
0.173977
0.173977
0.173891
0.173720
0.173463
0.173121
0.172694
0.172181
0.171559
0.170836
0.170024
0.169093
0.168068
0.166942
0.165728
0.164438
0.163094
0.161696
0.160277
0.156648
0.157897
0.159141
0.160335
0.161504
0.162625
0.163686
0.164687
0.165609
0.166446
0.167197
0.167854
0.168414
0.168880
0.169253
0.169533
0.169719
0.169813
0.169813
0.169719
0.169533
0.169253
0.168880
0.168414
0.167854
0.167197
0.166446
0.165609
0.164687
0.163686
0.162625
0.161504
0.160335
0.159141
0.157897
0.156648
0.153231
0.154416
0.155542
0.156625
0.157654
0.158648
0.159586
0.160477
0.161312
0.162068
0.162776
0.163396
0.163927
0.164385
0.164753
0.165030
0.165214
0.165307
0.165307
0.165214
0.165030
0.164753
0.164385
0.163927
0.163396
0.162776
0.162068
0.161312
0.160477
0.159586
0.158648
0.157654
0.156625
0.155542
0.154416
0.153231
0.149741
0.150963
0.152097
0.153139
0.154113
0.155028
0.155873
0.156676
0.157411
0.158078
0.158703
0.159251
0.159720
0.160119
0.160453
0.160704
0.160871
0.160954
0.160954
0.160871
0.160704
0.160453
0.160119
0.159720
0.159251
0.158703
0.158078
0.157411
0.156676
0.155873
0.155028
0.154113
0.153139
0.152097
0.150963
0.149741
0.145750
0.147166
0.148437
0.149566
0.150585
0.151509
0.152353
0.153118
0.153812
0.154443
0.155007
0.155500
0.155922
0.156286
0.156581
0.156801
0.156948
0.157022
0.157022
0.156948
0.156801
0.156581
0.156286
0.155922
0.155500
0.155007
0.154443
0.153812
0.153118
0.152353
0.151509
0.150585
0.149566
0.148437
0.147166
0.145750
0.140637
0.142486
0.144089
0.145448
0.146648
0.147713
0.148639
0.149467
0.150208
0.150847
0.151416
0.151914
0.152332
0.152680
0.152958
0.153166
0.153305
0.153375
0.153375
0.153305
0.153166
0.152958
0.152680
0.152332
0.151914
0.151416
0.150847
0.150208
0.149467
0.148639
0.147713
0.146648
0.145448
0.144089
0.142486
0.140637
0.133710
0.136187
0.138315
0.140152
0.141719
0.143058
0.144241
0.145238
0.146130
0.146868
0.147523
0.148089
0.148541
0.148917
0.149218
0.149444
0.149595
0.149670
0.149670
0.149595
0.149444
0.149218
0.148917
0.148541
0.148089
0.147523
0.146868
0.146130
0.145238
0.144241
0.143058
0.141719
0.140152
0.138315
0.136187
0.133710
0.124616
0.127716
0.130463
0.132879
0.134988
0.136816
0.138397
0.139756
0.140899
0.141907
0.142723
0.143429
0.144031
0.144484
0.144847
0.145119
0.145300
0.145391
0.145391
0.145300
0.145119
0.144847
0.144484
0.144031
0.143429
0.142723
0.141907
0.140899
0.139756
0.138397
0.136816
0.134988
0.132879
0.130463
0.127716
0.124616
0.113678
0.117261
0.120501
0.123418
0.126038
0.128358
0.130407
0.132205
0.133760
0.135086
0.136233
0.137177
0.137986
0.138605
0.139099
0.139470
0.139717
0.139840
0.139840
0.139717
0.139470
0.139099
0.138605
0.137986
0.137177
0.136233
0.135086
0.133760
0.132205
0.130407
0.128358
0.126038
0.123418
0.120501
0.117261
0.113678
0.100857
0.104994
0.108720
0.112080
0.115095
0.117810
0.120236
0.122394
0.124302
0.125976
0.127414
0.128645
0.129680
0.130518
0.131176
0.131670
0.131999
0.132154
0.132154
0.131999
0.131670
0.131176
0.130518
0.129680
0.128645
0.127414
0.125976
0.124302
0.122394
0.120236
0.117810
0.115095
0.112080
0.108720
0.104994
0.100857
0.000000
0.000000
0.000000
0.098750
0.102253
0.105384
0.108185
0.110671
0.112874
0.114810
0.116496
0.117947
0.119162
0.120170
0.120959
0.121550
0.121945
0.122138
0.122138
0.121945
0.121550
0.120959
0.120170
0.119162
0.117947
0.116496
0.114810
0.112874
0.110671
0.108185
0.105384
0.102253
0.098750
0.000000
0.000000
0.000000
0.183898
0.184555
0.185151
0.185710
0.000000
0.000000
0.000000
0.000000
0.099423
0.101674
0.103628
0.105302
0.106713
0.107877
0.108790
0.109472
0.109927
0.110151
0.110151
0.109927
0.109472
0.108790
0.107877
0.106713
0.105302
0.103628
0.101674
0.099423
0.000000
0.000000
0.000000
0.000000
0.185710
0.185151
0.184555
0.183898
0.180877
0.181854
0.182658
0.183391
0.184057
0.184541
0.184988
0.185398
0.185771
0.000000
0.000000
0.000000
0.000000
0.000000
0.000000
0.000000
0.000000
0.000000
0.000000
0.000000
0.000000
0.000000
0.000000
0.000000
0.000000
0.000000
0.000000
0.185771
0.185398
0.184988
0.184541
0.184057
0.183391
0.182658
0.181854
0.180877
0.177034
0.178236
0.179277
0.180223
0.181028
0.181775
0.182395
0.182933
0.183421
0.183861
0.184192
0.184453
0.184677
0.184863
0.185012
0.185124
0.185198
0.185236
0.185236
0.185198
0.185124
0.185012
0.184863
0.184677
0.184453
0.184192
0.183861
0.183421
0.182933
0.182395
0.181775
0.181028
0.180223
0.179277
0.178236
0.177034
0.172228
0.173676
0.174965
0.176138
0.177150
0.178081
0.178861
0.179577
0.180201
0.180718
0.181178
0.181581
0.181926
0.182181
0.182377
0.182524
0.182621
0.182670
0.182670
0.182621
0.182524
0.182377
0.182181
0.181926
0.181581
0.181178
0.180718
0.180201
0.179577
0.178861
0.178081
0.177150
0.176138
0.174965
0.173676
0.172228
0.166604
0.168192
0.169677
0.171036
0.172279
0.173387
0.174380
0.175250
0.176038
0.176689
0.177267
0.177773
0.178186
0.178511
0.178772
0.178967
0.179097
0.179162
0.179162
0.179097
0.178967
0.178772
0.178511
0.178186
0.177773
0.177267
0.176689
0.176038
0.175250
0.174380
0.173387
0.172279
0.171036
0.169677
0.168192
0.166604
0.161046
0.162487
0.163897
0.165270
0.166566
0.167781
0.168897
0.169918
0.170820
0.171630
0.172331
0.172927
0.173439
0.173865
0.174191
0.174428
0.174587
0.174666
0.174666
0.174587
0.174428
0.174191
0.173865
0.173439
0.172927
0.172331
0.171630
0.170820
0.169918
0.168897
0.167781
0.166566
0.165270
0.163897
0.162487
0.161046
0.156157
0.157402
0.158610
0.159778
0.160927
0.162010
0.163068
0.164039
0.164957
0.165784
0.166528
0.167183
0.167744
0.168210
0.168581
0.168860
0.169046
0.169139
0.169139
0.169046
0.168860
0.168581
0.168210
0.167744
0.167183
0.166528
0.165784
0.164957
0.164039
0.163068
0.162010
0.160927
0.159778
0.158610
0.157402
0.156157
0.151656
0.152840
0.153947
0.154998
0.155980
0.156931
0.157810
0.158655
0.159434
0.160144
0.160810
0.161393
0.161892
0.162326
0.162679
0.162944
0.163120
0.163208
0.163208
0.163120
0.162944
0.162679
0.162326
0.161892
0.161393
0.160810
0.160144
0.159434
0.158655
0.157810
0.156931
0.155980
0.154998
0.153947
0.152840
0.151656
0.146747
0.148123
0.149322
0.150422
0.151413
0.152325
0.153156
0.153917
0.154617
0.155248
0.155810
0.156314
0.156754
0.157120
0.157413
0.157633
0.157779
0.157853
0.157853
0.157779
0.157633
0.157413
0.157120
0.156754
0.156314
0.155810
0.155248
0.154617
0.153917
0.153156
0.152325
0.151413
0.150422
0.149322
0.148123
0.146747
0.140304
0.142180
0.143786
0.145162
0.146384
0.147445
0.148390
0.149214
0.149964
0.150603
0.151170
0.151665
0.152088
0.152434
0.152711
0.152919
0.153057
0.153126
0.153126
0.153057
0.152919
0.152711
0.152434
0.152088
0.151665
0.151170
0.150603
0.149964
0.149214
0.148390
0.147445
0.146384
0.145162
0.143786
0.142180
0.140304
0.130876
0.133569
0.135916
0.137936
0.139663
0.141145
0.142435
0.143540
0.144489
0.145302
0.146022
0.146593
0.147082
0.147491
0.147817
0.148057
0.148207
0.148282
0.148282
0.148207
0.148057
0.147817
0.147491
0.147082
0.146593
0.146022
0.145302
0.144489
0.143540
0.142435
0.141145
0.139663
0.137936
0.135916
0.133569
0.130876
