0.149799
0.150807
0.151746
0.152612
0.153414
0.154162
0.154859
0.155499
0.156084
0.156630
0.157116
0.157541
0.157905
0.158222
0.158480
0.158674
0.158803
0.158867
0.158867
0.158803
0.158674
0.158480
0.158222
0.157905
0.157541
0.157116
0.156630
0.156084
0.155499
0.154859
0.154162
0.153414
0.152612
0.151746
0.150807
0.149799
0.153730
0.154714
0.155645
0.156540
0.157390
0.158191
0.158966
0.159676
0.160344
0.160965
0.161517
0.162000
0.162438
0.162804
0.163096
0.163316
0.163462
0.163535
0.163535
0.163462
0.163316
0.163096
0.162804
0.162438
0.162000
0.161517
0.160965
0.160344
0.159676
0.158966
0.158191
0.157390
0.156540
0.155645
0.154714
0.153730
0.157665
0.158742
0.159775
0.160795
0.161761
0.162698
0.163575
0.164395
0.165157
0.165843
0.166460
0.167003
0.167468
0.167856
0.168165
0.168396
0.168550
0.168627
0.168627
0.168550
0.168396
0.168165
0.167856
0.167468
0.167003
0.166460
0.165843
0.165157
0.164395
0.163575
0.162698
0.161761
0.160795
0.159775
0.158742
0.157665
0.162007
0.163251
0.164438
0.165581
0.166660
0.167668
0.168595
0.169442
0.170206
0.170878
0.171475
0.171998
0.172422
0.172775
0.173058
0.173270
0.173412
0.173483
0.173483
0.173412
0.173270
0.173058
0.172775
0.172422
0.171998
0.171475
0.170878
0.170206
0.169442
0.168595
0.167668
0.166660
0.165581
0.164438
0.163251
0.162007
0.166860
0.168178
0.169411
0.170549
0.171594
0.172535
0.173384
0.174150
0.174807
0.175398
0.175924
0.176351
0.176711
0.177011
0.177251
0.177431
0.177551
0.177611
0.177611
0.177551
0.177431
0.177251
0.177011
0.176711
0.176351
0.175924
0.175398
0.174807
0.174150
0.173384
0.172535
0.171594
0.170549
0.169411
0.168178
0.166860
0.171714
0.172932
0.174060
0.175045
0.175965
0.176748
0.177469
0.178116
0.178656
0.179143
0.179575
0.179953
0.180245
0.180484
0.180675
0.180818
0.180914
0.180961
0.180961
0.180914
0.180818
0.180675
0.180484
0.180245
0.179953
0.179575
0.179143
0.178656
0.178116
0.177469
0.176748
0.175965
0.175045
0.174060
0.172932
0.171714
0.176006
0.177027
0.177988
0.178799
0.179556
0.180229
0.180802
0.181327
0.181805
0.182200
0.182524
0.182809
0.183052
0.183256
0.183418
0.183540
0.183621
0.183662
0.183662
0.183621
0.183540
0.183418
0.183256
0.183052
0.182809
0.182524
0.182200
0.181805
0.181327
0.180802
0.180229
0.179556
0.178799
0.177988
0.177027
0.176006
0.179538
0.180404
0.181168
0.181885
0.182471
0.182999
0.183486
0.183933
0.184259
0.184537
0.184785
0.185002
0.185188
0.185343
0.185467
0.185559
0.185621
0.185652
0.185652
0.185621
0.185559
0.185467
0.185343
0.185188
0.185002
0.184785
0.184537
0.184259
0.183933
0.183486
0.182999
0.182471
0.181885
0.181168
0.180404
0.179538
0.182417
0.183108
0.183758
0.184280
0.184714
0.185117
0.185489
0.185829
0.000000
0.000000
0.000000
0.000000
0.000000
0.000000
0.000000
0.000000
0.000000
0.000000
0.000000
0.000000
0.000000
0.000000
0.000000
0.000000
0.000000
0.000000
0.000000
0.000000
0.185829
0.185489
0.185117
0.184714
0.184280
0.183758
0.183108
0.182417
0.184643
0.185170
0.185666
0.000000
0.000000
0.000000
0.000000
0.000000
0.099733
0.101602
0.103230
0.104632
0.105820
0.106792
0.107566
0.108144
0.108522
0.108712
0.108712
0.108522
0.108144
0.107566
0.106792
0.105820
0.104632
0.103230
0.101602
0.099733
0.000000
0.000000
0.000000
0.000000
0.000000
0.185666
0.185170
0.184643
0.000000
0.000000
0.000000
0.099469
0.102370
0.104980
0.107326
0.109423
0.111287
0.112930
0.114368
0.115605
0.116649
0.117512
0.118197
0.118702
0.119039
0.119208
0.119208
0.119039
0.118702
0.118197
0.117512
0.116649
0.115605
0.114368
0.112930
0.111287
0.109423
0.107326
0.104980
0.102370
0.099469
0.000000
0.000000
0.000000
0.101501
0.104934
0.108055
0.110875
0.113432
0.115743
0.117820
0.119677
0.121327
0.122783
0.124059
0.125143
0.126070
0.126818
0.127416
0.127865
0.128158
0.128301
0.128301
0.128158
0.127865
0.127416
0.126818
0.126070
0.125143
0.124059
0.122783
0.121327
0.119677
0.117820
0.115743
0.113432
0.110875
0.108055
0.104934
0.101501
0.112489
0.115529
0.118295
0.120801
0.123071
0.125113
0.126939
0.128562
0.129999
0.131232
0.132311
0.133218
0.133995
0.134602
0.135087
0.135451
0.135694
0.135815
0.135815
0.135694
0.135451
0.135087
0.134602
0.133995
0.133218
0.132311
0.131232
0.129999
0.128562
0.126939
0.125113
0.123071
0.120801
0.118295
0.115529
0.112489
0.122082
0.124774
0.127211
0.129398
0.131345
0.133066
0.134582
0.135917
0.137047
0.138053
0.138877
0.139598
0.140195
0.140662
0.141036
0.141316
0.141503
0.141596
0.141596
0.141503
0.141316
0.141036
0.140662
0.140195
0.139598
0.138877
0.138053
0.137047
0.135917
0.134582
0.133066
0.131345
0.129398
0.127211
0.124774
0.122082
0.130363
0.132656
0.134684
0.136468
0.138038
0.139377
0.140556
0.141583
0.142465
0.143222
0.143895
0.144435
0.144888
0.145266
0.145568
0.145795
0.145946
0.146020
0.146020
0.145946
0.145795
0.145568
0.145266
0.144888
0.144435
0.143895
0.143222
0.142465
0.141583
0.140556
0.139377
0.138038
0.136468
0.134684
0.132656
0.130363
0.137126
0.138951
0.140543
0.141944
0.143128
0.144199
0.145106
0.145937
0.146627
0.147242
0.147789
0.148246
0.148622
0.148936
0.149188
0.149376
0.149502
0.149565
0.149565
0.149502
0.149376
0.149188
0.148936
0.148622
0.148246
0.147789
0.147242
0.146627
0.145937
0.145106
0.144199
0.143128
0.141944
0.140543
0.138951
0.137126
0.142361
0.143791
0.145022
0.146141
0.147098
0.147987
0.148742
0.149433
0.150058
0.150592
0.151066
0.151482
0.151837
0.152131
0.152363
0.152537
0.152653
0.152711
0.152711
0.152653
0.152537
0.152363
0.152131
0.151837
0.151482
0.151066
0.150592
0.150058
0.149433
0.148742
0.147987
0.147098
0.146141
0.145022
0.143791
0.142361
0.146408
0.147571
0.148611
0.149554
0.150409
0.151181
0.151893
0.152533
0.153113
0.153635
0.154100
0.154512
0.154865
0.155159
0.155394
0.155570
0.155688
0.155747
0.155747
0.155688
0.155570
0.155394
0.155159
0.154865
0.154512
0.154100
0.153635
0.153113
0.152533
0.151893
0.151181
0.150409
0.149554
0.148611
0.147571
0.146408
0.149738
0.150761
0.151711
0.152588
0.153400
0.154156
0.154862
0.155509
0.156101
0.156654
0.157146
0.157576
0.157944
0.158267
0.158529
0.158725
0.158855
0.158921
0.158921
0.158855
0.158725
0.158529
0.158267
0.157944
0.157576
0.157146
0.156654
0.156101
0.155509
0.154862
0.154156
0.153400
0.152588
0.151711
0.150761
0.149738
0.152701
0.153687
0.154624
0.155507
0.156345
0.157144
0.157881
0.158593
0.159246
0.159834
0.160381
0.160870
0.161289
0.161638
0.161917
0.162134
0.162282
0.162356
0.162356
0.162282
0.162134
0.161917
0.161638
0.161289
0.160870
0.160381
0.159834
0.159246
0.158593
0.157881
0.157144
0.156345
0.155507
0.154624
0.153687
0.152701
0.155564
0.156590
0.157573
0.158526
0.159442
0.160311
0.161149
0.161917
0.162652
0.163318
0.163910
0.164446
0.164908
0.165294
0.165602
0.165833
0.165988
0.166066
0.166066
0.165988
0.165833
0.165602
0.165294
0.164908
0.164446
0.163910
0.163318
0.162652
0.161917
0.161149
0.160311
0.159442
0.158526
0.157573
0.156590
0.155564
0.158526
0.159638
0.160731
0.161778
0.162801
0.163764
0.164679
0.165527
0.166303
0.167010
0.167638
0.168186
0.168654
0.169043
0.169355
0.169589
0.169745
0.169823
0.169823
0.169745
0.169589
0.169355
0.169043
0.168654
0.168186
0.167638
0.167010
0.166303
0.165527
0.164679
0.163764
0.162801
0.161778
0.160731
0.159638
0.158526
0.161710
0.162951
0.164141
0.165298
0.166385
0.167405
0.168345
0.169203
0.169983
0.170663
0.171267
0.171796
0.172237
0.172594
0.172881
0.173095
0.173238
0.173310
0.173310
0.173238
0.173095
0.172881
0.172594
0.172237
0.171796
0.171267
0.170663
0.169983
0.169203
0.168345
0.167405
0.166385
0.165298
0.164141
0.162951
0.161710
0.165147
0.166467
0.167723
0.168895
0.169987
0.170970
0.171877
0.172671
0.173387
0.174029
0.174561
0.175026
0.175425
0.175757
0.176021
0.176204
0.176325
0.176386
0.176386
0.176325
0.176204
0.176021
0.175757
0.175425
0.175026
0.174561
0.174029
0.173387
0.172671
0.171877
0.170970
0.169987
0.168895
0.167723
0.166467
0.165147
0.168666
0.169992
0.171202
0.172318
0.173321
0.174234
0.175032
0.175763
0.176391
0.176938
0.177424
0.177850
0.178193
0.178466
0.178685
0.178849
0.178958
0.179013
0.179013
0.178958
0.178849
0.178685
0.178466
0.178193
0.177850
0.177424
0.176938
0.176391
0.175763
0.175032
0.174234
0.173321
0.172318
0.171202
0.169992
0.168666
0.172038
0.173256
0.174373
0.175371
0.176276
0.177066
0.177795
0.178418
0.178965
0.179457
0.179895
0.180245
0.180535
0.180777
0.180970
0.181115
0.181212
0.181260
0.181260
0.181212
0.181115
0.180970
0.180777
0.180535
0.180245
0.179895
0.179457
0.178965
0.178418
0.177795
0.177066
0.176276
0.175371
0.174373
0.173256
0.172038
0.175045
0.176161
0.177134
0.178041
0.178807
0.179519
0.180155
0.180687
0.181170
0.181606
0.181992
0.182281
0.182528
0.182734
0.182898
0.183021
0.183104
0.183145
0.183145
0.183104
0.183021
0.182898
0.182734
0.182528
0.182281
0.181992
0.181606
0.181170
0.180687
0.180155
0.179519
0.178807
0.178041
0.177134
0.176161
0.175045
0.177689
0.178650
0.179526
0.180307
0.180984
0.181613
0.182164
0.182617
0.183028
0.183398
0.183727
0.184012
0.184200
0.184356
0.184482
0.184576
0.184639
0.184670
0.184670
0.184639
0.184576
0.184482
0.184356
0.184200
0.184012
0.183727
0.183398
0.183028
0.182617
0.182164
0.181613
0.180984
0.180307
0.179526
0.178650
0.177689
0.179972
0.180798
0.181572
0.182253
0.182829
0.183364
0.183858
0.184236
0.184550
0.184832
0.185083
0.185303
0.185491
0.185648
0.185773
0.185867
0.185930
0.185961
0.185961
0.185930
0.185867
0.185773
0.185648
0.185491
0.185303
0.185083
0.184832
0.184550
0.184236
0.183858
0.183364
0.182829
0.182253
0.181572
0.180798
0.179972
0.181919
0.182630
0.183289
0.183906
0.184368
0.184775
0.185152
0.185497
0.185811
0.000000
0.000000
0.000000
0.000000
0.000000
0.000000
0.000000
0.000000
0.000000
0.000000
0.000000
0.000000
0.000000
0.000000
0.000000
0.000000
0.000000
0.000000
0.185811
0.185497
0.185152
0.184775
0.184368
0.183906
0.183289
0.182630
0.181919
0.183544
0.184186
0.184688
0.185158
0.185598
0.000000
0.000000
0.000000
0.000000
0.000000
0.000000
0.098399
0.099684
0.100739
0.101577
0.102202
0.102612
0.102817
0.102817
0.102612
0.102202
0.101577
0.100739
0.099684
0.098399
0.000000
0.000000
0.000000
0.000000
0.000000
0.000000
0.185598
0.185158
0.184688
0.184186
0.183544
0.184851
0.185385
0.185887
0.000000
0.000000
0.000000
0.000000
0.099306
0.101418
0.103276
0.104896
0.106293
0.107470
0.108440
0.109207
0.109782
0.110162
0.110349
0.110349
0.110162
0.109782
0.109207
0.108440
0.107470
0.106293
0.104896
0.103276
0.101418
0.099306
0.000000
0.000000
0.000000
0.000000
0.185887
0.185385
0.184851
0.000000
0.000000
0.000000
0.000000
0.099573
0.102301
0.104746
0.106931
0.108873
0.110585
0.112082
0.113364
0.114453
0.115348
0.116062
0.116586
0.116936
0.117111
0.117111
0.116936
0.116586
0.116062
0.115348
0.114453
0.113364
0.112082
0.110585
0.108873
0.106931
0.104746
0.102301
0.099573
0.000000
0.000000
0.000000
0.000000
0.000000
0.000000
0.101104
0.104197
0.106983
0.109499
0.111760
0.113781
0.115576
0.117160
0.118545
0.119739
0.120744
0.121575
0.122234
0.122720
0.123043
0.123205
0.123205
0.123043
0.122720
0.122234
0.121575
0.120744
0.119739
0.118545
0.117160
0.115576
0.113781
0.111760
0.109499
0.106983
0.104197
0.101104
0.000000
0.000000
0.101580
0.105054
0.108210
0.111063
0.113650
0.115986
0.118082
0.119960
0.121625
0.123092
0.124375
0.125473
0.126401
0.127159
0.127765
0.128211
0.128502
0.128648
0.128648
0.128502
0.128211
0.127765
0.127159
0.126401
0.125473
0.124375
0.123092
0.121625
0.119960
0.118082
0.115986
0.113650
0.111063
0.108210
0.105054
0.101580
0.108457
0.111680
0.114606
0.117262
0.119670
0.121842
0.123789
0.125522
0.127055
0.128403
0.129568
0.130560
0.131393
0.132083
0.132608
0.133002
0.133264
0.133396
0.133396
0.133264
0.133002
0.132608
0.132083
0.131393
0.130560
0.129568
0.128403
0.127055
0.125522
0.123789
0.121842
0.119670
0.117262
0.114606
0.111680
0.108457
0.114661
0.117666
0.120397
0.122869
0.125102
0.127104
0.128887
0.130467
0.131856
0.133046
0.134090
0.134951
0.135689
0.136281
0.136737
0.137078
0.137306
0.137420
0.137420
0.137306
0.137078
0.136737
0.136281
0.135689
0.134951
0.134090
0.133046
0.131856
0.130467
0.128887
0.127104
0.125102
0.122869
0.120397
0.117666
0.114661
0.120284
0.123084
0.125625
0.127913
0.129957
0.131765
0.133354
0.134748
0.135978
0.137005
0.137916
0.138654
0.139280
0.139802
0.140199
0.140483
0.140672
0.140766
0.140766
0.140672
0.140483
0.140199
0.139802
0.139280
0.138654
0.137916
0.137005
0.135978
0.134748
0.133354
0.131765
0.129957
0.127913
0.125625
0.123084
0.120284
0.125365
0.127966
0.130285
0.132350
0.134177
0.135777
0.137160
0.138379
0.139423
0.140329
0.141086
0.141748
0.142285
0.142711
0.143052
0.143308
0.143478
0.143564
0.143564
0.143478
0.143308
0.143052
0.142711
0.142285
0.141748
0.141086
0.140329
0.139423
0.138379
0.137160
0.135777
0.134177
0.132350
0.130285
0.127966
0.125365
0.129914
0.132266
0.134346
0.136177
0.137773
0.139149
0.140365
0.141406
0.142318
0.143085
0.143768
0.144327
0.144787
0.145170
0.145477
0.145707
0.145860
0.145936
0.145936
0.145860
0.145707
0.145477
0.145170
0.144787
0.144327
0.143768
0.143085
0.142318
0.141406
0.140365
0.139149
0.137773
0.136177
0.134346
0.132266
0.129914
0.133893
0.135992
0.137817
0.139399
0.140781
0.142011
0.143034
0.143972
0.144742
0.145431
0.146040
0.146525
0.146941
0.147288
0.147565
0.147773
0.147911
0.147980
0.147980
0.147911
0.147773
0.147565
0.147288
0.146941
0.146525
0.146040
0.145431
0.144742
0.143972
0.143034
0.142011
0.140781
0.139399
0.137817
0.135992
0.133893
0.137292
0.139127
0.140724
0.142131
0.143325
0.144390
0.145310
0.146139
0.146832
0.147456
0.148009
0.148455
0.148837
0.149156
0.149411
0.149602
0.149729
0.149793
0.149793
0.149729
0.149602
0.149411
0.149156
0.148837
0.148455
0.148009
0.147456
0.146832
0.146139
0.145310
0.144390
0.143325
0.142131
0.140724
0.139127
0.137292
0.140195
0.141806
0.143191
0.144423
0.145496
0.146446
0.147278
0.148037
0.148674
0.149248
0.149757
0.150192
0.150553
0.150854
0.151094
0.151275
0.151395
0.151455
0.151455
0.151395
0.151275
0.151094
0.150854
0.150553
0.150192
0.149757
0.149248
0.148674
0.148037
0.147278
0.146446
0.145496
0.144423
0.143191
0.141806
0.140195
0.142630
0.144073
0.145300
0.146407
0.147378
0.148257
0.149022
0.149723
0.150340
0.150881
0.151363
0.151784
0.152142
0.152436
0.152671
0.152848
0.152965
0.153024
0.153024
0.152965
0.152848
0.152671
0.152436
0.152142
0.151784
0.151363
0.150881
0.150340
0.149723
0.149022
0.148257
0.147378
0.146407
0.145300
0.144073
0.142630
0.144721
0.146022
0.147132
0.148159
0.149051
0.149880
0.150609
0.151271
0.151873
0.152405
0.152876
0.153288
0.153641
0.153935
0.154173
0.154352
0.154471
0.154530
0.154530
0.154471
0.154352
0.154173
0.153935
0.153641
0.153288
0.152876
0.152405
0.151873
0.151271
0.150609
0.149880
0.149051
0.148159
0.147132
0.146022
0.144721
0.146540
0.147720
0.148762
0.149719
0.150577
0.151360
0.152081
0.152728
0.153317
0.153846
0.154321
0.154739
0.155097
0.155395
0.155634
0.155813
0.155932
0.155992
0.155992
0.155932
0.155813
0.155634
0.155395
0.155097
0.154739
0.154321
0.153846
0.153317
0.152728
0.152081
0.151360
0.150577
0.149719
0.148762
0.147720
0.146540
0.148155
0.149240
0.150246
0.151149
0.151992
0.152757
0.153464
0.154113
0.154710
0.155247
0.155724
0.156148
0.156522
0.156834
0.157083
0.157270
0.157395
0.157457
0.157457
0.157395
0.157270
0.157083
0.156834
0.156522
0.156148
0.155724
0.155247
0.154710
0.154113
0.153464
0.152757
0.151992
0.151149
0.150246
0.149240
0.148155
0.149590
0.150637
0.151601
0.152493
0.153317
0.154084
0.154800
0.155457
0.156056
0.156617
0.157116
0.157552
0.157927
0.158253
0.158519
0.158718
0.158850
0.158916
0.158916
0.158850
0.158718
0.158519
0.158253
0.157927
0.157552
0.157116
0.156617
0.156056
0.155457
0.154800
0.154084
0.153317
0.152493
0.151601
0.150637
0.149590
0.150909
0.151933
0.152877
0.153760
0.154593
0.155369
0.156089
0.156775
0.157399
0.157960
0.158488
0.158953
0.159351
0.159682
0.159948
0.160157
0.160298
0.160369
0.160369
0.160298
0.160157
0.159948
0.159682
0.159351
0.158953
0.158488
0.157960
0.157399
0.156775
0.156089
0.155369
0.154593
0.153760
0.152877
0.151933
0.150909
0.152142
0.153144
0.154087
0.154983
0.155819
0.156622
0.157371
0.158061
0.158724
0.159321
0.159852
0.160338
0.160763
0.161118
0.161401
0.161614
0.161756
0.161826
0.161826
0.161756
0.161614
0.161401
0.161118
0.160763
0.160338
0.159852
0.159321
0.158724
0.158061
0.157371
0.156622
0.155819
0.154983
0.154087
0.153144
0.152142
0.153293
0.154299
0.155255
0.156158
0.157031
0.157842
0.158629
0.159359
0.160024
0.160662
0.161229
0.161725
0.162160
0.162535
0.162836
0.163061
0.163212
0.163287
0.163287
0.163212
0.163061
0.162836
0.162535
0.162160
0.161725
0.161229
0.160662
0.160024
0.159359
0.158629
0.157842
0.157031
0.156158
0.155255
0.154299
0.153293
0.154392
0.155408
0.156380
0.157316
0.158202
0.159065
0.159862
0.160632
0.161342
0.161980
0.162580
0.163106
0.163557
0.163932
0.164243
0.164477
0.164634
0.164712
0.164712
0.164634
0.164477
0.164243
0.163932
0.163557
0.163106
0.162580
0.161980
0.161342
0.160632
0.159862
0.159065
0.158202
0.157316
0.156380
0.155408
0.154392
0.155442
0.156478
0.157477
0.158440
0.159370
0.160249
0.161100
0.161880
0.162625
0.163301
0.163902
0.164446
0.164916
0.165308
0.165621
0.165856
0.166012
0.166092
0.166092
0.166012
0.165856
0.165621
0.165308
0.164916
0.164446
0.163902
0.163301
0.162625
0.161880
0.161100
0.160249
0.159370
0.158440
0.157477
0.156478
0.155442
0.156453
0.157514
0.158546
0.159542
0.160504
0.161427
0.162295
0.163122
0.163873
0.164573
0.165199
0.165748
0.166221
0.166620
0.166939
0.167178
0.167338
0.167417
0.167417
0.167338
0.167178
0.166939
0.166620
0.166221
0.165748
0.165199
0.164573
0.163873
0.163122
0.162295
0.161427
0.160504
0.159542
0.158546
0.157514
0.156453
0.157427
0.158520
0.159583
0.160619
0.161612
0.162567
0.163469
0.164309
0.165092
0.165797
0.166431
0.166989
0.167468
0.167867
0.168185
0.168422
0.168581
0.168660
0.168660
0.168581
0.168422
0.168185
0.167867
0.167468
0.166989
0.166431
0.165797
0.165092
0.164309
0.163469
0.162567
0.161612
0.160619
0.159583
0.158520
0.157427
0.158361
0.159491
0.160592
0.161657
0.162689
0.163667
0.164593
0.165455
0.166243
0.166961
0.167599
0.168157
0.168632
0.169028
0.169345
0.169583
0.169741
0.169820
0.169820
0.169741
0.169583
0.169345
0.169028
0.168632
0.168157
0.167599
0.166961
0.166243
0.165455
0.164593
0.163667
0.162689
0.161657
0.160592
0.159491
0.158361
0.159267
0.160424
0.161560
0.162662
0.163715
0.164722
0.165663
0.166535
0.167332
0.168050
0.168684
0.169239
0.169715
0.170107
0.170414
0.170645
0.170798
0.170875
0.170875
0.170798
0.170645
0.170414
0.170107
0.169715
0.169239
0.168684
0.168050
0.167332
0.166535
0.165663
0.164722
0.163715
0.162662
0.161560
0.160424
0.159267
0.160114
0.161321
0.162485
0.163614
0.164695
0.165715
0.166667
0.167545
0.168341
0.169054
0.169689
0.170236
0.170697
0.171081
0.171388
0.171618
0.171772
0.171849
0.171849
0.171772
0.171618
0.171388
0.171081
0.170697
0.170236
0.169689
0.169054
0.168341
0.167545
0.166667
0.165715
0.164695
0.163614
0.162485
0.161321
0.160114
0.160942
0.162158
0.163363
0.164512
0.165610
0.166641
0.167599
0.168474
0.169267
0.169981
0.170596
0.171134
0.171595
0.171979
0.172271
0.172489
0.172635
0.172708
0.172708
0.172635
0.172489
0.172271
0.171979
0.171595
0.171134
0.170596
0.169981
0.169267
0.168474
0.167599
0.166641
0.165610
0.164512
0.163363
0.162158
0.160942
0.161699
0.162962
0.164173
0.165350
0.166456
0.167494
0.168449
0.169322
0.170111
0.170803
0.171418
0.171956
0.172395
0.172759
0.173050
0.173268
0.173414
0.173487
0.173487
0.173414
0.173268
0.173050
0.172759
0.172395
0.171956
0.171418
0.170803
0.170111
0.169322
0.168449
0.167494
0.166456
0.165350
0.164173
0.162962
0.161699
0.162410
0.163691
0.164933
0.166112
0.167230
0.168267
0.169219
0.170089
0.170857
0.171549
0.172156
0.172665
0.173102
0.173466
0.173757
0.173976
0.174113
0.174180
0.174180
0.174113
0.173976
0.173757
0.173466
0.173102
0.172665
0.172156
0.171549
0.170857
0.170089
0.169219
0.168267
0.167230
0.166112
0.164933
0.163691
0.162410
0.163065
0.164360
0.165616
0.166807
0.167926
0.168958
0.169910
0.170759
0.171528
0.172208
0.172791
0.173301
0.173738
0.174094
0.174365
0.174568
0.174703
0.174771
0.174771
0.174703
0.174568
0.174365
0.174094
0.173738
0.173301
0.172791
0.172208
0.171528
0.170759
0.169910
0.168958
0.167926
0.166807
0.165616
0.164360
0.163065
0.163645
0.164965
0.166225
0.167424
0.168539
0.169571
0.170507
0.171353
0.172116
0.172771
0.173354
0.173864
0.174280
0.174618
0.174889
0.175092
0.175227
0.175295
0.175295
0.175227
0.175092
0.174889
0.174618
0.174280
0.173864
0.173354
0.172771
0.172116
0.171353
0.170507
0.169571
0.168539
0.167424
0.166225
0.164965
0.163645
0.164157
0.165492
0.166762
0.167961
0.169073
0.170102
0.171025
0.171871
0.172607
0.173263
0.173846
0.174330
0.174737
0.175075
0.175346
0.175549
0.175684
0.175752
0.175752
0.175684
0.175549
0.175346
0.175075
0.174737
0.174330
0.173846
0.173263
0.172607
0.171871
0.171025
0.170102
0.169073
0.167961
0.166762
0.165492
0.164157
0.164607
0.165942
0.167221
0.168417
0.169529
0.170544
0.171467
0.172297
0.173026
0.173682
0.174246
0.174720
0.175127
0.175465
0.175736
0.175939
0.176068
0.176130
0.176130
0.176068
0.175939
0.175736
0.175465
0.175127
0.174720
0.174246
0.173682
0.173026
0.172297
0.171467
0.170544
0.169529
0.168417
0.167221
0.165942
0.164607
0.164979
0.166320
0.167600
0.168794
0.169907
0.170910
0.171834
0.172645
0.173374
0.174028
0.174569
0.175043
0.175450
0.175788
0.176054
0.176240
0.176363
0.176425
0.176425
0.176363
0.176240
0.176054
0.175788
0.175450
0.175043
0.174569
0.174028
0.173374
0.172645
0.171834
0.170910
0.169907
0.168794
0.167600
0.166320
0.164979
0.165274
0.166620
0.167901
0.169093
0.170199
0.171200
0.172118
0.172920
0.173649
0.174284
0.174826
0.175300
0.175706
0.176041
0.176288
0.176474
0.176598
0.176660
0.176660
0.176598
0.176474
0.176288
0.176041
0.175706
0.175300
0.174826
0.174284
0.173649
0.172920
0.172118
0.171200
0.170199
0.169093
0.167901
0.166620
0.165274
0.165490
0.166842
0.168121
0.169313
0.170413
0.171414
0.172320
0.173123
0.173852
0.174473
0.175015
0.175489
0.175895
0.176214
0.176462
0.176647
0.176771
0.176833
0.176833
0.176771
0.176647
0.176462
0.176214
0.175895
0.175489
0.175015
0.174473
0.173852
0.173123
0.172320
0.171414
0.170413
0.169313
0.168121
0.166842
0.165490
0.165629
0.166984
0.168263
0.169455
0.170550
0.171552
0.172451
0.173254
0.173984
0.174595
0.175137
0.175611
0.176016
0.176326
0.176574
0.176759
0.176883
0.176945
0.176945
0.176883
0.176759
0.176574
0.176326
0.176016
0.175611
0.175137
0.174595
0.173984
0.173254
0.172451
0.171552
0.170550
0.169455
0.168263
0.166984
0.165629
0.165691
0.167046
0.168325
0.169518
0.170612
0.171614
0.172510
0.173313
0.174039
0.174650
0.175192
0.175666
0.176067
0.176376
0.176624
0.176810
0.176934
0.176996
0.176996
0.176934
0.176810
0.176624
0.176376
0.176067
0.175666
0.175192
0.174650
0.174039
0.173313
0.172510
0.171614
0.170612
0.169518
0.168325
0.167046
0.165691
0.165674
0.167030
0.168309
0.169502
0.170597
0.171599
0.172496
0.173299
0.174027
0.174637
0.175180
0.175655
0.176056
0.176366
0.176614
0.176799
0.176923
0.176985
0.176985
0.176923
0.176799
0.176614
0.176366
0.176056
0.175655
0.175180
0.174637
0.174027
0.173299
0.172496
0.171599
0.170597
0.169502
0.168309
0.167030
0.165674
0.165580
0.166934
0.168214
0.169408
0.170506
0.171508
0.172410
0.173213
0.173944
0.174558
0.175101
0.175575
0.175982
0.176294
0.176542
0.176728
0.176851
0.176913
0.176913
0.176851
0.176728
0.176542
0.176294
0.175982
0.175575
0.175101
0.174558
0.173944
0.173213
0.172410
0.171508
0.170506
0.169408
0.168214
0.166934
0.165580
0.165407
0.166759
0.168041
0.169235
0.170338
0.171340
0.172252
0.173055
0.173786
0.174412
0.174954
0.175429
0.175836
0.176160
0.176408
0.176594
0.176718
0.176780
0.176780
0.176718
0.176594
0.176408
0.176160
0.175836
0.175429
0.174954
0.174412
0.173786
0.173055
0.172252
0.171340
0.170338
0.169235
0.168041
0.166759
0.165407
0.165157
0.166504
0.167787
0.168982
0.170094
0.171097
0.172021
0.172825
0.173555
0.174198
0.174741
0.175216
0.175623
0.175962
0.176213
0.176399
0.176523
0.176585
0.176585
0.176523
0.176399
0.176213
0.175962
0.175623
0.175216
0.174741
0.174198
0.173555
0.172825
0.172021
0.171097
0.170094
0.168982
0.167787
0.166504
0.165157
0.164828
0.166170
0.167453
0.168651
0.169766
0.170776
0.171702
0.172522
0.173253
0.173910
0.174460
0.174935
0.175342
0.175682
0.175953
0.176143
0.176267
0.176329
0.176329
0.176267
0.176143
0.175953
0.175682
0.175342
0.174935
0.174460
0.173910
0.173253
0.172522
0.171702
0.170776
0.169766
0.168651
0.167453
0.166170
0.164828
0.164422
0.165761
0.167040
0.168241
0.169356
0.170379
0.171305
0.172146
0.172877
0.173535
0.174111
0.174587
0.174994
0.175334
0.175605
0.175809
0.175945
0.176012
0.176012
0.175945
0.175809
0.175605
0.175334
0.174994
0.174587
0.174111
0.173535
0.172877
0.172146
0.171305
0.170379
0.169356
0.168241
0.167040
0.165761
0.164422
0.163939
0.165276
0.166546
0.167750
0.168867
0.169903
0.170832
0.171681
0.172429
0.173087
0.173672
0.174171
0.174579
0.174918
0.175190
0.175394
0.175529
0.175597
0.175597
0.175529
0.175394
0.175190
0.174918
0.174579
0.174171
0.173672
0.173087
0.172429
0.171681
0.170832
0.169903
0.168867
0.167750
0.166546
0.165276
0.163939
0.163399
0.164713
0.165974
0.167177
0.168299
0.169335
0.170282
0.171131
0.171904
0.172567
0.173152
0.173664
0.174096
0.174435
0.174707
0.174911
0.175047
0.175115
0.175115
0.175047
0.174911
0.174707
0.174435
0.174096
0.173664
0.173152
0.172567
0.171904
0.171131
0.170282
0.169335
0.168299
0.167177
0.165974
0.164713
0.163399
0.162783
0.164072
0.165333
0.166525
0.167649
0.168688
0.169644
0.170505
0.171277
0.171972
0.172559
0.173071
0.173510
0.173876
0.174157
0.174361
0.174496
0.174564
0.174564
0.174496
0.174361
0.174157
0.173876
0.173510
0.173071
0.172559
0.171972
0.171277
0.170505
0.169644
0.168688
0.167649
0.166525
0.165333
0.164072
0.162783
0.162091
0.163378
0.164614
0.165797
0.166917
0.167961
0.168918
0.169795
0.170574
0.171269
0.171887
0.172406
0.172845
0.173211
0.173503
0.173723
0.173869
0.173943
0.173943
0.173869
0.173723
0.173503
0.173211
0.172845
0.172406
0.171887
0.171269
0.170574
0.169795
0.168918
0.167961
0.166917
0.165797
0.164614
0.163378
0.162091
0.161363
0.162612
0.163824
0.164999
0.166106
0.167150
0.168113
0.168990
0.169787
0.170490
0.171108
0.171649
0.172106
0.172472
0.172765
0.172985
0.173131
0.173204
0.173204
0.173131
0.172985
0.172765
0.172472
0.172106
0.171649
0.171108
0.170490
0.169787
0.168990
0.168113
0.167150
0.166106
0.164999
0.163824
0.162612
0.161363
0.160568
0.161784
0.162982
0.164124
0.165228
0.166258
0.167222
0.168105
0.168903
0.169621
0.170251
0.170792
0.171256
0.171643
0.171952
0.172174
0.172320
0.172394
0.172394
0.172320
0.172174
0.171952
0.171643
0.171256
0.170792
0.170251
0.169621
0.168903
0.168105
0.167222
0.166258
0.165228
0.164124
0.162982
0.161784
0.160568
0.159722
0.160918
0.162066
0.163202
0.164274
0.165300
0.166251
0.167135
0.167939
0.168657
0.169296
0.169854
0.170323
0.170709
0.171018
0.171250
0.171405
0.171482
0.171482
0.171405
0.171250
0.171018
0.170709
0.170323
0.169854
0.169296
0.168657
0.167939
0.167135
0.166251
0.165300
0.164274
0.163202
0.162066
0.160918
0.159722
0.158844
0.159983
0.161126
0.162210
0.163271
0.164267
0.165214
0.166084
0.166888
0.167611
0.168252
0.168811
0.169290
0.169689
0.170008
0.170240
0.170395
0.170472
0.170472
0.170395
0.170240
0.170008
0.169689
0.169290
0.168811
0.168252
0.167611
0.166888
0.166084
0.165214
0.164267
0.163271
0.162210
0.161126
0.159983
0.158844
0.157907
0.159039
0.160118
0.161191
0.162204
0.163189
0.164103
0.164972
0.165761
0.166481
0.167124
0.167686
0.168168
0.168567
0.168886
0.169126
0.169285
0.169365
0.169365
0.169285
0.169126
0.168886
0.168567
0.168168
0.167686
0.167124
0.166481
0.165761
0.164972
0.164103
0.163189
0.162204
0.161191
0.160118
0.159039
0.157907
0.156956
0.158029
0.159100
0.160112
0.161114
0.162047
0.162957
0.163791
0.164572
0.165283
0.165915
0.166476
0.166958
0.167360
0.167682
0.167923
0.168084
0.168164
0.168164
0.168084
0.167923
0.167682
0.167360
0.166958
0.166476
0.165915
0.165283
0.164572
0.163791
0.162957
0.162047
0.161114
0.160112
0.159100
0.158029
0.156956
0.155945
0.157014
0.158023
0.159028
0.159966
0.160895
0.161753
0.162573
0.163331
0.164015
0.164647
0.165200
0.165674
0.166070
0.166392
0.166633
0.166794
0.166874
0.166874
0.166794
0.166633
0.166392
0.166070
0.165674
0.165200
0.164647
0.164015
0.163331
0.162573
0.161753
0.160895
0.159966
0.159028
0.158023
0.157014
0.155945
0.154915
0.155941
0.156946
0.157892
0.158823
0.159694
0.160532
0.161320
0.162038
0.162721
0.163328
0.163859
0.164327
0.164722
0.165038
0.165275
0.165433
0.165512
0.165512
0.165433
0.165275
0.165038
0.164722
0.164327
0.163859
0.163328
0.162721
0.162038
0.161320
0.160532
0.159694
0.158823
0.157892
0.156946
0.155941
0.154915
0.153827
0.154851
0.155816
0.156753
0.157636
0.158484
0.159289
0.160028
0.160744
0.161388
0.161961
0.162490
0.162945
0.163325
0.163628
0.163856
0.164008
0.164087
0.164087
0.164008
0.163856
0.163628
0.163325
0.162945
0.162490
0.161961
0.161388
0.160744
0.160028
0.159289
0.158484
0.157636
0.156753
0.155816
0.154851
0.153827
0.152692
0.153704
0.154666
0.155571
0.156435
0.157254
0.158012
0.158749
0.159420
0.160025
0.160598
0.161099
0.161529
0.161887
0.162184
0.162412
0.162564
0.162640
0.162640
0.162564
0.162412
0.162184
0.161887
0.161529
0.161099
0.160598
0.160025
0.159420
0.158749
0.158012
0.157254
0.156435
0.155571
0.154666
0.153704
0.152692
0.151485
0.152509
0.153462
0.154361
0.155206
0.155991
0.156747
0.157441
0.158076
0.158680
0.159216
0.159686
0.160094
0.160453
0.160739
0.160954
0.161097
0.161169
0.161169
0.161097
0.160954
0.160739
0.160453
0.160094
0.159686
0.159216
0.158680
0.158076
0.157441
0.156747
0.155991
0.155206
0.154361
0.153462
0.152509
0.151485
0.150202
0.151238
0.152208
0.153102
0.153936
0.154720
0.155445
0.156114
0.156745
0.157313
0.157817
0.158275
0.158678
0.159013
0.159282
0.159483
0.159617
0.159684
0.159684
0.159617
0.159483
0.159282
0.159013
0.158678
0.158275
0.157817
0.157313
0.156745
0.156114
0.155445
0.154720
0.153936
0.153102
0.152208
0.151238
0.150202
0.148790
0.149888
0.150869
0.151784
0.152623
0.153398
0.154114
0.154779
0.155383
0.155927
0.156428
0.156870
0.157248
0.157564
0.157816
0.158006
0.158140
0.158207
0.158207
0.158140
0.158006
0.157816
0.157564
0.157248
0.156870
0.156428
0.155927
0.155383
0.154779
0.154114
0.153398
0.152623
0.151784
0.150869
0.149888
0.148790
0.147240
0.148400
0.149433
0.150379
0.151233
0.152025
0.152740
0.153396
0.153992
0.154536
0.155019
0.155442
0.155805
0.156111
0.156364
0.156553
0.156679
0.156743
0.156743
0.156679
0.156553
0.156364
0.156111
0.155805
0.155442
0.155019
0.154536
0.153992
0.153396
0.152740
0.152025
0.151233
0.150379
0.149433
0.148400
0.147240
0.145502
0.146745
0.147870
0.148849
0.149754
0.150560
0.151292
0.151963
0.152560
0.153097
0.153574
0.153991
0.154354
0.154656
0.154898
0.155079
0.155200
0.155260
0.155260
0.155200
0.155079
0.154898
0.154656
0.154354
0.153991
0.153574
0.153097
0.152560
0.151963
0.151292
0.150560
0.149754
0.148849
0.147870
0.146745
0.145502
0.143505
0.144877
0.146110
0.147164
0.148137
0.148977
0.149752
0.150437
0.151047
0.151596
0.152082
0.152500
0.152857
0.153156
0.153394
0.153573
0.153692
0.153752
0.153752
0.153692
0.153573
0.153394
0.153156
0.152857
0.152500
0.152082
0.151596
0.151047
0.150437
0.149752
0.148977
0.148137
0.147164
0.146110
0.144877
0.143505
0.141168
0.142722
0.144097
0.145263
0.146319
0.147233
0.148071
0.148782
0.149428
0.150009
0.150497
0.150924
0.151290
0.151596
0.151840
0.152022
0.152142
0.152201
0.152201
0.152142
0.152022
0.151840
0.151596
0.151290
0.150924
0.150497
0.150009
0.149428
0.148782
0.148071
0.147233
0.146319
0.145263
0.144097
0.142722
0.141168
0.138422
0.140203
0.141742
0.143066
0.144250
0.145262
0.146177
0.146950
0.147654
0.148264
0.148781
0.149234
0.149621
0.149945
0.150192
0.150375
0.150497
0.150558
0.150558
0.150497
0.150375
0.150192
0.149945
0.149621
0.149234
0.148781
0.148264
0.147654
0.146950
0.146177
0.145262
0.144250
0.143066
0.141742
0.140203
0.138422
0.135152
0.137183
0.138949
0.140489
0.141836
0.142978
0.144015
0.144872
0.145650
0.146317
0.146880
0.147372
0.147794
0.148134
0.148393
0.148587
0.148716
0.148781
0.148781
0.148716
0.148587
0.148393
0.148134
0.147794
0.147372
0.146880
0.146317
0.145650
0.144872
0.144015
0.142978
0.141836
0.140489
0.138949
0.137183
0.135152
0.131317
0.133624
0.135649
0.137412
0.138946
0.140295
0.141450
0.142457
0.143324
0.144093
0.144716
0.145261
0.145728
0.146106
0.146387
0.146598
0.146739
0.146810
0.146810
0.146739
0.146598
0.146387
0.146106
0.145728
0.145261
0.144716
0.144093
0.143324
0.142457
0.141450
0.140295
0.138946
0.137412
0.135649
0.133624
0.131317
0.126888
0.129451
0.131737
0.133755
0.135521
0.137063
0.138415
0.139582
0.140583
0.141449
0.142197
0.142804
0.143324
0.143757
0.144093
0.144327
0.144482
0.144560
0.144560
0.144482
0.144327
0.144093
0.143757
0.143324
0.142804
0.142197
0.141449
0.140583
0.139582
0.138415
0.137063
0.135521
0.133755
0.131737
0.129451
0.126888
0.121897
0.124679
0.127193
0.129448
0.131452
0.133219
0.134770
0.136135
0.137294
0.138308
0.139157
0.139900
0.140487
0.140968
0.141353
0.141642
0.141835
0.141931
0.141931
0.141835
0.141642
0.141353
0.140968
0.140487
0.139900
0.139157
0.138308
0.137294
0.136135
0.134770
0.133219
0.131452
0.129448
0.127193
0.124679
0.121897
0.116341
0.119335
0.122061
0.124516
0.126728
0.128705
0.130461
0.132015
0.133352
0.134519
0.135520
0.136367
0.137063
0.137642
0.138097
0.138415
0.138628
0.138734
0.138734
0.138628
0.138415
0.138097
0.137642
0.137063
0.136367
0.135520
0.134519
0.133352
0.132015
0.130461
0.128705
0.126728
0.124516
0.122061
0.119335
0.116341
0.110200
0.113414
0.116337
0.118984
0.121382
0.123542
0.125474
0.127190
0.128705
0.130037
0.131168
0.132150
0.132952
0.133620
0.134145
0.134521
0.134771
0.134896
0.134896
0.134771
0.134521
0.134145
0.133620
0.132952
0.132150
0.131168
0.130037
0.128705
0.127190
0.125474
0.123542
0.121382
0.118984
0.116337
0.113414
0.110200
0.103383
0.106853
0.110005
0.112851
0.115431
0.117760
0.119852
0.121721
0.123377
0.124835
0.126110
0.127191
0.128113
0.128854
0.129447
0.129892
0.130180
0.130322
0.130322
0.130180
0.129892
0.129447
0.128854
0.128113
0.127191
0.126110
0.124835
0.123377
0.121721
0.119852
0.117760
0.115431
0.112851
0.110005
0.106853
0.103383
0.000000
0.099551
0.102960
0.106050
0.108830
0.111341
0.113596
0.115613
0.117404
0.118983
0.120365
0.121552
0.122554
0.123378
0.124037
0.124517
0.124837
0.124996
0.124996
0.124837
0.124517
0.124037
0.123378
0.122554
0.121552
0.120365
0.118983
0.117404
0.115613
0.113596
0.111341
0.108830
0.106050
0.102960
0.099551
0.000000
0.000000
0.000000
0.000000
0.098455
0.101483
0.104208
0.106648
0.108830
0.110767
0.112476
0.113971
0.115249
0.116336
0.117227
0.117940
0.118463
0.118811
0.118985
0.118985
0.118811
0.118463
0.117940
0.117227
0.116336
0.115249
0.113971
0.112476
0.110767
0.108830
0.106648
0.104208
0.101483
0.098455
0.000000
0.000000
0.000000
0.185080
0.185624
0.000000
0.000000
0.000000
0.000000
0.098891
0.101268
0.103376
0.105232
0.106849
0.108244
0.109418
0.110387
0.111152
0.111725
0.112105
0.112292
0.112292
0.112105
0.111725
0.111152
0.110387
0.109418
0.108244
0.106849
0.105232
0.103376
0.101268
0.098891
0.000000
0.000000
0.000000
0.000000
0.185624
0.185080
