0.181926
0.182568
0.183162
0.183720
0.184183
0.184551
0.184890
0.185202
0.185485
0.185740
0.185966
0.000000
0.000000
0.000000
0.000000
0.000000
0.000000
0.000000
0.000000
0.000000
0.000000
0.000000
0.000000
0.000000
0.000000
0.185966
0.185740
0.185485
0.185202
0.184890
0.184551
0.184183
0.183720
0.183162
0.182568
0.181926
0.184241
0.184723
0.185176
0.185601
0.185997
0.000000
0.000000
0.000000
0.000000
0.000000
0.098310
0.099664
0.100806
0.101752
0.102497
0.103052
0.103422
0.103607
0.103607
0.103422
0.103052
0.102497
0.101752
0.100806
0.099664
0.098310
0.000000
0.000000
0.000000
0.000000
0.000000
0.185997
0.185601
0.185176
0.184723
0.184241
0.000000
0.000000
0.000000
0.000000
0.098331
0.100827
0.103073
0.105084
0.106874
0.108456
0.109840
0.111027
0.112041
0.112867
0.113528
0.114023
0.114346
0.114508
0.114508
0.114346
0.114023
0.113528
0.112867
0.112041
0.111027
0.109840
0.108456
0.106874
0.105084
0.103073
0.100827
0.098331
0.000000
0.000000
0.000000
0.000000
0.098354
0.101607
0.104565
0.107251
0.109690
0.111896
0.113882
0.115661
0.117246
0.118649
0.119881
0.120934
0.121834
0.122569
0.123152
0.123590
0.123882
0.124027
0.124027
0.123882
0.123590
0.123152
0.122569
0.121834
0.120934
0.119881
0.118649
0.117246
0.115661
0.113882
0.111896
0.109690
0.107251
0.104565
0.101607
0.098354
0.109542
0.112419
0.115039
0.117428
0.119597
0.121559
0.123322
0.124900
0.126305
0.127536
0.128605
0.129524
0.130297
0.130923
0.131424
0.131800
0.132048
0.132166
0.132166
0.132048
0.131800
0.131424
0.130923
0.130297
0.129524
0.128605
0.127536
0.126305
0.124900
0.123322
0.121559
0.119597
0.117428
0.115039
0.112419
0.109542
0.119315
0.121885
0.124217
0.126330
0.128235
0.129942
0.131448
0.132781
0.133965
0.134965
0.135852
0.136582
0.137198
0.137712
0.138112
0.138395
0.138583
0.138677
0.138677
0.138583
0.138395
0.138112
0.137712
0.137198
0.136582
0.135852
0.134965
0.133965
0.132781
0.131448
0.129942
0.128235
0.126330
0.124217
0.121885
0.119315
0.127861
0.130095
0.132094
0.133871
0.135432
0.136809
0.138038
0.139073
0.140013
0.140781
0.141464
0.142055
0.142516
0.142900
0.143207
0.143438
0.143592
0.143668
0.143668
0.143592
0.143438
0.143207
0.142900
0.142516
0.142055
0.141464
0.140781
0.140013
0.139073
0.138038
0.136809
0.135432
0.133871
0.132094
0.130095
0.127861
0.135012
0.136832
0.138436
0.139847
0.141057
0.142150
0.143072
0.143917
0.144616
0.145238
0.145791
0.146248
0.146622
0.146935
0.147184
0.147372
0.147497
0.147559
0.147559
0.147497
0.147372
0.147184
0.146935
0.146622
0.146248
0.145791
0.145238
0.144616
0.143917
0.143072
0.142150
0.141057
0.139847
0.138436
0.136832
0.135012
0.140650
0.142092
0.143321
0.144427
0.145394
0.146264
0.147013
0.147700
0.148299
0.148815
0.149274
0.149676
0.150019
0.150290
0.150507
0.150670
0.150778
0.150832
0.150832
0.150778
0.150670
0.150507
0.150290
0.150019
0.149676
0.149274
0.148815
0.148299
0.147700
0.147013
0.146264
0.145394
0.144427
0.143321
0.142092
0.140650
0.144997
0.146156
0.147155
0.148085
0.148888
0.149635
0.150306
0.150902
0.151444
0.151932
0.152357
0.152728
0.153046
0.153311
0.153523
0.153682
0.153788
0.153841
0.153841
0.153788
0.153682
0.153523
0.153311
0.153046
0.152728
0.152357
0.151932
0.151444
0.150902
0.150306
0.149635
0.148888
0.148085
0.147155
0.146156
0.144997
0.148503
0.149479
0.150376
0.151189
0.151948
0.152638
0.153274
0.153857
0.154392
0.154876
0.155306
0.155682
0.156004
0.156285
0.156509
0.156678
0.156790
0.156846
0.156846
0.156790
0.156678
0.156509
0.156285
0.156004
0.155682
0.155306
0.154876
0.154392
0.153857
0.153274
0.152638
0.151948
0.151189
0.150376
0.149479
0.148503
0.151531
0.152443
0.153291
0.154087
0.154840
0.155538
0.156191
0.156809
0.157370
0.157875
0.158345
0.158762
0.159121
0.159419
0.159658
0.159837
0.159956
0.160017
0.160017
0.159956
0.159837
0.159658
0.159419
0.159121
0.158762
0.158345
0.157875
0.157370
0.156809
0.156191
0.155538
0.154840
0.154087
0.153291
0.152443
0.151531
0.154374
0.155288
0.156154
0.156996
0.157782
0.158545
0.159261
0.159918
0.160550
0.161124
0.161634
0.162086
0.162491
0.162829
0.163099
0.163302
0.163437
0.163505
0.163505
0.163437
0.163302
0.163099
0.162829
0.162491
0.162086
0.161634
0.161124
0.160550
0.159918
0.159261
0.158545
0.157782
0.156996
0.156154
0.155288
0.154374
0.157241
0.158208
0.159163
0.160063
0.160956
0.161786
0.162584
0.163328
0.164004
0.164638
0.165201
0.165694
0.166118
0.166477
0.166764
0.166979
0.167122
0.167194
0.167194
0.167122
0.166979
0.166764
0.166477
0.166118
0.165694
0.165201
0.164638
0.164004
0.163328
0.162584
0.161786
0.160956
0.160063
0.159163
0.158208
0.157241
0.160279
0.161363
0.162407
0.163422
0.164384
0.165299
0.166147
0.166936
0.167653
0.168296
0.168866
0.169364
0.169792
0.170143
0.170419
0.170626
0.170764
0.170833
0.170833
0.170764
0.170626
0.170419
0.170143
0.169792
0.169364
0.168866
0.168296
0.167653
0.166936
0.166147
0.165299
0.164384
0.163422
0.162407
0.161363
0.160279
0.163584
0.164764
0.165891
0.166965
0.167969
0.168895
0.169750
0.170517
0.171207
0.171829
0.172361
0.172818
0.173211
0.173537
0.173799
0.173995
0.174117
0.174178
0.174178
0.174117
0.173995
0.173799
0.173537
0.173211
0.172818
0.172361
0.171829
0.171207
0.170517
0.169750
0.168895
0.167969
0.166965
0.165891
0.164764
0.163584
0.167067
0.168285
0.169425
0.170478
0.171445
0.172324
0.173109
0.173828
0.174448
0.174994
0.175480
0.175905
0.176246
0.176524
0.176746
0.176912
0.177023
0.177079
0.177079
0.177023
0.176912
0.176746
0.176524
0.176246
0.175905
0.175480
0.174994
0.174448
0.173828
0.173109
0.172324
0.171445
0.170478
0.169425
0.168285
0.167067
0.170509
0.171682
0.172746
0.173727
0.174597
0.175386
0.176105
0.176716
0.177271
0.177770
0.178193
0.178543
0.178842
0.179092
0.179292
0.179442
0.179542
0.179592
0.179592
0.179542
0.179442
0.179292
0.179092
0.178842
0.178543
0.178193
0.177770
0.177271
0.176716
0.176105
0.175386
0.174597
0.173727
0.172746
0.171682
0.170509
0.173692
0.174747
0.175719
0.176576
0.177353
0.178067
0.178667
0.179216
0.179716
0.180146
0.180500
0.180809
0.181074
0.181294
0.181471
0.181604
0.181692
0.181736
0.181736
0.181692
0.181604
0.181471
0.181294
0.181074
0.180809
0.180500
0.180146
0.179716
0.179216
0.178667
0.178067
0.177353
0.176576
0.175719
0.174747
0.173692
0.176492
0.177436
0.178292
0.179041
0.179741
0.180345
0.180875
0.181361
0.181803
0.182170
0.182471
0.182734
0.182959
0.183147
0.183297
0.183410
0.183485
0.183522
0.183522
0.183485
0.183410
0.183297
0.183147
0.182959
0.182734
0.182471
0.182170
0.181803
0.181361
0.180875
0.180345
0.179741
0.179041
0.178292
0.177436
0.176492
0.178917
0.179766
0.180500
0.181163
0.181782
0.182303
0.182753
0.183166
0.183542
0.183880
0.184138
0.184338
0.184510
0.184653
0.184768
0.184854
0.184911
0.184940
0.184940
0.184911
0.184854
0.184768
0.184653
0.184510
0.184338
0.184138
0.183880
0.183542
0.183166
0.182753
0.182303
0.181782
0.181163
0.180500
0.179766
0.178917
0.181010
0.181761
0.182398
0.182961
0.183487
0.183976
0.184325
0.184640
0.184927
0.185184
0.185414
0.185614
0.185786
0.185929
0.000000
0.000000
0.000000
0.000000
0.000000
0.000000
0.000000
0.000000
0.185929
0.185786
0.185614
0.185414
0.185184
0.184927
0.184640
0.184325
0.183976
0.183487
0.182961
0.182398
0.181761
0.181010
0.182794
0.183433
0.184026
0.184456
0.184857
0.185229
0.185573
0.185888
0.000000
0.000000
0.000000
0.000000
0.000000
0.000000
0.000000
0.000000
0.000000
0.000000
0.000000
0.000000
0.000000
0.000000
0.000000
0.000000
0.000000
0.000000
0.000000
0.000000
0.185888
0.185573
0.185229
0.184857
0.184456
0.184026
0.183433
0.182794
0.184300
0.184787
0.185246
0.185676
0.000000
0.000000
0.000000
0.000000
0.000000
0.000000
0.098998
0.100360
0.101508
0.102455
0.103204
0.103765
0.104137
0.104320
0.104320
0.104137
0.103765
0.103204
0.102455
0.101508
0.100360
0.098998
0.000000
0.000000
0.000000
0.000000
0.000000
0.000000
0.185676
0.185246
0.184787
0.184300
0.185492
0.185979
0.000000
0.000000
0.000000
0.000000
0.099704
0.101816
0.103693
0.105348
0.106795
0.108047
0.109097
0.109972
0.110657
0.111170
0.111513
0.111684
0.111684
0.111513
0.111170
0.110657
0.109972
0.109097
0.108047
0.106795
0.105348
0.103693
0.101816
0.099704
0.000000
0.000000
0.000000
0.000000
0.185979
0.185492
0.000000
0.000000
0.000000
0.100020
0.102686
0.105096
0.107265
0.109207
0.110936
0.112466
0.113804
0.114952
0.115932
0.116732
0.117370
0.117849
0.118164
0.118320
0.118320
0.118164
0.117849
0.117370
0.116732
0.115932
0.114952
0.113804
0.112466
0.110936
0.109207
0.107265
0.105096
0.102686
0.100020
0.000000
0.000000
0.000000
0.098381
0.101673
0.104662
0.107379
0.109844
0.112072
0.114077
0.115875
0.117474
0.118889
0.120132
0.121195
0.122103
0.122842
0.123433
0.123876
0.124166
0.124310
0.124310
0.124166
0.123876
0.123433
0.122842
0.122103
0.121195
0.120132
0.118889
0.117474
0.115875
0.114077
0.112072
0.109844
0.107379
0.104662
0.101673
0.098381
0.105696
0.108732
0.111500
0.114021
0.116302
0.118369
0.120233
0.121904
0.123384
0.124692
0.125839
0.126813
0.127643
0.128322
0.128854
0.129252
0.129518
0.129651
0.129651
0.129518
0.129252
0.128854
0.128322
0.127643
0.126813
0.125839
0.124692
0.123384
0.121904
0.120233
0.118369
0.116302
0.114021
0.111500
0.108732
0.105696
0.112292
0.115111
0.117687
0.120032
0.122155
0.124074
0.125794
0.127323
0.128679
0.129876
0.130896
0.131783
0.132514
0.133114
0.133593
0.133953
0.134180
0.134292
0.134292
0.134180
0.133953
0.133593
0.133114
0.132514
0.131783
0.130896
0.129876
0.128679
0.127323
0.125794
0.124074
0.122155
0.120032
0.117687
0.115111
0.112292
0.118268
0.120896
0.123291
0.125463
0.127420
0.129171
0.130731
0.132119
0.133318
0.134372
0.135270
0.136052
0.136676
0.137195
0.137611
0.137923
0.138120
0.138215
0.138215
0.138120
0.137923
0.137611
0.137195
0.136676
0.136052
0.135270
0.134372
0.133318
0.132119
0.130731
0.129171
0.127420
0.125463
0.123291
0.120896
0.118268
0.123690
0.126133
0.128335
0.130315
0.132085
0.133644
0.135014
0.136231
0.137271
0.138190
0.138952
0.139618
0.140172
0.140604
0.140950
0.141209
0.141382
0.141468
0.141468
0.141382
0.141209
0.140950
0.140604
0.140172
0.139618
0.138952
0.138190
0.137271
0.136231
0.135014
0.133644
0.132085
0.130315
0.128335
0.126133
0.123690
0.128563
0.130787
0.132772
0.134535
0.136099
0.137452
0.138641
0.139689
0.140582
0.141360
0.142046
0.142591
0.143058
0.143447
0.143758
0.143991
0.144132
0.144202
0.144202
0.144132
0.143991
0.143758
0.143447
0.143058
0.142591
0.142046
0.141360
0.140582
0.139689
0.138641
0.137452
0.136099
0.134535
0.132772
0.130787
0.128563
0.132861
0.134843
0.136593
0.138141
0.139475
0.140648
0.141685
0.142572
0.143350
0.144046
0.144605
0.145095
0.145514
0.145864
0.146130
0.146320
0.146446
0.146510
0.146510
0.146446
0.146320
0.146130
0.145864
0.145514
0.145095
0.144605
0.144046
0.143350
0.142572
0.141685
0.140648
0.139475
0.138141
0.136593
0.134843
0.132861
0.136568
0.138308
0.139834
0.141146
0.142321
0.143333
0.144240
0.145009
0.145709
0.146306
0.146812
0.147255
0.147634
0.147951
0.148187
0.148361
0.148478
0.148536
0.148536
0.148478
0.148361
0.148187
0.147951
0.147634
0.147255
0.146812
0.146306
0.145709
0.145009
0.144240
0.143333
0.142321
0.141146
0.139834
0.138308
0.136568
0.139717
0.141213
0.142537
0.143705
0.144715
0.145624
0.146420
0.147115
0.147748
0.148292
0.148757
0.149164
0.149513
0.149803
0.150034
0.150198
0.150308
0.150363
0.150363
0.150308
0.150198
0.150034
0.149803
0.149513
0.149164
0.148757
0.148292
0.147748
0.147115
0.146420
0.145624
0.144715
0.143705
0.142537
0.141213
0.139717
0.142365
0.143689
0.144841
0.145890
0.146787
0.147609
0.148339
0.148978
0.149560
0.150079
0.150518
0.150902
0.151232
0.151506
0.151726
0.151890
0.152000
0.152054
0.152054
0.152000
0.151890
0.151726
0.151506
0.151232
0.150902
0.150518
0.150079
0.149560
0.148978
0.148339
0.147609
0.146787
0.145890
0.144841
0.143689
0.142365
0.144617
0.145807
0.146838
0.147788
0.148619
0.149375
0.150069
0.150673
0.151222
0.151717
0.152153
0.152528
0.152850
0.153119
0.153334
0.153495
0.153602
0.153656
0.153656
0.153602
0.153495
0.153334
0.153119
0.152850
0.152528
0.152153
0.151717
0.151222
0.150673
0.150069
0.149375
0.148619
0.147788
0.146838
0.145807
0.144617
0.146574
0.147650
0.148609
0.149482
0.150280
0.150994
0.151653
0.152252
0.152789
0.153272
0.153702
0.154078
0.154405
0.154677
0.154895
0.155058
0.155167
0.155221
0.155221
0.155167
0.155058
0.154895
0.154677
0.154405
0.154078
0.153702
0.153272
0.152789
0.152252
0.151653
0.150994
0.150280
0.149482
0.148609
0.147650
0.146574
0.148309
0.149299
0.150217
0.151041
0.151810
0.152513
0.153157
0.153748
0.154289
0.154779
0.155214
0.155596
0.155922
0.156203
0.156431
0.156601
0.156715
0.156772
0.156772
0.156715
0.156601
0.156431
0.156203
0.155922
0.155596
0.155214
0.154779
0.154289
0.153748
0.153157
0.152513
0.151810
0.151041
0.150217
0.149299
0.148309
0.149872
0.150814
0.151693
0.152506
0.153258
0.153956
0.154609
0.155208
0.155753
0.156253
0.156708
0.157107
0.157448
0.157732
0.157960
0.158139
0.158260
0.158320
0.158320
0.158260
0.158139
0.157960
0.157732
0.157448
0.157107
0.156708
0.156253
0.155753
0.155208
0.154609
0.153956
0.153258
0.152506
0.151693
0.150814
0.149872
0.151301
0.152230
0.153090
0.153896
0.154657
0.155365
0.156020
0.156646
0.157215
0.157727
0.158193
0.158617
0.158980
0.159283
0.159525
0.159706
0.159827
0.159888
0.159888
0.159827
0.159706
0.159525
0.159283
0.158980
0.158617
0.158193
0.157727
0.157215
0.156646
0.156020
0.155365
0.154657
0.153896
0.153090
0.152230
0.151301
0.152654
0.153568
0.154434
0.155251
0.156015
0.156754
0.157437
0.158067
0.158672
0.159217
0.159701
0.160134
0.160521
0.160845
0.161103
0.161297
0.161427
0.161491
0.161491
0.161427
0.161297
0.161103
0.160845
0.160521
0.160134
0.159701
0.159217
0.158672
0.158067
0.157437
0.156754
0.156015
0.155251
0.154434
0.153568
0.152654
0.153939
0.154865
0.155737
0.156579
0.157376
0.158123
0.158850
0.159515
0.160129
0.160711
0.161228
0.161681
0.162073
0.162416
0.162690
0.162896
0.163033
0.163101
0.163101
0.163033
0.162896
0.162690
0.162416
0.162073
0.161681
0.161228
0.160711
0.160129
0.159515
0.158850
0.158123
0.157376
0.156579
0.155737
0.154865
0.153939
0.155187
0.156119
0.157030
0.157884
0.158725
0.159512
0.160255
0.160966
0.161613
0.162207
0.162755
0.163235
0.163646
0.163989
0.164274
0.164488
0.164631
0.164702
0.164702
0.164631
0.164488
0.164274
0.163989
0.163646
0.163235
0.162755
0.162207
0.161613
0.160966
0.160255
0.159512
0.158725
0.157884
0.157030
0.156119
0.155187
0.156400
0.157368
0.158297
0.159206
0.160058
0.160899
0.161675
0.162410
0.163095
0.163712
0.164272
0.164772
0.165200
0.165557
0.165843
0.166058
0.166203
0.166276
0.166276
0.166203
0.166058
0.165843
0.165557
0.165200
0.164772
0.164272
0.163712
0.163095
0.162410
0.161675
0.160899
0.160058
0.159206
0.158297
0.157368
0.156400
0.157593
0.158597
0.159567
0.160508
0.161414
0.162271
0.163093
0.163848
0.164556
0.165199
0.165770
0.166275
0.166711
0.167075
0.167366
0.167584
0.167729
0.167802
0.167802
0.167729
0.167584
0.167366
0.167075
0.166711
0.166275
0.165770
0.165199
0.164556
0.163848
0.163093
0.162271
0.161414
0.160508
0.159567
0.158597
0.157593
0.158777
0.159807
0.160830
0.161801
0.162749
0.163641
0.164483
0.165269
0.165984
0.166638
0.167220
0.167729
0.168165
0.168526
0.168815
0.169031
0.169176
0.169248
0.169248
0.169176
0.169031
0.168815
0.168526
0.168165
0.167729
0.167220
0.166638
0.165984
0.165269
0.164483
0.163641
0.162749
0.161801
0.160830
0.159807
0.158777
0.159927
0.161023
0.162063
0.163092
0.164054
0.164983
0.165841
0.166638
0.167366
0.168021
0.168599
0.169105
0.169538
0.169899
0.170183
0.170393
0.170533
0.170603
0.170603
0.170533
0.170393
0.170183
0.169899
0.169538
0.169105
0.168599
0.168021
0.167366
0.166638
0.165841
0.164983
0.164054
0.163092
0.162063
0.161023
0.159927
0.161088
0.162200
0.163298
0.164341
0.165341
0.166276
0.167149
0.167949
0.168673
0.169323
0.169901
0.170394
0.170815
0.171165
0.171445
0.171655
0.171795
0.171865
0.171865
0.171795
0.171655
0.171445
0.171165
0.170815
0.170394
0.169901
0.169323
0.168673
0.167949
0.167149
0.166276
0.165341
0.164341
0.163298
0.162200
0.161088
0.162200
0.163367
0.164485
0.165557
0.166568
0.167515
0.168386
0.169181
0.169904
0.170537
0.171098
0.171588
0.172008
0.172339
0.172605
0.172804
0.172937
0.173003
0.173003
0.172937
0.172804
0.172605
0.172339
0.172008
0.171588
0.171098
0.170537
0.169904
0.169181
0.168386
0.167515
0.166568
0.165557
0.164485
0.163367
0.162200
0.163300
0.164487
0.165631
0.166716
0.167736
0.168678
0.169545
0.170330
0.171031
0.171662
0.172210
0.172675
0.173073
0.173405
0.173670
0.173869
0.174002
0.174064
0.174064
0.174002
0.173869
0.173670
0.173405
0.173073
0.172675
0.172210
0.171662
0.171031
0.170330
0.169545
0.168678
0.167736
0.166716
0.165631
0.164487
0.163300
0.164346
0.165562
0.166720
0.167812
0.168826
0.169766
0.170615
0.171385
0.172082
0.172679
0.173210
0.173675
0.174068
0.174376
0.174623
0.174808
0.174931
0.174993
0.174993
0.174931
0.174808
0.174623
0.174376
0.174068
0.173675
0.173210
0.172679
0.172082
0.171385
0.170615
0.169766
0.168826
0.167812
0.166720
0.165562
0.164346
0.165351
0.166578
0.167744
0.168831
0.169843
0.170760
0.171601
0.172352
0.173016
0.173614
0.174135
0.174566
0.174936
0.175245
0.175491
0.175676
0.175800
0.175861
0.175861
0.175800
0.175676
0.175491
0.175245
0.174936
0.174566
0.174135
0.173614
0.173016
0.172352
0.171601
0.170760
0.169843
0.168831
0.167744
0.166578
0.165351
0.166291
0.167530
0.168691
0.169776
0.170765
0.171677
0.172491
0.173221
0.173885
0.174449
0.174942
0.175374
0.175744
0.176048
0.176273
0.176442
0.176555
0.176611
0.176611
0.176555
0.176442
0.176273
0.176048
0.175744
0.175374
0.174942
0.174449
0.173885
0.173221
0.172491
0.171677
0.170765
0.169776
0.168691
0.167530
0.166291
0.167171
0.168407
0.169565
0.170631
0.171613
0.172497
0.173294
0.174023
0.174640
0.175195
0.175689
0.176110
0.176448
0.176730
0.176956
0.177125
0.177238
0.177294
0.177294
0.177238
0.177125
0.176956
0.176730
0.176448
0.176110
0.175689
0.175195
0.174640
0.174023
0.173294
0.172497
0.171613
0.170631
0.169565
0.168407
0.167171
0.167979
0.169210
0.170357
0.171409
0.172371
0.173235
0.174030
0.174709
0.175326
0.175881
0.176342
0.176737
0.177075
0.177357
0.177583
0.177752
0.177865
0.177921
0.177921
0.177865
0.177752
0.177583
0.177357
0.177075
0.176737
0.176342
0.175881
0.175326
0.174709
0.174030
0.173235
0.172371
0.171409
0.170357
0.169210
0.167979
0.168711
0.169942
0.171066
0.172113
0.173043
0.173907
0.174654
0.175333
0.175951
0.176463
0.176914
0.177308
0.177647
0.177929
0.178139
0.178291
0.178393
0.178443
0.178443
0.178393
0.178291
0.178139
0.177929
0.177647
0.177308
0.176914
0.176463
0.175951
0.175333
0.174654
0.173907
0.173043
0.172113
0.171066
0.169942
0.168711
0.169371
0.170583
0.171706
0.172719
0.173650
0.174477
0.175218
0.175898
0.176470
0.176978
0.177429
0.177824
0.178146
0.178400
0.178603
0.178756
0.178857
0.178908
0.178908
0.178857
0.178756
0.178603
0.178400
0.178146
0.177824
0.177429
0.176978
0.176470
0.175898
0.175218
0.174477
0.173650
0.172719
0.171706
0.170583
0.169371
0.169959
0.171154
0.172263
0.173260
0.174177
0.174980
0.175721
0.176366
0.176930
0.177438
0.177889
0.178256
0.178561
0.178815
0.179018
0.179170
0.179272
0.179322
0.179322
0.179272
0.179170
0.179018
0.178815
0.178561
0.178256
0.177889
0.177438
0.176930
0.176366
0.175721
0.174980
0.174177
0.173260
0.172263
0.171154
0.169959
0.170462
0.171655
0.172738
0.173735
0.174619
0.175422
0.176149
0.176770
0.177334
0.177842
0.178264
0.178620
0.178925
0.179179
0.179382
0.179534
0.179636
0.179687
0.179687
0.179636
0.179534
0.179382
0.179179
0.178925
0.178620
0.178264
0.177842
0.177334
0.176770
0.176149
0.175422
0.174619
0.173735
0.172738
0.171655
0.170462
0.170893
0.172083
0.173147
0.174135
0.175000
0.175803
0.176497
0.177118
0.177683
0.178172
0.178578
0.178934
0.179239
0.179493
0.179696
0.179849
0.179950
0.180001
0.180001
0.179950
0.179849
0.179696
0.179493
0.179239
0.178934
0.178578
0.178172
0.177683
0.177118
0.176497
0.175803
0.175000
0.174135
0.173147
0.172083
0.170893
0.171256
0.172426
0.173491
0.174454
0.175320
0.176112
0.176790
0.177411
0.177976
0.178435
0.178842
0.179198
0.179503
0.179757
0.179960
0.180100
0.180189
0.180234
0.180234
0.180189
0.180100
0.179960
0.179757
0.179503
0.179198
0.178842
0.178435
0.177976
0.177411
0.176790
0.176112
0.175320
0.174454
0.173491
0.172426
0.171256
0.171549
0.172704
0.173769
0.174713
0.175578
0.176349
0.177027
0.177648
0.178191
0.178649
0.179056
0.179411
0.179716
0.179971
0.180154
0.180288
0.180378
0.180423
0.180423
0.180378
0.180288
0.180154
0.179971
0.179716
0.179411
0.179056
0.178649
0.178191
0.177648
0.177027
0.176349
0.175578
0.174713
0.173769
0.172704
0.171549
0.171772
0.172916
0.173981
0.174910
0.175776
0.176530
0.177207
0.177829
0.178354
0.178812
0.179219
0.179575
0.179880
0.180119
0.180298
0.180433
0.180523
0.180568
0.180568
0.180523
0.180433
0.180298
0.180119
0.179880
0.179575
0.179219
0.178812
0.178354
0.177829
0.177207
0.176530
0.175776
0.174910
0.173981
0.172916
0.171772
0.171926
0.173062
0.174119
0.175046
0.175912
0.176654
0.177332
0.177954
0.178467
0.178925
0.179332
0.179688
0.179993
0.180219
0.180398
0.180533
0.180623
0.180668
0.180668
0.180623
0.180533
0.180398
0.180219
0.179993
0.179688
0.179332
0.178925
0.178467
0.177954
0.177332
0.176654
0.175912
0.175046
0.174119
0.173062
0.171926
0.172010
0.173143
0.174194
0.175122
0.175988
0.176723
0.177402
0.178021
0.178530
0.178988
0.179395
0.179751
0.180049
0.180274
0.180454
0.180589
0.180679
0.180724
0.180724
0.180679
0.180589
0.180454
0.180274
0.180049
0.179751
0.179395
0.178988
0.178530
0.178021
0.177402
0.176723
0.175988
0.175122
0.174194
0.173143
0.172010
0.172025
0.173157
0.174207
0.175135
0.176002
0.176736
0.177415
0.178033
0.178542
0.179000
0.179407
0.179763
0.180061
0.180285
0.180465
0.180600
0.180690
0.180735
0.180735
0.180690
0.180600
0.180465
0.180285
0.180061
0.179763
0.179407
0.179000
0.178542
0.178033
0.177415
0.176736
0.176002
0.175135
0.174207
0.173157
0.172025
0.171971
0.173106
0.174160
0.175088
0.175955
0.176694
0.177372
0.177994
0.178504
0.178962
0.179369
0.179725
0.180027
0.180252
0.180432
0.180567
0.180657
0.180702
0.180702
0.180657
0.180567
0.180432
0.180252
0.180027
0.179725
0.179369
0.178962
0.178504
0.177994
0.177372
0.176694
0.175955
0.175088
0.174160
0.173106
0.171971
0.171847
0.172988
0.174051
0.174979
0.175846
0.176595
0.177273
0.177895
0.178415
0.178873
0.179280
0.179637
0.179942
0.180174
0.180354
0.180489
0.180579
0.180624
0.180624
0.180579
0.180489
0.180354
0.180174
0.179942
0.179637
0.179280
0.178873
0.178415
0.177895
0.177273
0.176595
0.175846
0.174979
0.174051
0.172988
0.171847
0.171653
0.172804
0.173871
0.174809
0.175676
0.176440
0.177118
0.177741
0.178276
0.178734
0.179142
0.179498
0.179804
0.180051
0.180231
0.180366
0.180456
0.180501
0.180501
0.180456
0.180366
0.180231
0.180051
0.179804
0.179498
0.179142
0.178734
0.178276
0.177741
0.177118
0.176440
0.175676
0.174809
0.173871
0.172804
0.171653
0.171389
0.172555
0.173622
0.174578
0.175445
0.176229
0.176908
0.177530
0.178086
0.178545
0.178952
0.179309
0.179614
0.179869
0.180064
0.180199
0.180289
0.180334
0.180334
0.180289
0.180199
0.180064
0.179869
0.179614
0.179309
0.178952
0.178545
0.178086
0.177530
0.176908
0.176229
0.175445
0.174578
0.173622
0.172555
0.171389
0.171055
0.172239
0.173306
0.174285
0.175152
0.175958
0.176640
0.177263
0.177829
0.178305
0.178712
0.179069
0.179375
0.179629
0.179833
0.179986
0.180078
0.180123
0.180123
0.180078
0.179986
0.179833
0.179629
0.179375
0.179069
0.178712
0.178305
0.177829
0.177263
0.176640
0.175958
0.175152
0.174285
0.173306
0.172239
0.171055
0.170651
0.171849
0.172924
0.173925
0.174798
0.175604
0.176317
0.176940
0.177506
0.178014
0.178422
0.178778
0.179084
0.179339
0.179543
0.179696
0.179798
0.179849
0.179849
0.179798
0.179696
0.179543
0.179339
0.179084
0.178778
0.178422
0.178014
0.177506
0.176940
0.176317
0.175604
0.174798
0.173925
0.172924
0.171849
0.170651
0.170178
0.171375
0.172476
0.173477
0.174382
0.175188
0.175932
0.176561
0.177127
0.177637
0.178081
0.178437
0.178743
0.178998
0.179202
0.179355
0.179457
0.179508
0.179508
0.179457
0.179355
0.179202
0.178998
0.178743
0.178437
0.178081
0.177637
0.177127
0.176561
0.175932
0.175188
0.174382
0.173477
0.172476
0.171375
0.170178
0.169622
0.170832
0.171960
0.172963
0.173898
0.174711
0.175455
0.176125
0.176692
0.177201
0.177654
0.178046
0.178352
0.178607
0.178811
0.178964
0.179065
0.179116
0.179116
0.179065
0.178964
0.178811
0.178607
0.178352
0.178046
0.177654
0.177201
0.176692
0.176125
0.175455
0.174711
0.173898
0.172963
0.171960
0.170832
0.169622
0.168989
0.170219
0.171347
0.172383
0.173317
0.174172
0.174916
0.175599
0.176200
0.176710
0.177163
0.177559
0.177899
0.178164
0.178368
0.178521
0.178623
0.178674
0.178674
0.178623
0.178521
0.178368
0.178164
0.177899
0.177559
0.177163
0.176710
0.176200
0.175599
0.174916
0.174172
0.173317
0.172383
0.171347
0.170219
0.168989
0.168283
0.169520
0.170663
0.171721
0.172671
0.173539
0.174316
0.174998
0.175619
0.176162
0.176615
0.177012
0.177352
0.177635
0.177862
0.178029
0.178131
0.178182
0.178182
0.178131
0.178029
0.177862
0.177635
0.177352
0.177012
0.176615
0.176162
0.175619
0.174998
0.174316
0.173539
0.172671
0.171721
0.170663
0.169520
0.168283
0.167502
0.168743
0.169907
0.170968
0.171955
0.172826
0.173628
0.174337
0.174957
0.175516
0.176011
0.176408
0.176748
0.177031
0.177258
0.177428
0.177541
0.177598
0.177598
0.177541
0.177428
0.177258
0.177031
0.176748
0.176408
0.176011
0.175516
0.174957
0.174337
0.173628
0.172826
0.171955
0.170968
0.169907
0.168743
0.167502
0.166645
0.167892
0.169057
0.170145
0.171132
0.172047
0.172848
0.173583
0.174234
0.174792
0.175289
0.175723
0.176087
0.176371
0.176598
0.176768
0.176881
0.176938
0.176938
0.176881
0.176768
0.176598
0.176371
0.176087
0.175723
0.175289
0.174792
0.174234
0.173583
0.172848
0.172047
0.171132
0.170145
0.169057
0.167892
0.166645
0.165721
0.166962
0.168135
0.169227
0.170239
0.171156
0.172003
0.172738
0.173406
0.174007
0.174504
0.174938
0.175311
0.175621
0.175869
0.176051
0.176164
0.176221
0.176221
0.176164
0.176051
0.175869
0.175621
0.175311
0.174938
0.174504
0.174007
0.173406
0.172738
0.172003
0.171156
0.170239
0.169227
0.168135
0.166962
0.165721
0.164736
0.165961
0.167134
0.168232
0.169252
0.170193
0.171040
0.171816
0.172494
0.173096
0.173631
0.174092
0.174464
0.174775
0.175023
0.175209
0.175333
0.175396
0.175396
0.175333
0.175209
0.175023
0.174775
0.174464
0.174092
0.173631
0.173096
0.172494
0.171816
0.171040
0.170193
0.169252
0.168232
0.167134
0.165961
0.164736
0.163693
0.164905
0.166059
0.167159
0.168185
0.169132
0.170006
0.170783
0.171489
0.172117
0.172652
0.173120
0.173522
0.173856
0.174115
0.174301
0.174425
0.174487
0.174487
0.174425
0.174301
0.174115
0.173856
0.173522
0.173120
0.172652
0.172117
0.171489
0.170783
0.170006
0.169132
0.168185
0.167159
0.166059
0.164905
0.163693
0.162609
0.163786
0.164930
0.166011
0.167038
0.167992
0.168867
0.169669
0.170385
0.171020
0.171585
0.172075
0.172477
0.172811
0.173079
0.173279
0.173413
0.173480
0.173480
0.173413
0.173279
0.173079
0.172811
0.172477
0.172075
0.171585
0.171020
0.170385
0.169669
0.168867
0.167992
0.167038
0.166011
0.164930
0.163786
0.162609
0.161488
0.162634
0.163741
0.164812
0.165821
0.166772
0.167652
0.168457
0.169186
0.169842
0.170412
0.170906
0.171330
0.171683
0.171965
0.172168
0.172302
0.172369
0.172369
0.172302
0.172168
0.171965
0.171683
0.171330
0.170906
0.170412
0.169842
0.169186
0.168457
0.167652
0.166772
0.165821
0.164812
0.163741
0.162634
0.161488
0.160335
0.161446
0.162520
0.163559
0.164550
0.165487
0.166359
0.167166
0.167900
0.168557
0.169141
0.169651
0.170086
0.170439
0.170722
0.170933
0.171075
0.171145
0.171145
0.171075
0.170933
0.170722
0.170439
0.170086
0.169651
0.169141
0.168557
0.167900
0.167166
0.166359
0.165487
0.164550
0.163559
0.162520
0.161446
0.160335
0.159173
0.160228
0.161273
0.162269
0.163238
0.164144
0.165010
0.165803
0.166534
0.167195
0.167782
0.168294
0.168732
0.169096
0.169388
0.169607
0.169753
0.169826
0.169826
0.169753
0.169607
0.169388
0.169096
0.168732
0.168294
0.167782
0.167195
0.166534
0.165803
0.165010
0.164144
0.163238
0.162269
0.161273
0.160228
0.159173
0.157974
0.159012
0.159991
0.160971
0.161886
0.162780
0.163611
0.164388
0.165110
0.165759
0.166342
0.166856
0.167297
0.167664
0.167958
0.168177
0.168323
0.168396
0.168396
0.168323
0.168177
0.167958
0.167664
0.167297
0.166856
0.166342
0.165759
0.165110
0.164388
0.163611
0.162780
0.161886
0.160971
0.159991
0.159012
0.157974
0.156787
0.157765
0.158729
0.159647
0.160539
0.161389
0.162184
0.162946
0.163638
0.164273
0.164850
0.165355
0.165788
0.166152
0.166445
0.166666
0.166813
0.166886
0.166886
0.166813
0.166666
0.166445
0.166152
0.165788
0.165355
0.164850
0.164273
0.163638
0.162946
0.162184
0.161389
0.160539
0.159647
0.158729
0.157765
0.156787
0.155562
0.156521
0.157442
0.158324
0.159182
0.159977
0.160761
0.161480
0.162142
0.162766
0.163320
0.163805
0.164230
0.164591
0.164879
0.165096
0.165240
0.165313
0.165313
0.165240
0.165096
0.164879
0.164591
0.164230
0.163805
0.163320
0.162766
0.162142
0.161480
0.160761
0.159977
0.159182
0.158324
0.157442
0.156521
0.155562
0.154315
0.155252
0.156140
0.157004
0.157810
0.158594
0.159328
0.160002
0.160656
0.161245
0.161768
0.162240
0.162655
0.163002
0.163279
0.163487
0.163626
0.163695
0.163695
0.163626
0.163487
0.163279
0.163002
0.162655
0.162240
0.161768
0.161245
0.160656
0.160002
0.159328
0.158594
0.157810
0.157004
0.156140
0.155252
0.154315
0.153026
0.153951
0.154833
0.155660
0.156451
0.157199
0.157890
0.158557
0.159170
0.159721
0.160225
0.160683
0.161076
0.161403
0.161665
0.161861
0.161992
0.162061
0.162061
0.161992
0.161861
0.161665
0.161403
0.161076
0.160683
0.160225
0.159721
0.159170
0.158557
0.157890
0.157199
0.156451
0.155660
0.154833
0.153951
0.153026
0.151681
0.152613
0.153483
0.154303
0.155075
0.155792
0.156474
0.157108
0.157684
0.158215
0.158705
0.159134
0.159502
0.159808
0.160057
0.160253
0.160384
0.160449
0.160449
0.160384
0.160253
0.160057
0.159808
0.159502
0.159134
0.158705
0.158215
0.157684
0.157108
0.156474
0.155792
0.155075
0.154303
0.153483
0.152613
0.151681
0.150255
0.151202
0.152090
0.152906
0.153668
0.154381
0.155043
0.155649
0.156210
0.156729
0.157189
0.157593
0.157939
0.158241
0.158486
0.158670
0.158792
0.158854
0.158854
0.158792
0.158670
0.158486
0.158241
0.157939
0.157593
0.157189
0.156729
0.156210
0.155649
0.155043
0.154381
0.153668
0.152906
0.152090
0.151202
0.150255
0.148702
0.149704
0.150612
0.151447
0.152221
0.152929
0.153582
0.154183
0.154735
0.155231
0.155673
0.156062
0.156407
0.156696
0.156926
0.157099
0.157214
0.157272
0.157272
0.157214
0.157099
0.156926
0.156696
0.156407
0.156062
0.155673
0.155231
0.154735
0.154183
0.153582
0.152929
0.152221
0.151447
0.150612
0.149704
0.148702
0.146992
0.148077
0.149020
0.149905
0.150690
0.151414
0.152081
0.152679
0.153224
0.153714
0.154151
0.154538
0.154869
0.155145
0.155366
0.155531
0.155642
0.155697
0.155697
0.155642
0.155531
0.155366
0.155145
0.154869
0.154538
0.154151
0.153714
0.153224
0.152679
0.152081
0.151414
0.150690
0.149905
0.149020
0.148077
0.146992
0.145067
0.146248
0.147275
0.148219
0.149045
0.149812
0.150491
0.151103
0.151661
0.152158
0.152594
0.152975
0.153302
0.153574
0.153792
0.153955
0.154065
0.154120
0.154120
0.154065
0.153955
0.153792
0.153574
0.153302
0.152975
0.152594
0.152158
0.151661
0.151103
0.150491
0.149812
0.149045
0.148219
0.147275
0.146248
0.145067
0.142848
0.144172
0.145309
0.146338
0.147237
0.148066
0.148775
0.149424
0.150013
0.150515
0.150960
0.151350
0.151685
0.151963
0.152182
0.152345
0.152454
0.152509
0.152509
0.152454
0.152345
0.152182
0.151963
0.151685
0.151350
0.150960
0.150515
0.150013
0.149424
0.148775
0.148066
0.147237
0.146338
0.145309
0.144172
0.142848
0.140256
0.141749
0.143039
0.144202
0.145197
0.146109
0.146879
0.147586
0.148210
0.148741
0.149213
0.149627
0.149981
0.150261
0.150483
0.150651
0.150762
0.150818
0.150818
0.150762
0.150651
0.150483
0.150261
0.149981
0.149627
0.149213
0.148741
0.148210
0.147586
0.146879
0.146109
0.145197
0.144202
0.143039
0.141749
0.140256
0.137152
0.138870
0.140380
0.141698
0.142835
0.143863
0.144730
0.145511
0.146201
0.146779
0.147293
0.147743
0.148118
0.148413
0.148649
0.148826
0.148944
0.149003
0.149003
0.148944
0.148826
0.148649
0.148413
0.148118
0.147743
0.147293
0.146779
0.146201
0.145511
0.144730
0.143863
0.142835
0.141698
0.140380
0.138870
0.137152
0.133492
0.135465
0.137196
0.138717
0.140066
0.141208
0.142236
0.143106
0.143897
0.144547
0.145116
0.145614
0.146036
0.146358
0.146615
0.146808
0.146936
0.147000
0.147000
0.146936
0.146808
0.146615
0.146358
0.146036
0.145614
0.145116
0.144547
0.143897
0.143106
0.142236
0.141208
0.140066
0.138717
0.137196
0.135465
0.133492
0.129209
0.131439
0.133421
0.135171
0.136713
0.138080
0.139243
0.140280
0.141159
0.141950
0.142587
0.143141
0.143616
0.144010
0.144295
0.144508
0.144650
0.144721
0.144721
0.144650
0.144508
0.144295
0.144010
0.143616
0.143141
0.142587
0.141950
0.141159
0.140280
0.139243
0.138080
0.136713
0.135171
0.133421
0.131439
0.129209
0.124330
0.126782
0.128995
0.130977
0.132741
0.134306
0.135677
0.136865
0.137923
0.138801
0.139576
0.140231
0.140758
0.141198
0.141549
0.141813
0.141989
0.142069
0.142069
0.141989
0.141813
0.141549
0.141198
0.140758
0.140231
0.139576
0.138801
0.137923
0.136865
0.135677
0.134306
0.132741
0.130977
0.128995
0.126782
0.124330
0.118874
0.121532
0.123952
0.126137
0.128106
0.129865
0.131420
0.132794
0.134014
0.135042
0.135956
0.136700
0.137335
0.137864
0.138263
0.138554
0.138748
0.138845
0.138845
0.138748
0.138554
0.138263
0.137864
0.137335
0.136700
0.135956
0.135042
0.134014
0.132794
0.131420
0.129865
0.128106
0.126137
0.123952
0.121532
0.118874
0.112847
0.115704
0.118306
0.120669
0.122813
0.124746
0.126481
0.128030
0.129384
0.130574
0.131607
0.132483
0.133215
0.133825
0.134294
0.134636
0.134865
0.134979
0.134979
0.134865
0.134636
0.134294
0.133825
0.133215
0.132483
0.131607
0.130574
0.129384
0.128030
0.126481
0.124746
0.122813
0.120669
0.118306
0.115704
0.112847
0.106187
0.109261
0.112067
0.114610
0.116920
0.119010
0.120892
0.122578
0.124081
0.125395
0.126543
0.127530
0.128361
0.129038
0.129580
0.129986
0.130245
0.130374
0.130374
0.130245
0.129986
0.129580
0.129038
0.128361
0.127530
0.126543
0.125395
0.124081
0.122578
0.120892
0.119010
0.116920
0.114610
0.112067
0.109261
0.106187
0.098778
0.102121
0.105150
0.107908
0.110400
0.112653
0.114683
0.116503
0.118127
0.119556
0.120806
0.121890
0.122796
0.123549
0.124147
0.124585
0.124877
0.125023
0.125023
0.124877
0.124585
0.124147
0.123549
0.122796
0.121890
0.120806
0.119556
0.118127
0.116503
0.114683
0.112653
0.110400
0.107908
0.105150
0.102121
0.098778
0.000000
0.000000
0.000000
0.100450
0.103158
0.105605
0.107805
0.109773
0.111524
0.113069
0.114424
0.115590
0.116576
0.117390
0.118040
0.118517
0.118834
0.118993
0.118993
0.118834
0.118517
0.118040
0.117390
0.116576
0.115590
0.114424
0.113069
0.111524
0.109773
0.107805
0.105605
0.103158
0.100450
0.000000
0.000000
0.000000
0.185506
0.000000
0.000000
0.000000
0.000000
0.000000
0.100145
0.102287
0.104193
0.105874
0.107339
0.108604
0.109675
0.110555
0.111253
0.111777
0.112123
0.112294
0.112294
0.112123
0.111777
0.111253
0.110555
0.109675
0.108604
0.107339
0.105874
0.104193
0.102287
0.100145
0.000000
0.000000
0.000000
0.000000
0.000000
0.185506
