0.175493
0.176312
0.177042
0.177727
0.178329
0.178863
0.179356
0.179808
0.180193
0.180519
0.180810
0.181064
0.181282
0.181463
0.181608
0.181717
0.181790
0.181826
0.181826
0.181790
0.181717
0.181608
0.181463
0.181282
0.181064
0.180810
0.180519
0.180193
0.179808
0.179356
0.178863
0.178329
0.177727
0.177042
0.176312
0.175493
0.178059
0.178757
0.179414
0.180027
0.180535
0.181007
0.181442
0.181842
0.182174
0.182452
0.182699
0.182915
0.183100
0.183254
0.183378
0.183470
0.183532
0.183563
0.183563
0.183532
0.183470
0.183378
0.183254
0.183100
0.182915
0.182699
0.182452
0.182174
0.181842
0.181442
0.181007
0.180535
0.180027
0.179414
0.178757
0.178059
0.180260
0.180878
0.181458
0.182003
0.182435
0.182836
0.183206
0.183546
0.183855
0.184101
0.184289
0.184454
0.184595
0.184713
0.184807
0.184878
0.184925
0.184948
0.184948
0.184925
0.184878
0.184807
0.184713
0.184595
0.184454
0.184289
0.184101
0.183855
0.183546
0.183206
0.182836
0.182435
0.182003
0.181458
0.180878
0.180260
0.182171
0.182696
0.183190
0.183653
0.184065
0.184371
0.184653
0.184912
0.185148
0.185359
0.185548
0.185712
0.185854
0.185971
0.000000
0.000000
0.000000
0.000000
0.000000
0.000000
0.000000
0.000000
0.185971
0.185854
0.185712
0.185548
0.185359
0.185148
0.184912
0.184653
0.184371
0.184065
0.183653
0.183190
0.182696
0.182171
0.183791
0.184241
0.184618
0.184971
0.185300
0.185606
0.185889
0.000000
0.000000
0.000000
0.000000
0.000000
0.000000
0.000000
0.000000
0.000000
0.000000
0.000000
0.000000
0.000000
0.000000
0.000000
0.000000
0.000000
0.000000
0.000000
0.000000
0.000000
0.000000
0.185889
0.185606
0.185300
0.184971
0.184618
0.184241
0.183791
0.185053
0.185453
0.185830
0.000000
0.000000
0.000000
0.000000
0.000000
0.000000
0.098490
0.099776
0.100881
0.101825
0.102597
0.103213
0.103674
0.103981
0.104132
0.104132
0.103981
0.103674
0.103213
0.102597
0.101825
0.100881
0.099776
0.098490
0.000000
0.000000
0.000000
0.000000
0.000000
0.000000
0.185830
0.185453
0.185053
0.000000
0.000000
0.000000
0.000000
0.000000
0.099861
0.101751
0.103449
0.104965
0.106312
0.107488
0.108506
0.109369
0.110086
0.110648
0.111070
0.111351
0.111491
0.111491
0.111351
0.111070
0.110648
0.110086
0.109369
0.108506
0.107488
0.106312
0.104965
0.103449
0.101751
0.099861
0.000000
0.000000
0.000000
0.000000
0.000000
0.000000
0.098501
0.101050
0.103379
0.105499
0.107422
0.109161
0.110726
0.112129
0.113365
0.114453
0.115393
0.116194
0.116849
0.117373
0.117767
0.118028
0.118156
0.118156
0.118028
0.117767
0.117373
0.116849
0.116194
0.115393
0.114453
0.113365
0.112129
0.110726
0.109161
0.107422
0.105499
0.103379
0.101050
0.098501
0.000000
0.103464
0.106033
0.108379
0.110525
0.112482
0.114262
0.115873
0.117318
0.118614
0.119765
0.120769
0.121642
0.122380
0.122987
0.123472
0.123836
0.124076
0.124194
0.124194
0.124076
0.123836
0.123472
0.122987
0.122380
0.121642
0.120769
0.119765
0.118614
0.117318
0.115873
0.114262
0.112482
0.110525
0.108379
0.106033
0.103464
0.110465
0.112836
0.115011
0.117001
0.118817
0.120469
0.121966
0.123301
0.124499
0.125558
0.126483
0.127278
0.127960
0.128508
0.128944
0.129272
0.129490
0.129599
0.129599
0.129490
0.129272
0.128944
0.128508
0.127960
0.127278
0.126483
0.125558
0.124499
0.123301
0.121966
0.120469
0.118817
0.117001
0.115011
0.112836
0.110465
0.116817
0.119021
0.121042
0.122889
0.124571
0.126097
0.127462
0.128684
0.129775
0.130723
0.131556
0.132269
0.132859
0.133352
0.133745
0.134038
0.134222
0.134315
0.134315
0.134222
0.134038
0.133745
0.133352
0.132859
0.132269
0.131556
0.130723
0.129775
0.128684
0.127462
0.126097
0.124571
0.122889
0.121042
0.119021
0.116817
0.122599
0.124643
0.126509
0.128206
0.129734
0.131100
0.132331
0.133414
0.134373
0.135203
0.135940
0.136542
0.137054
0.137481
0.137823
0.138072
0.138228
0.138307
0.138307
0.138228
0.138072
0.137823
0.137481
0.137054
0.136542
0.135940
0.135203
0.134373
0.133414
0.132331
0.131100
0.129734
0.128206
0.126509
0.124643
0.122599
0.127831
0.129695
0.131375
0.132886
0.134248
0.135447
0.136512
0.137451
0.138279
0.138983
0.139609
0.140142
0.140568
0.140922
0.141206
0.141419
0.141561
0.141632
0.141632
0.141561
0.141419
0.141206
0.140922
0.140568
0.140142
0.139609
0.138983
0.138279
0.137451
0.136512
0.135447
0.134248
0.132886
0.131375
0.129695
0.127831
0.132458
0.134124
0.135599
0.136910
0.138097
0.139114
0.140048
0.140828
0.141537
0.142158
0.142669
0.143117
0.143500
0.143819
0.144067
0.144239
0.144354
0.144412
0.144412
0.144354
0.144239
0.144067
0.143819
0.143500
0.143117
0.142669
0.142158
0.141537
0.140828
0.140048
0.139114
0.138097
0.136910
0.135599
0.134124
0.132458
0.136455
0.137907
0.139166
0.140308
0.141302
0.142202
0.142969
0.143672
0.144279
0.144796
0.145255
0.145657
0.146001
0.146261
0.146468
0.146624
0.146728
0.146780
0.146780
0.146728
0.146624
0.146468
0.146261
0.146001
0.145657
0.145255
0.144796
0.144279
0.143672
0.142969
0.142202
0.141302
0.140308
0.139166
0.137907
0.136455
0.139846
0.141067
0.142182
0.143141
0.144032
0.144779
0.145468
0.146090
0.146609
0.147076
0.147492
0.147855
0.148153
0.148392
0.148582
0.148725
0.148821
0.148869
0.148869
0.148821
0.148725
0.148582
0.148392
0.148153
0.147855
0.147492
0.147076
0.146609
0.146090
0.145468
0.144779
0.144032
0.143141
0.142182
0.141067
0.139846
0.142675
0.143761
0.144705
0.145566
0.146335
0.147010
0.147633
0.148188
0.148665
0.149094
0.149476
0.149810
0.150091
0.150316
0.150496
0.150631
0.150722
0.150767
0.150767
0.150722
0.150631
0.150496
0.150316
0.150091
0.149810
0.149476
0.149094
0.148665
0.148188
0.147633
0.147010
0.146335
0.145566
0.144705
0.143761
0.142675
0.145091
0.146061
0.146892
0.147671
0.148366
0.148986
0.149559
0.150079
0.150530
0.150935
0.151296
0.151611
0.151882
0.152105
0.152281
0.152413
0.152501
0.152545
0.152545
0.152501
0.152413
0.152281
0.152105
0.151882
0.151611
0.151296
0.150935
0.150530
0.150079
0.149559
0.148986
0.148366
0.147671
0.146892
0.146061
0.145091
0.147190
0.148067
0.148831
0.149547
0.150203
0.150789
0.151330
0.151826
0.152270
0.152667
0.153019
0.153328
0.153592
0.153812
0.153988
0.154122
0.154212
0.154256
0.154256
0.154212
0.154122
0.153988
0.153812
0.153592
0.153328
0.153019
0.152667
0.152270
0.151826
0.151330
0.150789
0.150203
0.149547
0.148831
0.148067
0.147190
0.149058
0.149870
0.150598
0.151274
0.151906
0.152481
0.153009
0.153494
0.153935
0.154336
0.154693
0.155006
0.155274
0.155497
0.155676
0.155810
0.155899
0.155944
0.155944
0.155899
0.155810
0.155676
0.155497
0.155274
0.155006
0.154693
0.154336
0.153935
0.153494
0.153009
0.152481
0.151906
0.151274
0.150598
0.149870
0.149058
0.150768
0.151535
0.152251
0.152912
0.153529
0.154103
0.154639
0.155131
0.155577
0.155979
0.156352
0.156678
0.156958
0.157192
0.157378
0.157518
0.157612
0.157658
0.157658
0.157612
0.157518
0.157378
0.157192
0.156958
0.156678
0.156352
0.155979
0.155577
0.155131
0.154639
0.154103
0.153529
0.152912
0.152251
0.151535
0.150768
0.152374
0.153123
0.153828
0.154496
0.155122
0.155703
0.156250
0.156763
0.157230
0.157650
0.158024
0.158372
0.158670
0.158918
0.159116
0.159265
0.159365
0.159414
0.159414
0.159365
0.159265
0.159116
0.158918
0.158670
0.158372
0.158024
0.157650
0.157230
0.156763
0.156250
0.155703
0.155122
0.154496
0.153828
0.153123
0.152374
0.153908
0.154667
0.155382
0.156054
0.156708
0.157315
0.157875
0.158413
0.158909
0.159356
0.159753
0.160108
0.160426
0.160691
0.160903
0.161062
0.161168
0.161221
0.161221
0.161168
0.161062
0.160903
0.160691
0.160426
0.160108
0.159753
0.159356
0.158909
0.158413
0.157875
0.157315
0.156708
0.156054
0.155382
0.154667
0.153908
0.155419
0.156186
0.156933
0.157634
0.158306
0.158951
0.159547
0.160100
0.160630
0.161107
0.161532
0.161903
0.162234
0.162515
0.162740
0.162909
0.163021
0.163077
0.163077
0.163021
0.162909
0.162740
0.162515
0.162234
0.161903
0.161532
0.161107
0.160630
0.160100
0.159547
0.158951
0.158306
0.157634
0.156933
0.156186
0.155419
0.156926
0.157720
0.158497
0.159242
0.159937
0.160622
0.161259
0.161843
0.162395
0.162901
0.163351
0.163744
0.164085
0.164378
0.164612
0.164788
0.164905
0.164963
0.164963
0.164905
0.164788
0.164612
0.164378
0.164085
0.163744
0.163351
0.162901
0.162395
0.161843
0.161259
0.160622
0.159937
0.159242
0.158497
0.157720
0.156926
0.158440
0.159285
0.160085
0.160881
0.161624
0.162332
0.163007
0.163625
0.164195
0.164722
0.165191
0.165601
0.165952
0.166249
0.166488
0.166666
0.166786
0.166845
0.166845
0.166786
0.166666
0.166488
0.166249
0.165952
0.165601
0.165191
0.164722
0.164195
0.163625
0.163007
0.162332
0.161624
0.160881
0.160085
0.159285
0.158440
0.159974
0.160874
0.161723
0.162550
0.163338
0.164072
0.164774
0.165419
0.166004
0.166541
0.167018
0.167436
0.167793
0.168091
0.168328
0.168506
0.168624
0.168683
0.168683
0.168624
0.168506
0.168328
0.168091
0.167793
0.167436
0.167018
0.166541
0.166004
0.165419
0.164774
0.164072
0.163338
0.162550
0.161723
0.160874
0.159974
0.161558
0.162488
0.163388
0.164241
0.165062
0.165823
0.166536
0.167192
0.167788
0.168323
0.168797
0.169211
0.169567
0.169863
0.170097
0.170269
0.170384
0.170441
0.170441
0.170384
0.170269
0.170097
0.169863
0.169567
0.169211
0.168797
0.168323
0.167788
0.167192
0.166536
0.165823
0.165062
0.164241
0.163388
0.162488
0.161558
0.163158
0.164119
0.165056
0.165935
0.166769
0.167545
0.168259
0.168911
0.169503
0.170035
0.170494
0.170896
0.171241
0.171528
0.171757
0.171930
0.172042
0.172096
0.172096
0.172042
0.171930
0.171757
0.171528
0.171241
0.170896
0.170494
0.170035
0.169503
0.168911
0.168259
0.167545
0.166769
0.165935
0.165056
0.164119
0.163158
0.164759
0.165755
0.166705
0.167600
0.168433
0.169203
0.169914
0.170548
0.171123
0.171639
0.172093
0.172474
0.172800
0.173072
0.173290
0.173453
0.173562
0.173616
0.173616
0.173562
0.173453
0.173290
0.173072
0.172800
0.172474
0.172093
0.171639
0.171123
0.170548
0.169914
0.169203
0.168433
0.167600
0.166705
0.165755
0.164759
0.166344
0.167358
0.168311
0.169200
0.170029
0.170775
0.171464
0.172091
0.172635
0.173125
0.173560
0.173940
0.174248
0.174500
0.174702
0.174854
0.174955
0.175005
0.175005
0.174955
0.174854
0.174702
0.174500
0.174248
0.173940
0.173560
0.173125
0.172635
0.172091
0.171464
0.170775
0.170029
0.169200
0.168311
0.167358
0.166344
0.167893
0.168901
0.169850
0.170716
0.171520
0.172252
0.172905
0.173504
0.174044
0.174499
0.174903
0.175257
0.175560
0.175813
0.176014
0.176152
0.176244
0.176291
0.176291
0.176244
0.176152
0.176014
0.175813
0.175560
0.175257
0.174903
0.174499
0.174044
0.173504
0.172905
0.172252
0.171520
0.170716
0.169850
0.168901
0.167893
0.169373
0.170369
0.171289
0.172142
0.172904
0.173612
0.174246
0.174802
0.175307
0.175762
0.176152
0.176475
0.176752
0.176983
0.177167
0.177306
0.177398
0.177444
0.177444
0.177398
0.177306
0.177167
0.176983
0.176752
0.176475
0.176152
0.175762
0.175307
0.174802
0.174246
0.173612
0.172904
0.172142
0.171289
0.170369
0.169373
0.170771
0.171747
0.172632
0.173448
0.174195
0.174852
0.175459
0.176013
0.176475
0.176891
0.177260
0.177583
0.177860
0.178082
0.178248
0.178373
0.178456
0.178498
0.178498
0.178456
0.178373
0.178248
0.178082
0.177860
0.177583
0.177260
0.176891
0.176475
0.176013
0.175459
0.174852
0.174195
0.173448
0.172632
0.171747
0.170771
0.172087
0.173012
0.173883
0.174650
0.175358
0.176014
0.176568
0.177076
0.177538
0.177954
0.178291
0.178582
0.178831
0.179039
0.179205
0.179330
0.179413
0.179455
0.179455
0.179413
0.179330
0.179205
0.179039
0.178831
0.178582
0.178291
0.177954
0.177538
0.177076
0.176568
0.176014
0.175358
0.174650
0.173883
0.173012
0.172087
0.173285
0.174196
0.175005
0.175763
0.176431
0.177031
0.177585
0.178084
0.178500
0.178874
0.179207
0.179498
0.179747
0.179955
0.180107
0.180218
0.180291
0.180328
0.180328
0.180291
0.180218
0.180107
0.179955
0.179747
0.179498
0.179207
0.178874
0.178500
0.178084
0.177585
0.177031
0.176431
0.175763
0.175005
0.174196
0.173285
0.174399
0.175259
0.176062
0.176756
0.177402
0.178003
0.178502
0.178959
0.179375
0.179749
0.180073
0.180330
0.180550
0.180734
0.180881
0.180991
0.181065
0.181102
0.181102
0.181065
0.180991
0.180881
0.180734
0.180550
0.180330
0.180073
0.179749
0.179375
0.178959
0.178502
0.178003
0.177402
0.176756
0.176062
0.175259
0.174399
0.175413
0.176249
0.176989
0.177682
0.178296
0.178837
0.179336
0.179793
0.180185
0.180516
0.180810
0.181067
0.181288
0.181471
0.181619
0.181729
0.181802
0.181839
0.181839
0.181802
0.181729
0.181619
0.181471
0.181288
0.181067
0.180810
0.180516
0.180185
0.179793
0.179336
0.178837
0.178296
0.177682
0.176989
0.176249
0.175413
0.176344
0.177130
0.177869
0.178507
0.179089
0.179630
0.180114
0.180518
0.180886
0.181217
0.181511
0.181768
0.181989
0.182147
0.182272
0.182366
0.182428
0.182460
0.182460
0.182428
0.182366
0.182272
0.182147
0.181989
0.181768
0.181511
0.181217
0.180886
0.180518
0.180114
0.179630
0.179089
0.178507
0.177869
0.177130
0.176344
0.177179
0.177965
0.178634
0.179259
0.179841
0.180338
0.180779
0.181183
0.181551
0.181882
0.182150
0.182369
0.182556
0.182713
0.182838
0.182931
0.182994
0.183025
0.183025
0.182994
0.182931
0.182838
0.182713
0.182556
0.182369
0.182150
0.181882
0.181551
0.181183
0.180779
0.180338
0.179841
0.179259
0.178634
0.177965
0.177179
0.177969
0.178679
0.179345
0.179970
0.180488
0.180966
0.181408
0.181812
0.182153
0.182434
0.182685
0.182904
0.183091
0.183248
0.183373
0.183466
0.183529
0.183560
0.183560
0.183529
0.183466
0.183373
0.183248
0.183091
0.182904
0.182685
0.182434
0.182153
0.181812
0.181408
0.180966
0.180488
0.179970
0.179345
0.178679
0.177969
0.178642
0.179349
0.180014
0.180565
0.181080
0.181559
0.182000
0.182344
0.182657
0.182938
0.183189
0.183408
0.183595
0.183752
0.183877
0.183971
0.184025
0.184049
0.184049
0.184025
0.183971
0.183877
0.183752
0.183595
0.183408
0.183189
0.182938
0.182657
0.182344
0.182000
0.181559
0.181080
0.180565
0.180014
0.179349
0.178642
0.179271
0.179978
0.180570
0.181122
0.181637
0.182098
0.182473
0.182817
0.183130
0.183412
0.183662
0.183881
0.184052
0.184172
0.184267
0.184338
0.184386
0.184410
0.184410
0.184386
0.184338
0.184267
0.184172
0.184052
0.183881
0.183662
0.183412
0.183130
0.182817
0.182473
0.182098
0.181637
0.181122
0.180570
0.179978
0.179271
0.179859
0.180501
0.181089
0.181641
0.182133
0.182540
0.182915
0.183260
0.183572
0.183854
0.184080
0.184247
0.184390
0.184509
0.184604
0.184676
0.184724
0.184747
0.184747
0.184724
0.184676
0.184604
0.184509
0.184390
0.184247
0.184080
0.183854
0.183572
0.183260
0.182915
0.182540
0.182133
0.181641
0.181089
0.180501
0.179859
0.180358
0.180984
0.181573
0.182106
0.182544
0.182951
0.183327
0.183671
0.183984
0.184203
0.184393
0.184560
0.184704
0.184823
0.184918
0.184990
0.185037
0.185061
0.185061
0.185037
0.184990
0.184918
0.184823
0.184704
0.184560
0.184393
0.184203
0.183984
0.183671
0.183327
0.182951
0.182544
0.182106
0.181573
0.180984
0.180358
0.180805
0.181431
0.182017
0.182487
0.182925
0.183332
0.183707
0.184039
0.184278
0.184493
0.184684
0.184851
0.184994
0.185113
0.185209
0.185280
0.185328
0.185352
0.185352
0.185328
0.185280
0.185209
0.185113
0.184994
0.184851
0.184684
0.184493
0.184278
0.184039
0.183707
0.183332
0.182925
0.182487
0.182017
0.181431
0.180805
0.181216
0.181842
0.182366
0.182836
0.183274
0.183682
0.184044
0.184306
0.184545
0.184760
0.184950
0.185118
0.185261
0.185380
0.185476
0.185547
0.185595
0.185619
0.185619
0.185595
0.185547
0.185476
0.185380
0.185261
0.185118
0.184950
0.184760
0.184545
0.184306
0.184044
0.183682
0.183274
0.182836
0.182366
0.181842
0.181216
0.181590
0.182184
0.182685
0.183155
0.183593
0.184000
0.184287
0.184549
0.184788
0.185003
0.185194
0.185361
0.185504
0.185623
0.185719
0.185791
0.185838
0.185862
0.185862
0.185838
0.185791
0.185719
0.185623
0.185504
0.185361
0.185194
0.185003
0.184788
0.184549
0.184287
0.184000
0.183593
0.183155
0.182685
0.182184
0.181590
0.181928
0.182472
0.182973
0.183443
0.183881
0.184220
0.184506
0.184769
0.185008
0.185222
0.185413
0.185581
0.185724
0.185843
0.185939
0.000000
0.000000
0.000000
0.000000
0.000000
0.000000
0.185939
0.185843
0.185724
0.185581
0.185413
0.185222
0.185008
0.184769
0.184506
0.184220
0.183881
0.183443
0.182973
0.182472
0.181928
0.182196
0.182728
0.183230
0.183699
0.184105
0.184416
0.184702
0.184965
0.185204
0.185419
0.185610
0.185777
0.185920
0.000000
0.000000
0.000000
0.000000
0.000000
0.000000
0.000000
0.000000
0.000000
0.000000
0.185920
0.185777
0.185610
0.185419
0.185204
0.184965
0.184702
0.184416
0.184105
0.183699
0.183230
0.182728
0.182196
0.182421
0.182954
0.183455
0.183925
0.184278
0.184588
0.184875
0.185137
0.185376
0.185591
0.185782
0.185950
0.000000
0.000000
0.000000
0.000000
0.000000
0.000000
0.000000
0.000000
0.000000
0.000000
0.000000
0.000000
0.185950
0.185782
0.185591
0.185376
0.185137
0.184875
0.184588
0.184278
0.183925
0.183455
0.182954
0.182421
0.182616
0.183149
0.183650
0.184092
0.184426
0.184737
0.185023
0.185286
0.185525
0.185740
0.185931
0.000000
0.000000
0.000000
0.000000
0.000000
0.000000
0.000000
0.000000
0.000000
0.000000
0.000000
0.000000
0.000000
0.000000
0.185931
0.185740
0.185525
0.185286
0.185023
0.184737
0.184426
0.184092
0.183650
0.183149
0.182616
0.182780
0.183313
0.183814
0.184217
0.184551
0.184862
0.185149
0.185412
0.185651
0.185866
0.000000
0.000000
0.000000
0.000000
0.000000
0.000000
0.000000
0.000000
0.000000
0.000000
0.000000
0.000000
0.000000
0.000000
0.000000
0.000000
0.185866
0.185651
0.185412
0.185149
0.184862
0.184551
0.184217
0.183814
0.183313
0.182780
0.182913
0.183446
0.183947
0.184318
0.184653
0.184964
0.185250
0.185513
0.185752
0.185967
0.000000
0.000000
0.000000
0.000000
0.000000
0.000000
0.000000
0.000000
0.000000
0.000000
0.000000
0.000000
0.000000
0.000000
0.000000
0.000000
0.185967
0.185752
0.185513
0.185250
0.184964
0.184653
0.184318
0.183947
0.183446
0.182913
0.183014
0.183548
0.184038
0.184396
0.184731
0.185042
0.185328
0.185591
0.185830
0.000000
0.000000
0.000000
0.000000
0.000000
0.000000
0.000000
0.000000
0.000000
0.000000
0.000000
0.000000
0.000000
0.000000
0.000000
0.000000
0.000000
0.000000
0.185830
0.185591
0.185328
0.185042
0.184731
0.184396
0.184038
0.183548
0.183014
0.183085
0.183618
0.184092
0.184450
0.184785
0.185096
0.185383
0.185646
0.185885
0.000000
0.000000
0.000000
0.000000
0.000000
0.000000
0.000000
0.000000
0.000000
0.000000
0.000000
0.000000
0.000000
0.000000
0.000000
0.000000
0.000000
0.000000
0.185885
0.185646
0.185383
0.185096
0.184785
0.184450
0.184092
0.183618
0.183085
0.183125
0.183658
0.184122
0.184481
0.184816
0.185126
0.185413
0.185677
0.185916
0.000000
0.000000
0.000000
0.000000
0.000000
0.000000
0.000000
0.000000
0.000000
0.000000
0.000000
0.000000
0.000000
0.000000
0.000000
0.000000
0.000000
0.000000
0.185916
0.185677
0.185413
0.185126
0.184816
0.184481
0.184122
0.183658
0.183125
0.183134
0.183667
0.184129
0.184488
0.184823
0.185133
0.185421
0.185684
0.185923
0.000000
0.000000
0.000000
0.000000
0.000000
0.000000
0.000000
0.000000
0.000000
0.000000
0.000000
0.000000
0.000000
0.000000
0.000000
0.000000
0.000000
0.000000
0.185923
0.185684
0.185421
0.185133
0.184823
0.184488
0.184129
0.183667
0.183134
0.183111
0.183645
0.184112
0.184471
0.184806
0.185117
0.185404
0.185667
0.185906
0.000000
0.000000
0.000000
0.000000
0.000000
0.000000
0.000000
0.000000
0.000000
0.000000
0.000000
0.000000
0.000000
0.000000
0.000000
0.000000
0.000000
0.000000
0.185906
0.185667
0.185404
0.185117
0.184806
0.184471
0.184112
0.183645
0.183111
0.183058
0.183592
0.184072
0.184430
0.184765
0.185076
0.185364
0.185627
0.185866
0.000000
0.000000
0.000000
0.000000
0.000000
0.000000
0.000000
0.000000
0.000000
0.000000
0.000000
0.000000
0.000000
0.000000
0.000000
0.000000
0.000000
0.000000
0.185866
0.185627
0.185364
0.185076
0.184765
0.184430
0.184072
0.183592
0.183058
0.182973
0.183507
0.184007
0.184366
0.184701
0.185012
0.185300
0.185563
0.185802
0.000000
0.000000
0.000000
0.000000
0.000000
0.000000
0.000000
0.000000
0.000000
0.000000
0.000000
0.000000
0.000000
0.000000
0.000000
0.000000
0.000000
0.000000
0.185802
0.185563
0.185300
0.185012
0.184701
0.184366
0.184007
0.183507
0.182973
0.182858
0.183392
0.183894
0.184278
0.184613
0.184925
0.185212
0.185475
0.185714
0.185930
0.000000
0.000000
0.000000
0.000000
0.000000
0.000000
0.000000
0.000000
0.000000
0.000000
0.000000
0.000000
0.000000
0.000000
0.000000
0.000000
0.185930
0.185714
0.185475
0.185212
0.184925
0.184613
0.184278
0.183894
0.183392
0.182858
0.182711
0.183245
0.183747
0.184167
0.184502
0.184813
0.185100
0.185364
0.185603
0.185819
0.000000
0.000000
0.000000
0.000000
0.000000
0.000000
0.000000
0.000000
0.000000
0.000000
0.000000
0.000000
0.000000
0.000000
0.000000
0.000000
0.185819
0.185603
0.185364
0.185100
0.184813
0.184502
0.184167
0.183747
0.183245
0.182711
0.182533
0.183067
0.183570
0.184031
0.184366
0.184678
0.184965
0.185228
0.185468
0.185683
0.185875
0.000000
0.000000
0.000000
0.000000
0.000000
0.000000
0.000000
0.000000
0.000000
0.000000
0.000000
0.000000
0.000000
0.000000
0.185875
0.185683
0.185468
0.185228
0.184965
0.184678
0.184366
0.184031
0.183570
0.183067
0.182533
0.182324
0.182858
0.183361
0.183832
0.184207
0.184519
0.184806
0.185069
0.185309
0.185525
0.185716
0.185884
0.000000
0.000000
0.000000
0.000000
0.000000
0.000000
0.000000
0.000000
0.000000
0.000000
0.000000
0.000000
0.185884
0.185716
0.185525
0.185309
0.185069
0.184806
0.184519
0.184207
0.183832
0.183361
0.182858
0.182324
0.182083
0.182618
0.183121
0.183592
0.184024
0.184336
0.184623
0.184887
0.185126
0.185342
0.185534
0.185701
0.185845
0.185965
0.000000
0.000000
0.000000
0.000000
0.000000
0.000000
0.000000
0.000000
0.185965
0.185845
0.185701
0.185534
0.185342
0.185126
0.184887
0.184623
0.184336
0.184024
0.183592
0.183121
0.182618
0.182083
0.181779
0.182346
0.182849
0.183321
0.183761
0.184129
0.184417
0.184680
0.184920
0.185135
0.185327
0.185495
0.185639
0.185759
0.185854
0.185926
0.185974
0.185998
0.185998
0.185974
0.185926
0.185854
0.185759
0.185639
0.185495
0.185327
0.185135
0.184920
0.184680
0.184417
0.184129
0.183761
0.183321
0.182849
0.182346
0.181779
0.181423
0.182044
0.182547
0.183018
0.183458
0.183867
0.184186
0.184450
0.184690
0.184905
0.185097
0.185265
0.185409
0.185528
0.185624
0.185696
0.185744
0.185768
0.185768
0.185744
0.185696
0.185624
0.185528
0.185409
0.185265
0.185097
0.184905
0.184690
0.184450
0.184186
0.183867
0.183458
0.183018
0.182547
0.182044
0.181423
0.181030
0.181658
0.182213
0.182684
0.183125
0.183534
0.183911
0.184196
0.184435
0.184651
0.184843
0.185011
0.185155
0.185274
0.185370
0.185442
0.185490
0.185514
0.185514
0.185490
0.185442
0.185370
0.185274
0.185155
0.185011
0.184843
0.184651
0.184435
0.184196
0.183911
0.183534
0.183125
0.182684
0.182213
0.181658
0.181030
0.180600
0.181229
0.181821
0.182319
0.182760
0.183169
0.183546
0.183892
0.184158
0.184373
0.184565
0.184733
0.184877
0.184997
0.185093
0.185164
0.185212
0.185236
0.185236
0.185212
0.185164
0.185093
0.184997
0.184877
0.184733
0.184565
0.184373
0.184158
0.183892
0.183546
0.183169
0.182760
0.182319
0.181821
0.181229
0.180600
0.180134
0.180763
0.181355
0.181910
0.182364
0.182772
0.183150
0.183496
0.183811
0.184072
0.184263
0.184431
0.184575
0.184695
0.184791
0.184863
0.184911
0.184935
0.184935
0.184911
0.184863
0.184791
0.184695
0.184575
0.184431
0.184263
0.184072
0.183811
0.183496
0.183150
0.182772
0.182364
0.181910
0.181355
0.180763
0.180134
0.179582
0.180259
0.180852
0.181407
0.181925
0.182345
0.182723
0.183069
0.183383
0.183667
0.183918
0.184106
0.184250
0.184369
0.184465
0.184537
0.184585
0.184609
0.184609
0.184585
0.184537
0.184465
0.184369
0.184250
0.184106
0.183918
0.183667
0.183383
0.183069
0.182723
0.182345
0.181925
0.181407
0.180852
0.180259
0.179582
0.178970
0.179683
0.180312
0.180867
0.181385
0.181866
0.182264
0.182610
0.182925
0.183208
0.183460
0.183680
0.183869
0.184020
0.184116
0.184188
0.184236
0.184260
0.184260
0.184236
0.184188
0.184116
0.184020
0.183869
0.183680
0.183460
0.183208
0.182925
0.182610
0.182264
0.181866
0.181385
0.180867
0.180312
0.179683
0.178970
0.178317
0.179030
0.179700
0.180290
0.180809
0.181290
0.181734
0.182120
0.182435
0.182718
0.182970
0.183190
0.183379
0.183537
0.183663
0.183757
0.183820
0.183852
0.183852
0.183820
0.183757
0.183663
0.183537
0.183379
0.183190
0.182970
0.182718
0.182435
0.182120
0.181734
0.181290
0.180809
0.180290
0.179700
0.179030
0.178317
0.177581
0.178335
0.179006
0.179634
0.180195
0.180676
0.181121
0.181528
0.181898
0.182197
0.182449
0.182669
0.182858
0.183016
0.183142
0.183236
0.183299
0.183330
0.183330
0.183299
0.183236
0.183142
0.183016
0.182858
0.182669
0.182449
0.182197
0.181898
0.181528
0.181121
0.180676
0.180195
0.179634
0.179006
0.178335
0.177581
0.176763
0.177554
0.178269
0.178898
0.179485
0.180026
0.180471
0.180878
0.181248
0.181582
0.181878
0.182117
0.182306
0.182463
0.182589
0.182684
0.182747
0.182778
0.182778
0.182747
0.182684
0.182589
0.182463
0.182306
0.182117
0.181878
0.181582
0.181248
0.180878
0.180471
0.180026
0.179485
0.178898
0.178269
0.177554
0.176763
0.175888
0.176690
0.177435
0.178120
0.178707
0.179252
0.179755
0.180191
0.180562
0.180895
0.181191
0.181451
0.181673
0.181858
0.182005
0.182100
0.182163
0.182194
0.182194
0.182163
0.182100
0.182005
0.181858
0.181673
0.181451
0.181191
0.180895
0.180562
0.180191
0.179755
0.179252
0.178707
0.178120
0.177435
0.176690
0.175888
0.174891
0.175758
0.176524
0.177223
0.177875
0.178433
0.178936
0.179397
0.179816
0.180171
0.180468
0.180727
0.180949
0.181134
0.181283
0.181394
0.181468
0.181505
0.181505
0.181468
0.181394
0.181283
0.181134
0.180949
0.180727
0.180468
0.180171
0.179816
0.179397
0.178936
0.178433
0.177875
0.177223
0.176524
0.175758
0.174891
0.173831
0.174710
0.175526
0.176266
0.176918
0.177524
0.178075
0.178536
0.178955
0.179333
0.179668
0.179962
0.180189
0.180374
0.180522
0.180633
0.180707
0.180744
0.180744
0.180707
0.180633
0.180522
0.180374
0.180189
0.179962
0.179668
0.179333
0.178955
0.178536
0.178075
0.177524
0.176918
0.176266
0.175526
0.174710
0.173831
0.172647
0.173581
0.174427
0.175192
0.175906
0.176520
0.177080
0.177592
0.178052
0.178430
0.178765
0.179059
0.179311
0.179520
0.179688
0.179814
0.179898
0.179940
0.179940
0.179898
0.179814
0.179688
0.179520
0.179311
0.179059
0.178765
0.178430
0.178052
0.177592
0.177080
0.176520
0.175906
0.175192
0.174427
0.173581
0.172647
0.171376
0.172343
0.173222
0.174043
0.174757
0.175420
0.176030
0.176542
0.177008
0.177428
0.177801
0.178114
0.178366
0.178576
0.178744
0.178870
0.178954
0.178995
0.178995
0.178954
0.178870
0.178744
0.178576
0.178366
0.178114
0.177801
0.177428
0.177008
0.176542
0.176030
0.175420
0.174757
0.174043
0.173222
0.172343
0.171376
0.170011
0.170997
0.171925
0.172753
0.173522
0.174220
0.174832
0.175394
0.175904
0.176332
0.176705
0.177031
0.177311
0.177544
0.177730
0.177870
0.177964
0.178009
0.178009
0.177964
0.177870
0.177730
0.177544
0.177311
0.177031
0.176705
0.176332
0.175904
0.175394
0.174832
0.174220
0.173522
0.172753
0.171925
0.170997
0.170011
0.168542
0.169560
0.170502
0.171372
0.172175
0.172889
0.173549
0.174143
0.174653
0.175112
0.175521
0.175878
0.176168
0.176401
0.176588
0.176728
0.176821
0.176868
0.176868
0.176821
0.176728
0.176588
0.176401
0.176168
0.175878
0.175521
0.175112
0.174653
0.174143
0.173549
0.172889
0.172175
0.171372
0.170502
0.169560
0.168542
0.167006
0.168031
0.168990
0.169888
0.170704
0.171458
0.172147
0.172751
0.173301
0.173796
0.174219
0.174576
0.174882
0.175138
0.175342
0.175495
0.175597
0.175648
0.175648
0.175597
0.175495
0.175342
0.175138
0.174882
0.174576
0.174219
0.173796
0.173301
0.172751
0.172147
0.171458
0.170704
0.169888
0.168990
0.168031
0.167006
0.165417
0.166432
0.167397
0.168300
0.169139
0.169917
0.170616
0.171255
0.171835
0.172339
0.172779
0.173164
0.173494
0.173768
0.173988
0.174142
0.174245
0.174296
0.174296
0.174245
0.174142
0.173988
0.173768
0.173494
0.173164
0.172779
0.172339
0.171835
0.171255
0.170616
0.169917
0.169139
0.168300
0.167397
0.166432
0.165417
0.163795
0.164794
0.165742
0.166642
0.167487
0.168269
0.168989
0.169648
0.170239
0.170762
0.171226
0.171633
0.171981
0.172257
0.172477
0.172642
0.172752
0.172807
0.172807
0.172752
0.172642
0.172477
0.172257
0.171981
0.171633
0.171226
0.170762
0.170239
0.169648
0.168989
0.168269
0.167487
0.166642
0.165742
0.164794
0.163795
0.162172
0.163140
0.164052
0.164941
0.165771
0.166552
0.167276
0.167940
0.168539
0.169079
0.169558
0.169978
0.170327
0.170617
0.170850
0.171024
0.171140
0.171198
0.171198
0.171140
0.171024
0.170850
0.170617
0.170327
0.169978
0.169558
0.169079
0.168539
0.167940
0.167276
0.166552
0.165771
0.164941
0.164052
0.163140
0.162172
0.160577
0.161490
0.162371
0.163225
0.164023
0.164793
0.165505
0.166160
0.166763
0.167307
0.167789
0.168211
0.168570
0.168870
0.169110
0.169290
0.169409
0.169469
0.169469
0.169409
0.169290
0.169110
0.168870
0.168570
0.168211
0.167789
0.167307
0.166763
0.166160
0.165505
0.164793
0.164023
0.163225
0.162371
0.161490
0.160577
0.159006
0.159861
0.160711
0.161517
0.162286
0.163026
0.163709
0.164349
0.164942
0.165476
0.165950
0.166372
0.166734
0.167036
0.167278
0.167459
0.167579
0.167640
0.167640
0.167579
0.167459
0.167278
0.167036
0.166734
0.166372
0.165950
0.165476
0.164942
0.164349
0.163709
0.163026
0.162286
0.161517
0.160711
0.159861
0.159006
0.157456
0.158277
0.159082
0.159836
0.160577
0.161276
0.161921
0.162543
0.163112
0.163625
0.164084
0.164499
0.164855
0.165151
0.165388
0.165566
0.165685
0.165744
0.165744
0.165685
0.165566
0.165388
0.165151
0.164855
0.164499
0.164084
0.163625
0.163112
0.162543
0.161921
0.161276
0.160577
0.159836
0.159082
0.158277
0.157456
0.155922
0.156723
0.157480
0.158201
0.158906
0.159560
0.160175
0.160766
0.161304
0.161788
0.162231
0.162629
0.162971
0.163256
0.163484
0.163655
0.163769
0.163826
0.163826
0.163769
0.163655
0.163484
0.163256
0.162971
0.162629
0.162231
0.161788
0.161304
0.160766
0.160175
0.159560
0.158906
0.158201
0.157480
0.156723
0.155922
0.154404
0.155175
0.155900
0.156605
0.157267
0.157883
0.158479
0.159033
0.159536
0.159989
0.160419
0.160795
0.161117
0.161386
0.161601
0.161763
0.161870
0.161924
0.161924
0.161870
0.161763
0.161601
0.161386
0.161117
0.160795
0.160419
0.159989
0.159536
0.159033
0.158479
0.157883
0.157267
0.156605
0.155900
0.155175
0.154404
0.152857
0.153617
0.154337
0.155017
0.155651
0.156251
0.156819
0.157340
0.157813
0.158254
0.158657
0.159009
0.159311
0.159563
0.159764
0.159915
0.160017
0.160071
0.160071
0.160017
0.159915
0.159764
0.159563
0.159311
0.159009
0.158657
0.158254
0.157813
0.157340
0.156819
0.156251
0.155651
0.155017
0.154337
0.153617
0.152857
0.151253
0.152030
0.152746
0.153416
0.154043
0.154632
0.155176
0.155675
0.156134
0.156560
0.156939
0.157270
0.157554
0.157791
0.157980
0.158130
0.158231
0.158281
0.158281
0.158231
0.158130
0.157980
0.157791
0.157554
0.157270
0.156939
0.156560
0.156134
0.155675
0.155176
0.154632
0.154043
0.153416
0.152746
0.152030
0.151253
0.149559
0.150362
0.151094
0.151780
0.152411
0.152993
0.153530
0.154022
0.154475
0.154883
0.155246
0.155563
0.155835
0.156065
0.156254
0.156396
0.156491
0.156538
0.156538
0.156491
0.156396
0.156254
0.156065
0.155835
0.155563
0.155246
0.154883
0.154475
0.154022
0.153530
0.152993
0.152411
0.151780
0.151094
0.150362
0.149559
0.147720
0.148567
0.149342
0.150065
0.150706
0.151301
0.151850
0.152346
0.152793
0.153196
0.153554
0.153867
0.154137
0.154364
0.154545
0.154681
0.154772
0.154817
0.154817
0.154772
0.154681
0.154545
0.154364
0.154137
0.153867
0.153554
0.153196
0.152793
0.152346
0.151850
0.151301
0.150706
0.150065
0.149342
0.148567
0.147720
0.145657
0.146587
0.147431
0.148204
0.148883
0.149513
0.150090
0.150593
0.151051
0.151463
0.151829
0.152146
0.152415
0.152638
0.152817
0.152952
0.153041
0.153086
0.153086
0.153041
0.152952
0.152817
0.152638
0.152415
0.152146
0.151829
0.151463
0.151051
0.150593
0.150090
0.149513
0.148883
0.148204
0.147431
0.146587
0.145657
0.143280
0.144345
0.145279
0.146140
0.146878
0.147564
0.148182
0.148715
0.149200
0.149636
0.150023
0.150343
0.150618
0.150847
0.151030
0.151168
0.151259
0.151305
0.151305
0.151259
0.151168
0.151030
0.150847
0.150618
0.150343
0.150023
0.149636
0.149200
0.148715
0.148182
0.147564
0.146878
0.146140
0.145279
0.144345
0.143280
0.140501
0.141727
0.142794
0.143769
0.144609
0.145368
0.146062
0.146643
0.147171
0.147646
0.148062
0.148402
0.148693
0.148936
0.149130
0.149275
0.149372
0.149421
0.149421
0.149372
0.149275
0.149130
0.148936
0.148693
0.148402
0.148062
0.147646
0.147171
0.146643
0.146062
0.145368
0.144609
0.143769
0.142794
0.141727
0.140501
0.137183
0.138605
0.139878
0.140972
0.141982
0.142829
0.143609
0.144291
0.144875
0.145400
0.145867
0.146250
0.146566
0.146830
0.147041
0.147200
0.147305
0.147358
0.147358
0.147305
0.147200
0.147041
0.146830
0.146566
0.146250
0.145867
0.145400
0.144875
0.144291
0.143609
0.142829
0.141982
0.140972
0.139878
0.138605
0.137183
0.133245
0.134888
0.136361
0.137664
0.138806
0.139841
0.140722
0.141516
0.142214
0.142799
0.143319
0.143774
0.144148
0.144440
0.144673
0.144848
0.144965
0.145024
0.145024
0.144965
0.144848
0.144673
0.144440
0.144148
0.143774
0.143319
0.142799
0.142214
0.141516
0.140722
0.139841
0.138806
0.137664
0.136361
0.134888
0.133245
0.128646
0.130511
0.132196
0.133699
0.135032
0.136234
0.137276
0.138213
0.139009
0.139726
0.140329
0.140834
0.141267
0.141628
0.141917
0.142120
0.142250
0.142315
0.142315
0.142250
0.142120
0.141917
0.141628
0.141267
0.140834
0.140329
0.139726
0.139009
0.138213
0.137276
0.136234
0.135032
0.133699
0.132196
0.130511
0.128646
0.123419
0.125475
0.127345
0.129039
0.130568
0.131946
0.133152
0.134239
0.135177
0.136020
0.136716
0.137324
0.137846
0.138257
0.138575
0.138814
0.138974
0.139053
0.139053
0.138974
0.138814
0.138575
0.138257
0.137846
0.137324
0.136716
0.136020
0.135177
0.134239
0.133152
0.131946
0.130568
0.129039
0.127345
0.125475
0.123419
0.117611
0.119837
0.121875
0.123733
0.125419
0.126945
0.128321
0.129544
0.130626
0.131580
0.132405
0.133107
0.133709
0.134197
0.134572
0.134854
0.135042
0.135136
0.135136
0.135042
0.134854
0.134572
0.134197
0.133709
0.133107
0.132405
0.131580
0.130626
0.129544
0.128321
0.126945
0.125419
0.123733
0.121875
0.119837
0.117611
0.111210
0.113609
0.115807
0.117816
0.119646
0.121308
0.122811
0.124166
0.125365
0.126429
0.127356
0.128160
0.128827
0.129383
0.129828
0.130155
0.130367
0.130473
0.130473
0.130367
0.130155
0.129828
0.129383
0.128827
0.128160
0.127356
0.126429
0.125365
0.124166
0.122811
0.121308
0.119646
0.117816
0.115807
0.113609
0.111210
0.104151
0.106742
0.109117
0.111287
0.113264
0.115060
0.116686
0.118152
0.119457
0.120615
0.121632
0.122508
0.123250
0.123869
0.124352
0.124712
0.124952
0.125072
0.125072
0.124952
0.124712
0.124352
0.123869
0.123250
0.122508
0.121632
0.120615
0.119457
0.118152
0.116686
0.115060
0.113264
0.111287
0.109117
0.106742
0.104151
0.000000
0.099137
0.101722
0.104080
0.106223
0.108170
0.109930
0.111508
0.112920
0.114177
0.115272
0.116225
0.117027
0.117696
0.118225
0.118616
0.118877
0.119008
0.119008
0.118877
0.118616
0.118225
0.117696
0.117027
0.116225
0.115272
0.114177
0.112920
0.111508
0.109930
0.108170
0.106223
0.104080
0.101722
0.099137
0.000000
0.000000
0.000000
0.000000
0.000000
0.098405
0.100526
0.102441
0.104164
0.105699
0.107056
0.108251
0.109277
0.110154
0.110871
0.111445
0.111875
0.112158
0.112298
0.112298
0.112158
0.111875
0.111445
0.110871
0.110154
0.109277
0.108251
0.107056
0.105699
0.104164
0.102441
0.100526
0.098405
0.000000
0.000000
0.000000
0.000000
