0.180486
0.181371
0.182174
0.182839
0.183459
0.184027
0.184432
0.184803
0.185141
0.185445
0.185715
0.185952
0.000000
0.000000
0.000000
0.000000
0.000000
0.000000
0.000000
0.000000
0.000000
0.000000
0.000000
0.000000
0.185952
0.185715
0.185445
0.185141
0.184803
0.184432
0.184027
0.183459
0.182839
0.182174
0.181371
0.180486
0.183854
0.184463
0.185003
0.185510
0.185983
0.000000
0.000000
0.000000
0.000000
0.098721
0.100554
0.102131
0.103455
0.104546
0.105410
0.106056
0.106478
0.106689
0.106689
0.106478
0.106056
0.105410
0.104546
0.103455
0.102131
0.100554
0.098721
0.000000
0.000000
0.000000
0.000000
0.185983
0.185510
0.185003
0.184463
0.183854
0.000000
0.000000
0.000000
0.098940
0.102121
0.104969
0.107525
0.109807
0.111828
0.113607
0.115157
0.116494
0.117623
0.118550
0.119284
0.119835
0.120198
0.120377
0.120377
0.120198
0.119835
0.119284
0.118550
0.117623
0.116494
0.115157
0.113607
0.111828
0.109807
0.107525
0.104969
0.102121
0.098940
0.000000
0.000000
0.000000
0.103659
0.107308
0.110613
0.113603
0.116303
0.118731
0.120912
0.122858
0.124581
0.126098
0.127403
0.128524
0.129464
0.130236
0.130833
0.131281
0.131580
0.131730
0.131730
0.131580
0.131281
0.130833
0.130236
0.129464
0.128524
0.127403
0.126098
0.124581
0.122858
0.120912
0.118731
0.116303
0.113603
0.110613
0.107308
0.103659
0.117431
0.120554
0.123381
0.125934
0.128212
0.130238
0.132030
0.133584
0.134934
0.136116
0.137096
0.137954
0.138631
0.139192
0.139641
0.139978
0.140184
0.140286
0.140286
0.140184
0.139978
0.139641
0.139192
0.138631
0.137954
0.137096
0.136116
0.134934
0.133584
0.132030
0.130238
0.128212
0.125934
0.123381
0.120554
0.117431
0.129000
0.131588
0.133872
0.135865
0.137591
0.139085
0.140393
0.141513
0.142478
0.143304
0.144033
0.144610
0.145105
0.145517
0.145846
0.146085
0.146234
0.146308
0.146308
0.146234
0.146085
0.145846
0.145517
0.145105
0.144610
0.144033
0.143304
0.142478
0.141513
0.140393
0.139085
0.137591
0.135865
0.133872
0.131588
0.129000
0.138081
0.139990
0.141621
0.143035
0.144286
0.145358
0.146314
0.147134
0.147879
0.148505
0.149053
0.149533
0.149944
0.150270
0.150529
0.150723
0.150852
0.150917
0.150917
0.150852
0.150723
0.150529
0.150270
0.149944
0.149533
0.149053
0.148505
0.147879
0.147134
0.146314
0.145358
0.144286
0.143035
0.141621
0.139990
0.138081
0.144541
0.145942
0.147141
0.148238
0.149197
0.150083
0.150859
0.151571
0.152213
0.152782
0.153288
0.153730
0.154111
0.154432
0.154688
0.154880
0.155009
0.155073
0.155073
0.155009
0.154880
0.154688
0.154432
0.154111
0.153730
0.153288
0.152782
0.152213
0.151571
0.150859
0.150083
0.149197
0.148238
0.147141
0.145942
0.144541
0.149342
0.150478
0.151514
0.152473
0.153359
0.154184
0.154953
0.155659
0.156313
0.156916
0.157452
0.157921
0.158343
0.158699
0.158984
0.159198
0.159340
0.159412
0.159412
0.159340
0.159198
0.158984
0.158699
0.158343
0.157921
0.157452
0.156916
0.156313
0.155659
0.154953
0.154184
0.153359
0.152473
0.151514
0.150478
0.149342
0.153431
0.154514
0.155540
0.156524
0.157462
0.158354
0.159210
0.159993
0.160754
0.161439
0.162051
0.162616
0.163100
0.163503
0.163826
0.164071
0.164239
0.164323
0.164323
0.164239
0.164071
0.163826
0.163503
0.163100
0.162616
0.162051
0.161439
0.160754
0.159993
0.159210
0.158354
0.157462
0.156524
0.155540
0.154514
0.153431
0.157473
0.158652
0.159792
0.160920
0.161986
0.163034
0.164003
0.164927
0.165768
0.166533
0.167218
0.167817
0.168328
0.168753
0.169093
0.169348
0.169518
0.169603
0.169603
0.169518
0.169348
0.169093
0.168753
0.168328
0.167817
0.167218
0.166533
0.165768
0.164927
0.164003
0.163034
0.161986
0.160920
0.159792
0.158652
0.157473
0.161925
0.163292
0.164608
0.165869
0.167065
0.168177
0.169197
0.170128
0.170951
0.171693
0.172333
0.172879
0.173348
0.173738
0.174046
0.174264
0.174409
0.174481
0.174481
0.174409
0.174264
0.174046
0.173738
0.173348
0.172879
0.172333
0.171693
0.170951
0.170128
0.169197
0.168177
0.167065
0.165869
0.164608
0.163292
0.161925
0.166913
0.168366
0.169726
0.170971
0.172118
0.173132
0.174064
0.174862
0.175586
0.176218
0.176748
0.177212
0.177609
0.177940
0.178185
0.178364
0.178483
0.178542
0.178542
0.178483
0.178364
0.178185
0.177940
0.177609
0.177212
0.176748
0.176218
0.175586
0.174862
0.174064
0.173132
0.172118
0.170971
0.169726
0.168366
0.166913
0.171898
0.173230
0.174445
0.175533
0.176501
0.177362
0.178141
0.178797
0.179394
0.179930
0.180360
0.180729
0.181045
0.181309
0.181519
0.181678
0.181783
0.181836
0.181836
0.181783
0.181678
0.181519
0.181309
0.181045
0.180729
0.180360
0.179930
0.179394
0.178797
0.178141
0.177362
0.176501
0.175533
0.174445
0.173230
0.171898
0.176254
0.177380
0.178397
0.179292
0.180112
0.180797
0.181430
0.182008
0.182457
0.182860
0.183219
0.183532
0.183801
0.184019
0.184156
0.184259
0.184327
0.184361
0.184361
0.184327
0.184259
0.184156
0.184019
0.183801
0.183532
0.183219
0.182860
0.182457
0.182008
0.181430
0.180797
0.180112
0.179292
0.178397
0.177380
0.176254
0.179846
0.180761
0.181604
0.182336
0.182964
0.183547
0.184065
0.184441
0.184783
0.185090
0.185364
0.185603
0.185808
0.185979
0.000000
0.000000
0.000000
0.000000
0.000000
0.000000
0.000000
0.000000
0.185979
0.185808
0.185603
0.185364
0.185090
0.184783
0.184441
0.184065
0.183547
0.182964
0.182336
0.181604
0.180761
0.179846
0.182709
0.183472
0.184145
0.184657
0.185136
0.185581
0.185991
0.000000
0.000000
0.000000
0.000000
0.000000
0.000000
0.099163
0.100095
0.100780
0.101237
0.101465
0.101465
0.101237
0.100780
0.100095
0.099163
0.000000
0.000000
0.000000
0.000000
0.000000
0.000000
0.185991
0.185581
0.185136
0.184657
0.184145
0.183472
0.182709
0.184909
0.185490
0.000000
0.000000
0.000000
0.000000
0.099017
0.101552
0.103796
0.105768
0.107483
0.108957
0.110205
0.111226
0.112042
0.112641
0.113040
0.113240
0.113240
0.113040
0.112641
0.112042
0.111226
0.110205
0.108957
0.107483
0.105768
0.103796
0.101552
0.099017
0.000000
0.000000
0.000000
0.000000
0.185490
0.184909
0.000000
0.000000
0.099108
0.102543
0.105636
0.108413
0.110900
0.113121
0.115092
0.116827
0.118343
0.119644
0.120741
0.121647
0.122362
0.122891
0.123243
0.123420
0.123420
0.123243
0.122891
0.122362
0.121647
0.120741
0.119644
0.118343
0.116827
0.115092
0.113121
0.110900
0.108413
0.105636
0.102543
0.099108
0.000000
0.000000
0.103751
0.107441
0.110780
0.113803
0.116526
0.118980
0.121181
0.123143
0.124879
0.126404
0.127725
0.128847
0.129798
0.130564
0.131169
0.131623
0.131926
0.132073
0.132073
0.131926
0.131623
0.131169
0.130564
0.129798
0.128847
0.127725
0.126404
0.124879
0.123143
0.121181
0.118980
0.116526
0.113803
0.110780
0.107441
0.103751
0.114672
0.117943
0.120898
0.123574
0.125982
0.128125
0.130028
0.131692
0.133140
0.134400
0.135472
0.136379
0.137124
0.137744
0.138220
0.138561
0.138789
0.138902
0.138902
0.138789
0.138561
0.138220
0.137744
0.137124
0.136379
0.135472
0.134400
0.133140
0.131692
0.130028
0.128125
0.125982
0.123574
0.120898
0.117943
0.114672
0.124177
0.127049
0.129626
0.131914
0.133922
0.135669
0.137183
0.138502
0.139639
0.140601
0.141426
0.142133
0.142690
0.143154
0.143525
0.143804
0.143990
0.144074
0.144074
0.143990
0.143804
0.143525
0.143154
0.142690
0.142133
0.141426
0.140601
0.139639
0.138502
0.137183
0.135669
0.133922
0.131914
0.129626
0.127049
0.124177
0.132273
0.134662
0.136747
0.138558
0.140136
0.141477
0.142643
0.143665
0.144534
0.145285
0.145953
0.146485
0.146938
0.147315
0.147617
0.147844
0.147994
0.148064
0.148064
0.147994
0.147844
0.147617
0.147315
0.146938
0.146485
0.145953
0.145285
0.144534
0.143665
0.142643
0.141477
0.140136
0.138558
0.136747
0.134662
0.132273
0.138729
0.140601
0.142227
0.143620
0.144827
0.145913
0.146827
0.147657
0.148379
0.149003
0.149558
0.150041
0.150434
0.150761
0.151023
0.151220
0.151351
0.151416
0.151416
0.151351
0.151220
0.151023
0.150761
0.150434
0.150041
0.149558
0.149003
0.148379
0.147657
0.146827
0.145913
0.144827
0.143620
0.142227
0.140601
0.138729
0.143669
0.145122
0.146414
0.147547
0.148555
0.149457
0.150273
0.150994
0.151649
0.152234
0.152746
0.153194
0.153579
0.153899
0.154157
0.154352
0.154482
0.154547
0.154547
0.154482
0.154352
0.154157
0.153899
0.153579
0.153194
0.152746
0.152234
0.151649
0.150994
0.150273
0.149457
0.148555
0.147547
0.146414
0.145122
0.143669
0.147513
0.148732
0.149843
0.150834
0.151752
0.152590
0.153359
0.154065
0.154714
0.155299
0.155818
0.156285
0.156692
0.157031
0.157302
0.157506
0.157642
0.157710
0.157710
0.157642
0.157506
0.157302
0.157031
0.156692
0.156285
0.155818
0.155299
0.154714
0.154065
0.153359
0.152590
0.151752
0.150834
0.149843
0.148732
0.147513
0.150741
0.151855
0.152884
0.153845
0.154752
0.155597
0.156393
0.157140
0.157818
0.158456
0.159034
0.159539
0.159972
0.160356
0.160664
0.160895
0.161049
0.161127
0.161127
0.161049
0.160895
0.160664
0.160356
0.159972
0.159539
0.159034
0.158456
0.157818
0.157140
0.156393
0.155597
0.154752
0.153845
0.152884
0.151855
0.150741
0.153691
0.154791
0.155831
0.156842
0.157792
0.158717
0.159584
0.160404
0.161175
0.161869
0.162515
0.163087
0.163577
0.163986
0.164326
0.164581
0.164751
0.164837
0.164837
0.164751
0.164581
0.164326
0.163986
0.163577
0.163087
0.162515
0.161869
0.161175
0.160404
0.159584
0.158717
0.157792
0.156842
0.155831
0.154791
0.153691
0.156612
0.157766
0.158907
0.159990
0.161070
0.162077
0.163058
0.163957
0.164807
0.165573
0.166259
0.166866
0.167386
0.167819
0.168165
0.168423
0.168596
0.168682
0.168682
0.168596
0.168423
0.168165
0.167819
0.167386
0.166866
0.166259
0.165573
0.164807
0.163957
0.163058
0.162077
0.161070
0.159990
0.158907
0.157766
0.156612
0.159676
0.160965
0.162212
0.163438
0.164607
0.165715
0.166750
0.167704
0.168567
0.169342
0.170031
0.170615
0.171115
0.171533
0.171867
0.172111
0.172269
0.172348
0.172348
0.172269
0.172111
0.171867
0.171533
0.171115
0.170615
0.170031
0.169342
0.168567
0.167704
0.166750
0.165715
0.164607
0.163438
0.162212
0.160965
0.159676
0.163002
0.164409
0.165772
0.167069
0.168281
0.169401
0.170422
0.171340
0.172166
0.172877
0.173510
0.174059
0.174500
0.174867
0.175161
0.175381
0.175528
0.175601
0.175601
0.175528
0.175381
0.175161
0.174867
0.174500
0.174059
0.173510
0.172877
0.172166
0.171340
0.170422
0.169401
0.168281
0.167069
0.165772
0.164409
0.163002
0.166521
0.167996
0.169375
0.170647
0.171816
0.172854
0.173803
0.174625
0.175360
0.176020
0.176556
0.177026
0.177429
0.177765
0.178030
0.178211
0.178332
0.178392
0.178392
0.178332
0.178211
0.178030
0.177765
0.177429
0.177026
0.176556
0.176020
0.175360
0.174625
0.173803
0.172854
0.171816
0.170647
0.169375
0.167996
0.166521
0.170038
0.171458
0.172753
0.173939
0.174973
0.175928
0.176740
0.177478
0.178135
0.178679
0.179162
0.179585
0.179948
0.180221
0.180435
0.180595
0.180702
0.180755
0.180755
0.180702
0.180595
0.180435
0.180221
0.179948
0.179585
0.179162
0.178679
0.178135
0.177478
0.176740
0.175928
0.174973
0.173939
0.172753
0.171458
0.170038
0.173285
0.174586
0.175762
0.176790
0.177730
0.178543
0.179268
0.179933
0.180475
0.180956
0.181383
0.181757
0.182066
0.182293
0.182475
0.182611
0.182702
0.182748
0.182748
0.182702
0.182611
0.182475
0.182293
0.182066
0.181757
0.181383
0.180956
0.180475
0.179933
0.179268
0.178543
0.177730
0.176790
0.175762
0.174586
0.173285
0.176168
0.177310
0.178347
0.179254
0.180089
0.180784
0.181425
0.182011
0.182465
0.182874
0.183238
0.183556
0.183829
0.184043
0.184181
0.184285
0.184354
0.184389
0.184389
0.184354
0.184285
0.184181
0.184043
0.183829
0.183556
0.183238
0.182874
0.182465
0.182011
0.181425
0.180784
0.180089
0.179254
0.178347
0.177310
0.176168
0.178635
0.179664
0.180558
0.181360
0.182092
0.182683
0.183228
0.183729
0.184140
0.184451
0.184729
0.184971
0.185179
0.185352
0.185491
0.185595
0.185664
0.185699
0.185699
0.185664
0.185595
0.185491
0.185352
0.185179
0.184971
0.184729
0.184451
0.184140
0.183729
0.183228
0.182683
0.182092
0.181360
0.180558
0.179664
0.178635
0.180761
0.181670
0.182447
0.183129
0.183765
0.184272
0.184688
0.185069
0.185416
0.185728
0.000000
0.000000
0.000000
0.000000
0.000000
0.000000
0.000000
0.000000
0.000000
0.000000
0.000000
0.000000
0.000000
0.000000
0.000000
0.000000
0.185728
0.185416
0.185069
0.184688
0.184272
0.183765
0.183129
0.182447
0.181670
0.180761
0.182574
0.183348
0.184058
0.184578
0.185063
0.185514
0.185930
0.000000
0.000000
0.000000
0.000000
0.000000
0.000000
0.098929
0.099877
0.100574
0.101037
0.101269
0.101269
0.101037
0.100574
0.099877
0.098929
0.000000
0.000000
0.000000
0.000000
0.000000
0.000000
0.185930
0.185514
0.185063
0.184578
0.184058
0.183348
0.182574
0.184121
0.184711
0.185266
0.185786
0.000000
0.000000
0.000000
0.000000
0.098897
0.101006
0.102841
0.104418
0.105748
0.106837
0.107704
0.108346
0.108769
0.108981
0.108981
0.108769
0.108346
0.107704
0.106837
0.105748
0.104418
0.102841
0.101006
0.098897
0.000000
0.000000
0.000000
0.000000
0.185786
0.185266
0.184711
0.184121
0.185295
0.185885
0.000000
0.000000
0.000000
0.099104
0.101904
0.104391
0.106595
0.108533
0.110224
0.111673
0.112895
0.113908
0.114701
0.115294
0.115690
0.115888
0.115888
0.115690
0.115294
0.114701
0.113908
0.112895
0.111673
0.110224
0.108533
0.106595
0.104391
0.101904
0.099104
0.000000
0.000000
0.000000
0.185885
0.185295
0.000000
0.000000
0.000000
0.100487
0.103695
0.106571
0.109147
0.111445
0.113483
0.115275
0.116838
0.118186
0.119318
0.120254
0.120990
0.121541
0.121909
0.122090
0.122090
0.121909
0.121541
0.120990
0.120254
0.119318
0.118186
0.116838
0.115275
0.113483
0.111445
0.109147
0.106571
0.103695
0.100487
0.000000
0.000000
0.000000
0.000000
0.100695
0.104344
0.107635
0.110598
0.113263
0.115654
0.117789
0.119680
0.121343
0.122792
0.124043
0.125084
0.125952
0.126624
0.127126
0.127461
0.127629
0.127629
0.127461
0.127126
0.126624
0.125952
0.125084
0.124043
0.122792
0.121343
0.119680
0.117789
0.115654
0.113263
0.110598
0.107635
0.104344
0.100695
0.000000
0.103878
0.107616
0.110995
0.114056
0.116808
0.119290
0.121515
0.123497
0.125247
0.126782
0.128117
0.129244
0.130200
0.130968
0.131582
0.132040
0.132330
0.132475
0.132475
0.132330
0.132040
0.131582
0.130968
0.130200
0.129244
0.128117
0.126782
0.125247
0.123497
0.121515
0.119290
0.116808
0.114056
0.110995
0.107616
0.103878
0.110358
0.113841
0.116989
0.119845
0.122413
0.124718
0.126774
0.128593
0.130194
0.131576
0.132760
0.133777
0.134606
0.135286
0.135830
0.136220
0.136472
0.136598
0.136598
0.136472
0.136220
0.135830
0.135286
0.134606
0.133777
0.132760
0.131576
0.130194
0.128593
0.126774
0.124718
0.122413
0.119845
0.116989
0.113841
0.110358
0.116205
0.119458
0.122406
0.125058
0.127438
0.129554
0.131418
0.133047
0.134467
0.135691
0.136721
0.137603
0.138329
0.138905
0.139367
0.139713
0.139944
0.140053
0.140053
0.139944
0.139713
0.139367
0.138905
0.138329
0.137603
0.136721
0.135691
0.134467
0.133047
0.131418
0.129554
0.127438
0.125058
0.122406
0.119458
0.116205
0.121490
0.124532
0.127266
0.129712
0.131876
0.133771
0.135418
0.136846
0.138097
0.139136
0.140054
0.140786
0.141414
0.141937
0.142321
0.142603
0.142792
0.142886
0.142886
0.142792
0.142603
0.142321
0.141937
0.141414
0.140786
0.140054
0.139136
0.138097
0.136846
0.135418
0.133771
0.131876
0.129712
0.127266
0.124532
0.121490
0.126257
0.129065
0.131567
0.133771
0.135690
0.137351
0.138790
0.140055
0.141101
0.142039
0.142793
0.143453
0.144017
0.144441
0.144779
0.145034
0.145203
0.145288
0.145288
0.145203
0.145034
0.144779
0.144441
0.144017
0.143453
0.142793
0.142039
0.141101
0.140055
0.138790
0.137351
0.135690
0.133771
0.131567
0.129065
0.126257
0.130492
0.133045
0.135283
0.137227
0.138908
0.140371
0.141628
0.142702
0.143645
0.144443
0.145121
0.145714
0.146202
0.146585
0.146891
0.147121
0.147274
0.147351
0.147351
0.147274
0.147121
0.146891
0.146585
0.146202
0.145714
0.145121
0.144443
0.143645
0.142702
0.141628
0.140371
0.138908
0.137227
0.135283
0.133045
0.130492
0.134197
0.136473
0.138449
0.140165
0.141631
0.142894
0.144023
0.144956
0.145803
0.146512
0.147125
0.147661
0.148111
0.148464
0.148745
0.148957
0.149097
0.149168
0.149168
0.149097
0.148957
0.148745
0.148464
0.148111
0.147661
0.147125
0.146512
0.145803
0.144956
0.144023
0.142894
0.141631
0.140165
0.138449
0.136473
0.134197
0.137360
0.139378
0.141112
0.142616
0.143936
0.145045
0.146057
0.146900
0.147666
0.148328
0.148891
0.149384
0.149807
0.150150
0.150416
0.150616
0.150749
0.150816
0.150816
0.150749
0.150616
0.150416
0.150150
0.149807
0.149384
0.148891
0.148328
0.147666
0.146900
0.146057
0.145045
0.143936
0.142616
0.141112
0.139378
0.137360
0.140070
0.141851
0.143376
0.144711
0.145899
0.146905
0.147826
0.148615
0.149320
0.149954
0.150489
0.150954
0.151354
0.151686
0.151953
0.152149
0.152279
0.152344
0.152344
0.152279
0.152149
0.151953
0.151686
0.151354
0.150954
0.150489
0.149954
0.149320
0.148615
0.147826
0.146905
0.145899
0.144711
0.143376
0.141851
0.140070
0.142344
0.143949
0.145312
0.146528
0.147602
0.148551
0.149397
0.150162
0.150828
0.151427
0.151959
0.152416
0.152806
0.153132
0.153392
0.153587
0.153717
0.153782
0.153782
0.153717
0.153587
0.153392
0.153132
0.152806
0.152416
0.151959
0.151427
0.150828
0.150162
0.149397
0.148551
0.147602
0.146528
0.145312
0.143949
0.142344
0.144301
0.145743
0.146996
0.148135
0.149122
0.150036
0.150835
0.151568
0.152228
0.152814
0.153335
0.153790
0.154183
0.154513
0.154777
0.154975
0.155107
0.155173
0.155173
0.155107
0.154975
0.154777
0.154513
0.154183
0.153790
0.153335
0.152814
0.152228
0.151568
0.150835
0.150036
0.149122
0.148135
0.146996
0.145743
0.144301
0.146006
0.147310
0.148495
0.149553
0.150510
0.151376
0.152171
0.152887
0.153538
0.154126
0.154654
0.155116
0.155512
0.155842
0.156111
0.156317
0.156455
0.156524
0.156524
0.156455
0.156317
0.156111
0.155842
0.155512
0.155116
0.154654
0.154126
0.153538
0.152887
0.152171
0.151376
0.150510
0.149553
0.148495
0.147310
0.146006
0.147473
0.148715
0.149844
0.150852
0.151784
0.152636
0.153417
0.154135
0.154796
0.155390
0.155918
0.156397
0.156811
0.157155
0.157431
0.157638
0.157776
0.157845
0.157845
0.157776
0.157638
0.157431
0.157155
0.156811
0.156397
0.155918
0.155390
0.154796
0.154135
0.153417
0.152636
0.151784
0.150852
0.149844
0.148715
0.147473
0.148795
0.149994
0.151061
0.152059
0.152971
0.153818
0.154608
0.155334
0.155995
0.156615
0.157167
0.157650
0.158068
0.158435
0.158728
0.158948
0.159095
0.159168
0.159168
0.159095
0.158948
0.158728
0.158435
0.158068
0.157650
0.157167
0.156615
0.155995
0.155334
0.154608
0.153818
0.152971
0.152059
0.151061
0.149994
0.148795
0.150004
0.151137
0.152199
0.153177
0.154090
0.154949
0.155742
0.156489
0.157179
0.157800
0.158375
0.158888
0.159329
0.159696
0.159989
0.160224
0.160380
0.160459
0.160459
0.160380
0.160224
0.159989
0.159696
0.159329
0.158888
0.158375
0.157800
0.157179
0.156489
0.155742
0.154949
0.154090
0.153177
0.152199
0.151137
0.150004
0.151081
0.152210
0.153253
0.154234
0.155159
0.156019
0.156847
0.157606
0.158315
0.158976
0.159563
0.160082
0.160553
0.160945
0.161259
0.161494
0.161651
0.161729
0.161729
0.161651
0.161494
0.161259
0.160945
0.160553
0.160082
0.159563
0.158976
0.158315
0.157606
0.156847
0.156019
0.155159
0.154234
0.153253
0.152210
0.151081
0.152091
0.153199
0.154246
0.155237
0.156170
0.157067
0.157896
0.158697
0.159431
0.160099
0.160726
0.161275
0.161746
0.162146
0.162479
0.162728
0.162894
0.162978
0.162978
0.162894
0.162728
0.162479
0.162146
0.161746
0.161275
0.160726
0.160099
0.159431
0.158697
0.157896
0.157067
0.156170
0.155237
0.154246
0.153199
0.152091
0.153016
0.154127
0.155184
0.156184
0.157151
0.158052
0.158933
0.159741
0.160508
0.161214
0.161842
0.162415
0.162913
0.163329
0.163662
0.163911
0.164081
0.164167
0.164167
0.164081
0.163911
0.163662
0.163329
0.162913
0.162415
0.161842
0.161214
0.160508
0.159741
0.158933
0.158052
0.157151
0.156184
0.155184
0.154127
0.153016
0.153877
0.155000
0.156060
0.157097
0.158068
0.159023
0.159905
0.160762
0.161546
0.162268
0.162933
0.163516
0.164015
0.164448
0.164795
0.165055
0.165228
0.165315
0.165315
0.165228
0.165055
0.164795
0.164448
0.164015
0.163516
0.162933
0.162268
0.161546
0.160762
0.159905
0.159023
0.158068
0.157097
0.156060
0.155000
0.153877
0.154683
0.155808
0.156905
0.157941
0.158967
0.159922
0.160859
0.161723
0.162538
0.163287
0.163952
0.164557
0.165077
0.165510
0.165857
0.166119
0.166295
0.166384
0.166384
0.166295
0.166119
0.165857
0.165510
0.165077
0.164557
0.163952
0.163287
0.162538
0.161723
0.160859
0.159922
0.158967
0.157941
0.156905
0.155808
0.154683
0.155426
0.156576
0.157682
0.158764
0.159793
0.160800
0.161743
0.162643
0.163475
0.164233
0.164927
0.165533
0.166055
0.166496
0.166849
0.167114
0.167290
0.167378
0.167378
0.167290
0.167114
0.166849
0.166496
0.166055
0.165533
0.164927
0.164233
0.163475
0.162643
0.161743
0.160800
0.159793
0.158764
0.157682
0.156576
0.155426
0.156109
0.157284
0.158415
0.159518
0.160585
0.161606
0.162582
0.163497
0.164344
0.165124
0.165818
0.166432
0.166962
0.167404
0.167757
0.168021
0.168197
0.168284
0.168284
0.168197
0.168021
0.167757
0.167404
0.166962
0.166432
0.165818
0.165124
0.164344
0.163497
0.162582
0.161606
0.160585
0.159518
0.158415
0.157284
0.156109
0.156748
0.157924
0.159096
0.160213
0.161313
0.162355
0.163354
0.164281
0.165149
0.165929
0.166635
0.167253
0.167783
0.168223
0.168574
0.168837
0.169012
0.169100
0.169100
0.169012
0.168837
0.168574
0.168223
0.167783
0.167253
0.166635
0.165929
0.165149
0.164281
0.163354
0.162355
0.161313
0.160213
0.159096
0.157924
0.156748
0.157320
0.158528
0.159705
0.160864
0.161965
0.163045
0.164047
0.165001
0.165869
0.166661
0.167368
0.167986
0.168513
0.168952
0.169303
0.169566
0.169741
0.169829
0.169829
0.169741
0.169566
0.169303
0.168952
0.168513
0.167986
0.167368
0.166661
0.165869
0.165001
0.164047
0.163045
0.161965
0.160864
0.159705
0.158528
0.157320
0.157824
0.159064
0.160258
0.161437
0.162570
0.163653
0.164680
0.165635
0.166512
0.167307
0.168014
0.168629
0.169155
0.169594
0.169945
0.170202
0.170372
0.170457
0.170457
0.170372
0.170202
0.169945
0.169594
0.169155
0.168629
0.168014
0.167307
0.166512
0.165635
0.164680
0.163653
0.162570
0.161437
0.160258
0.159064
0.157824
0.158276
0.159527
0.160753
0.161933
0.163096
0.164187
0.165229
0.166187
0.167071
0.167866
0.168570
0.169184
0.169711
0.170145
0.170485
0.170741
0.170911
0.170996
0.170996
0.170911
0.170741
0.170485
0.170145
0.169711
0.169184
0.168570
0.167866
0.167071
0.166187
0.165229
0.164187
0.163096
0.161933
0.160753
0.159527
0.158276
0.158666
0.159918
0.161171
0.162372
0.163539
0.164649
0.165691
0.166658
0.167542
0.168336
0.169038
0.169653
0.170174
0.170600
0.170940
0.171195
0.171365
0.171451
0.171451
0.171365
0.171195
0.170940
0.170600
0.170174
0.169653
0.169038
0.168336
0.167542
0.166658
0.165691
0.164649
0.163539
0.162372
0.161171
0.159918
0.158666
0.158984
0.160252
0.161511
0.162733
0.163901
0.165026
0.166069
0.167042
0.167927
0.168718
0.169420
0.170034
0.170545
0.170970
0.171311
0.171566
0.171736
0.171821
0.171821
0.171736
0.171566
0.171311
0.170970
0.170545
0.170034
0.169420
0.168718
0.167927
0.167042
0.166069
0.165026
0.163901
0.162733
0.161511
0.160252
0.158984
0.159229
0.160514
0.161774
0.163011
0.164187
0.165316
0.166365
0.167339
0.168222
0.169013
0.169716
0.170320
0.170831
0.171257
0.171597
0.171853
0.172022
0.172103
0.172103
0.172022
0.171853
0.171597
0.171257
0.170831
0.170320
0.169716
0.169013
0.168222
0.167339
0.166365
0.165316
0.164187
0.163011
0.161774
0.160514
0.159229
0.159401
0.160698
0.161958
0.163207
0.164391
0.165521
0.166574
0.167548
0.168430
0.169221
0.169924
0.170523
0.171033
0.171459
0.171800
0.172053
0.172214
0.172295
0.172295
0.172214
0.172053
0.171800
0.171459
0.171033
0.170523
0.169924
0.169221
0.168430
0.167548
0.166574
0.165521
0.164391
0.163207
0.161958
0.160698
0.159401
0.159500
0.160805
0.162069
0.163321
0.164510
0.165640
0.166696
0.167670
0.168551
0.169342
0.170044
0.170640
0.171152
0.171578
0.171918
0.172165
0.172326
0.172407
0.172407
0.172326
0.172165
0.171918
0.171578
0.171152
0.170640
0.170044
0.169342
0.168551
0.167670
0.166696
0.165640
0.164510
0.163321
0.162069
0.160805
0.159500
0.159526
0.160833
0.162099
0.163352
0.164542
0.165673
0.166730
0.167704
0.168585
0.169377
0.170078
0.170674
0.171185
0.171611
0.171952
0.172197
0.172358
0.172439
0.172439
0.172358
0.172197
0.171952
0.171611
0.171185
0.170674
0.170078
0.169377
0.168585
0.167704
0.166730
0.165673
0.164542
0.163352
0.162099
0.160833
0.159526
0.159479
0.160784
0.162047
0.163300
0.164489
0.165620
0.166676
0.167650
0.168532
0.169324
0.170027
0.170623
0.171135
0.171561
0.171902
0.172149
0.172311
0.172392
0.172392
0.172311
0.172149
0.171902
0.171561
0.171135
0.170623
0.170027
0.169324
0.168532
0.167650
0.166676
0.165620
0.164489
0.163300
0.162047
0.160784
0.159479
0.159359
0.160656
0.161917
0.163166
0.164349
0.165480
0.166534
0.167509
0.168392
0.169184
0.169888
0.170488
0.171000
0.171426
0.171767
0.172022
0.172183
0.172264
0.172264
0.172183
0.172022
0.171767
0.171426
0.171000
0.170488
0.169888
0.169184
0.168392
0.167509
0.166534
0.165480
0.164349
0.163166
0.161917
0.160656
0.159359
0.159166
0.160450
0.161712
0.162948
0.164123
0.165255
0.166305
0.167279
0.168165
0.168957
0.169661
0.170268
0.170780
0.171207
0.171548
0.171804
0.171974
0.172056
0.172056
0.171974
0.171804
0.171548
0.171207
0.170780
0.170268
0.169661
0.168957
0.168165
0.167279
0.166305
0.165255
0.164123
0.162948
0.161712
0.160450
0.159166
0.158900
0.160166
0.161428
0.162648
0.163818
0.164943
0.165987
0.166962
0.167849
0.168642
0.169347
0.169963
0.170476
0.170903
0.171244
0.171500
0.171670
0.171756
0.171756
0.171670
0.171500
0.171244
0.170903
0.170476
0.169963
0.169347
0.168642
0.167849
0.166962
0.165987
0.164943
0.163818
0.162648
0.161428
0.160166
0.158900
0.158561
0.159816
0.161066
0.162265
0.163435
0.164544
0.165589
0.166557
0.167444
0.168241
0.168945
0.169562
0.170087
0.170514
0.170855
0.171111
0.171282
0.171367
0.171367
0.171282
0.171111
0.170855
0.170514
0.170087
0.169562
0.168945
0.168241
0.167444
0.166557
0.165589
0.164544
0.163435
0.162265
0.161066
0.159816
0.158561
0.158148
0.159404
0.160626
0.161810
0.162970
0.164059
0.165105
0.166064
0.166951
0.167750
0.168456
0.169073
0.169601
0.170041
0.170382
0.170638
0.170809
0.170894
0.170894
0.170809
0.170638
0.170382
0.170041
0.169601
0.169073
0.168456
0.167750
0.166951
0.166064
0.165105
0.164059
0.162970
0.161810
0.160626
0.159404
0.158148
0.157682
0.158918
0.160107
0.161292
0.162421
0.163508
0.164534
0.165492
0.166370
0.167169
0.167879
0.168496
0.169025
0.169466
0.169818
0.170080
0.170251
0.170336
0.170336
0.170251
0.170080
0.169818
0.169466
0.169025
0.168496
0.167879
0.167169
0.166370
0.165492
0.164534
0.163508
0.162421
0.161292
0.160107
0.158918
0.157682
0.157156
0.158359
0.159542
0.160695
0.161801
0.162877
0.163881
0.164835
0.165706
0.166500
0.167210
0.167831
0.168361
0.168802
0.169155
0.169419
0.169595
0.169684
0.169684
0.169595
0.169419
0.169155
0.168802
0.168361
0.167831
0.167210
0.166500
0.165706
0.164835
0.163881
0.162877
0.161801
0.160695
0.159542
0.158359
0.157156
0.156560
0.157742
0.158909
0.160019
0.161125
0.162162
0.163166
0.164091
0.164962
0.165747
0.166453
0.167074
0.167607
0.168051
0.168403
0.168668
0.168844
0.168932
0.168932
0.168844
0.168668
0.168403
0.168051
0.167607
0.167074
0.166453
0.165747
0.164962
0.164091
0.163166
0.162162
0.161125
0.160019
0.158909
0.157742
0.156560
0.155900
0.157078
0.158203
0.159312
0.160372
0.161399
0.162368
0.163289
0.164132
0.164917
0.165614
0.166229
0.166762
0.167206
0.167561
0.167828
0.168005
0.168094
0.168094
0.168005
0.167828
0.167561
0.167206
0.166762
0.166229
0.165614
0.164917
0.164132
0.163289
0.162368
0.161399
0.160372
0.159312
0.158203
0.157078
0.155900
0.155197
0.156344
0.157457
0.158533
0.159569
0.160567
0.161515
0.162408
0.163246
0.163999
0.164697
0.165308
0.165832
0.166273
0.166628
0.166894
0.167072
0.167161
0.167161
0.167072
0.166894
0.166628
0.166273
0.165832
0.165308
0.164697
0.163999
0.163246
0.162408
0.161515
0.160567
0.159569
0.158533
0.157457
0.156344
0.155197
0.154429
0.155561
0.156655
0.157699
0.158716
0.159678
0.160605
0.161475
0.162281
0.163035
0.163705
0.164304
0.164828
0.165264
0.165613
0.165875
0.166051
0.166139
0.166139
0.166051
0.165875
0.165613
0.165264
0.164828
0.164304
0.163705
0.163035
0.162281
0.161475
0.160605
0.159678
0.158716
0.157699
0.156655
0.155561
0.154429
0.153599
0.154726
0.155792
0.156827
0.157802
0.158752
0.159640
0.160485
0.161276
0.161988
0.162658
0.163245
0.163748
0.164174
0.164523
0.164785
0.164959
0.165046
0.165046
0.164959
0.164785
0.164523
0.164174
0.163748
0.163245
0.162658
0.161988
0.161276
0.160485
0.159640
0.158752
0.157802
0.156827
0.155792
0.154726
0.153599
0.152709
0.153827
0.154891
0.155891
0.156861
0.157766
0.158640
0.159455
0.160209
0.160921
0.161553
0.162114
0.162617
0.163036
0.163371
0.163623
0.163790
0.163874
0.163874
0.163790
0.163623
0.163371
0.163036
0.162617
0.162114
0.161553
0.160921
0.160209
0.159455
0.158640
0.157766
0.156861
0.155891
0.154891
0.153827
0.152709
0.151748
0.152872
0.153924
0.154923
0.155857
0.156756
0.157592
0.158381
0.159122
0.159788
0.160407
0.160961
0.161436
0.161832
0.162157
0.162409
0.162576
0.162660
0.162660
0.162576
0.162409
0.162157
0.161832
0.161436
0.160961
0.160407
0.159788
0.159122
0.158381
0.157592
0.156756
0.155857
0.154923
0.153924
0.152872
0.151748
0.150704
0.151848
0.152904
0.153891
0.154823
0.155690
0.156513
0.157279
0.157976
0.158641
0.159234
0.159753
0.160211
0.160606
0.160923
0.161161
0.161319
0.161398
0.161398
0.161319
0.161161
0.160923
0.160606
0.160211
0.159753
0.159234
0.158641
0.157976
0.157279
0.156513
0.155690
0.154823
0.153891
0.152904
0.151848
0.150704
0.149568
0.150736
0.151814
0.152805
0.153727
0.154590
0.155391
0.156130
0.156827
0.157454
0.158013
0.158531
0.158976
0.159347
0.159643
0.159866
0.160015
0.160094
0.160094
0.160015
0.159866
0.159643
0.159347
0.158976
0.158531
0.158013
0.157454
0.156827
0.156130
0.155391
0.154590
0.153727
0.152805
0.151814
0.150736
0.149568
0.148319
0.149532
0.150635
0.151645
0.152575
0.153431
0.154224
0.154958
0.155626
0.156236
0.156794
0.157282
0.157700
0.158052
0.158349
0.158571
0.158719
0.158793
0.158793
0.158719
0.158571
0.158349
0.158052
0.157700
0.157282
0.156794
0.156236
0.155626
0.154958
0.154224
0.153431
0.152575
0.151645
0.150635
0.149532
0.148319
0.146911
0.148212
0.149354
0.150400
0.151343
0.152214
0.153004
0.153729
0.154393
0.154993
0.155527
0.155995
0.156413
0.156762
0.157040
0.157250
0.157389
0.157459
0.157459
0.157389
0.157250
0.157040
0.156762
0.156413
0.155995
0.155527
0.154993
0.154393
0.153729
0.153004
0.152214
0.151343
0.150400
0.149354
0.148212
0.146911
0.145333
0.146717
0.147960
0.149033
0.150031
0.150907
0.151715
0.152446
0.153105
0.153698
0.154228
0.154695
0.155096
0.155430
0.155697
0.155897
0.156032
0.156102
0.156102
0.156032
0.155897
0.155697
0.155430
0.155096
0.154695
0.154228
0.153698
0.153105
0.152446
0.151715
0.150907
0.150031
0.149033
0.147960
0.146717
0.145333
0.143524
0.145033
0.146368
0.147534
0.148571
0.149499
0.150336
0.151077
0.151751
0.152350
0.152877
0.153338
0.153733
0.154064
0.154331
0.154531
0.154665
0.154732
0.154732
0.154665
0.154531
0.154331
0.154064
0.153733
0.153338
0.152877
0.152350
0.151751
0.151077
0.150336
0.149499
0.148571
0.147534
0.146368
0.145033
0.143524
0.141410
0.143095
0.144561
0.145851
0.146953
0.147963
0.148823
0.149608
0.150304
0.150911
0.151450
0.151922
0.152320
0.152649
0.152913
0.153111
0.153242
0.153308
0.153308
0.153242
0.153111
0.152913
0.152649
0.152320
0.151922
0.151450
0.150911
0.150304
0.149608
0.148823
0.147963
0.146953
0.145851
0.144561
0.143095
0.141410
0.138921
0.140828
0.142475
0.143910
0.145122
0.146217
0.147150
0.148004
0.148718
0.149361
0.149933
0.150409
0.150813
0.151150
0.151420
0.151623
0.151757
0.151825
0.151825
0.151757
0.151623
0.151420
0.151150
0.150813
0.150409
0.149933
0.149361
0.148718
0.148004
0.147150
0.146217
0.145122
0.143910
0.142475
0.140828
0.138921
0.136002
0.138162
0.140033
0.141627
0.143004
0.144223
0.145254
0.146181
0.146959
0.147658
0.148258
0.148758
0.149186
0.149544
0.149829
0.150041
0.150176
0.150244
0.150244
0.150176
0.150041
0.149829
0.149544
0.149186
0.148758
0.148258
0.147658
0.146959
0.146181
0.145254
0.144223
0.143004
0.141627
0.140033
0.138162
0.136002
0.132527
0.134969
0.137092
0.138927
0.140515
0.141896
0.143055
0.144097
0.144957
0.145732
0.146379
0.146924
0.147390
0.147779
0.148083
0.148297
0.148440
0.148512
0.148512
0.148440
0.148297
0.148083
0.147779
0.147390
0.146924
0.146379
0.145732
0.144957
0.144097
0.143055
0.141896
0.140515
0.138927
0.137092
0.134969
0.132527
0.128512
0.131234
0.133637
0.135733
0.137545
0.139107
0.140466
0.141635
0.142629
0.143491
0.144231
0.144833
0.145349
0.145780
0.146112
0.146345
0.146501
0.146579
0.146579
0.146501
0.146345
0.146112
0.145780
0.145349
0.144833
0.144231
0.143491
0.142629
0.141635
0.140466
0.139107
0.137545
0.135733
0.133637
0.131234
0.128512
0.123948
0.126918
0.129580
0.131942
0.134011
0.135808
0.137358
0.138702
0.139875
0.140844
0.141694
0.142395
0.142970
0.143449
0.143832
0.144107
0.144279
0.144365
0.144365
0.144279
0.144107
0.143832
0.143449
0.142970
0.142395
0.141694
0.140844
0.139875
0.138702
0.137358
0.135808
0.134011
0.131942
0.129580
0.126918
0.123948
0.118832
0.122042
0.124926
0.127520
0.129832
0.131870
0.133649
0.135193
0.136533
0.137685
0.138650
0.139471
0.140159
0.140691
0.141116
0.141435
0.141648
0.141755
0.141755
0.141648
0.141435
0.141116
0.140691
0.140159
0.139471
0.138650
0.137685
0.136533
0.135193
0.133649
0.131870
0.129832
0.127520
0.124926
0.122042
0.118832
0.113165
0.116595
0.119702
0.122503
0.125021
0.127272
0.129267
0.131019
0.132550
0.133879
0.134993
0.135961
0.136733
0.137373
0.137886
0.138247
0.138482
0.138599
0.138599
0.138482
0.138247
0.137886
0.137373
0.136733
0.135961
0.134993
0.133879
0.132550
0.131019
0.129267
0.127272
0.125021
0.122503
0.119702
0.116595
0.113165
0.106878
0.110561
0.113894
0.116898
0.119614
0.122056
0.124235
0.126172
0.127878
0.129358
0.130638
0.131732
0.132633
0.133372
0.133963
0.134380
0.134657
0.134795
0.134795
0.134657
0.134380
0.133963
0.133372
0.132633
0.131732
0.130638
0.129358
0.127878
0.126172
0.124235
0.122056
0.119614
0.116898
0.113894
0.110561
0.106878
0.099875
0.103852
0.107438
0.110674
0.113593
0.116218
0.118567
0.120663
0.122522
0.124157
0.125571
0.126780
0.127804
0.128631
0.129287
0.129779
0.130102
0.130258
0.130258
0.130102
0.129779
0.129287
0.128631
0.127804
0.126780
0.125571
0.124157
0.122522
0.120663
0.118567
0.116218
0.113593
0.110674
0.107438
0.103852
0.099875
0.000000
0.000000
0.100240
0.103745
0.106895
0.109728
0.112262
0.114520
0.116524
0.118290
0.119828
0.121144
0.122261
0.123172
0.123901
0.124434
0.124788
0.124965
0.124965
0.124788
0.124434
0.123901
0.123172
0.122261
0.121144
0.119828
0.118290
0.116524
0.114520
0.112262
0.109728
0.106895
0.103745
0.100240
0.000000
0.000000
0.185749
0.000000
0.000000
0.000000
0.099411
0.102485
0.105231
0.107680
0.109848
0.111753
0.113410
0.114836
0.116045
0.117030
0.117818
0.118399
0.118784
0.118976
0.118976
0.118784
0.118399
0.117818
0.117030
0.116045
0.114836
0.113410
0.111753
0.109848
0.107680
0.105231
0.102485
0.099411
0.000000
0.000000
0.000000
0.185749
0.184564
0.185166
0.185732
0.000000
0.000000
0.000000
0.000000
0.100027
0.102383
0.104453
0.106257
0.107805
0.109106
0.110183
0.111028
0.111662
0.112083
0.112289
0.112289
0.112083
0.111662
0.111028
0.110183
0.109106
0.107805
0.106257
0.104453
0.102383
0.100027
0.000000
0.000000
0.000000
0.000000
0.185732
0.185166
0.184564
