0.174217
0.175146
0.176019
0.176768
0.177467
0.178104
0.178643
0.179138
0.179587
0.179991
0.180310
0.180588
0.180826
0.181025
0.181184
0.181303
0.181382
0.181422
0.181422
0.181382
0.181303
0.181184
0.181025
0.180826
0.180588
0.180310
0.179991
0.179587
0.179138
0.178643
0.178104
0.177467
0.176768
0.176019
0.175146
0.174217
0.174567
0.175497
0.176339
0.177088
0.177787
0.178393
0.178932
0.179426
0.179876
0.180248
0.180565
0.180843
0.181082
0.181280
0.181439
0.181558
0.181638
0.181678
0.181678
0.181638
0.181558
0.181439
0.181280
0.181082
0.180843
0.180565
0.180248
0.179876
0.179426
0.178932
0.178393
0.177787
0.177088
0.176339
0.175497
0.174567
0.174863
0.175793
0.176610
0.177359
0.178052
0.178637
0.179176
0.179671
0.180106
0.180464
0.180782
0.181060
0.181298
0.181497
0.181656
0.181775
0.181854
0.181894
0.181894
0.181854
0.181775
0.181656
0.181497
0.181298
0.181060
0.180782
0.180464
0.180106
0.179671
0.179176
0.178637
0.178052
0.177359
0.176610
0.175793
0.174863
0.175105
0.176032
0.176831
0.177581
0.178252
0.178837
0.179376
0.179871
0.180283
0.180641
0.180959
0.181237
0.181475
0.181674
0.181833
0.181952
0.182027
0.182060
0.182060
0.182027
0.181952
0.181833
0.181674
0.181475
0.181237
0.180959
0.180641
0.180283
0.179871
0.179376
0.178837
0.178252
0.177581
0.176831
0.176032
0.175105
0.175293
0.176204
0.177003
0.177753
0.178407
0.178992
0.179532
0.180023
0.180421
0.180778
0.181096
0.181374
0.181613
0.181812
0.181971
0.182076
0.182144
0.182178
0.182178
0.182144
0.182076
0.181971
0.181812
0.181613
0.181374
0.181096
0.180778
0.180421
0.180023
0.179532
0.178992
0.178407
0.177753
0.177003
0.176204
0.175293
0.175427
0.176326
0.177126
0.177876
0.178518
0.179103
0.179643
0.180121
0.180519
0.180877
0.181195
0.181473
0.181711
0.181910
0.182059
0.182160
0.182228
0.182262
0.182262
0.182228
0.182160
0.182059
0.181910
0.181711
0.181473
0.181195
0.180877
0.180519
0.180121
0.179643
0.179103
0.178518
0.177876
0.177126
0.176326
0.175427
0.175507
0.176400
0.177199
0.177949
0.178584
0.179169
0.179709
0.180180
0.180578
0.180936
0.181254
0.181532
0.181771
0.181969
0.182109
0.182211
0.182278
0.182312
0.182312
0.182278
0.182211
0.182109
0.181969
0.181771
0.181532
0.181254
0.180936
0.180578
0.180180
0.179709
0.179169
0.178584
0.177949
0.177199
0.176400
0.175507
0.175533
0.176423
0.177223
0.177973
0.178606
0.179191
0.179731
0.180200
0.180597
0.180955
0.181273
0.181552
0.181790
0.181989
0.182126
0.182228
0.182295
0.182329
0.182329
0.182295
0.182228
0.182126
0.181989
0.181790
0.181552
0.181273
0.180955
0.180597
0.180200
0.179731
0.179191
0.178606
0.177973
0.177223
0.176423
0.175533
0.175504
0.176397
0.177197
0.177948
0.178583
0.179168
0.179708
0.180180
0.180578
0.180936
0.181254
0.181532
0.181771
0.181970
0.182110
0.182211
0.182279
0.182312
0.182312
0.182279
0.182211
0.182110
0.181970
0.181771
0.181532
0.181254
0.180936
0.180578
0.180180
0.179708
0.179168
0.178583
0.177948
0.177197
0.176397
0.175504
0.175422
0.176322
0.177122
0.177872
0.178516
0.179101
0.179641
0.180121
0.180518
0.180876
0.181195
0.181473
0.181712
0.181911
0.182060
0.182161
0.182229
0.182262
0.182262
0.182229
0.182161
0.182060
0.181911
0.181712
0.181473
0.181195
0.180876
0.180518
0.180121
0.179641
0.179101
0.178516
0.177872
0.177122
0.176322
0.175422
0.175285
0.176197
0.176997
0.177748
0.178403
0.178989
0.179529
0.180022
0.180420
0.180778
0.181096
0.181375
0.181614
0.181813
0.181972
0.182077
0.182145
0.182179
0.182179
0.182145
0.182077
0.181972
0.181813
0.181614
0.181375
0.181096
0.180778
0.180420
0.180022
0.179529
0.178989
0.178403
0.177748
0.176997
0.176197
0.175285
0.175093
0.176022
0.176823
0.177574
0.178247
0.178832
0.179373
0.179868
0.180282
0.180640
0.180958
0.181237
0.181476
0.181675
0.181834
0.181953
0.182028
0.182062
0.182062
0.182028
0.181953
0.181834
0.181675
0.181476
0.181237
0.180958
0.180640
0.180282
0.179868
0.179373
0.178832
0.178247
0.177574
0.176823
0.176022
0.175093
0.174848
0.175779
0.176599
0.177350
0.178045
0.178631
0.179172
0.179667
0.180104
0.180462
0.180781
0.181060
0.181298
0.181497
0.181657
0.181776
0.181856
0.181896
0.181896
0.181856
0.181776
0.181657
0.181497
0.181298
0.181060
0.180781
0.180462
0.180104
0.179667
0.179172
0.178631
0.178045
0.177350
0.176599
0.175779
0.174848
0.174548
0.175479
0.176325
0.177076
0.177777
0.178385
0.178926
0.179422
0.179872
0.180245
0.180564
0.180843
0.181082
0.181281
0.181440
0.181559
0.181639
0.181679
0.181679
0.181639
0.181559
0.181440
0.181281
0.181082
0.180843
0.180564
0.180245
0.179872
0.179422
0.178926
0.178385
0.177777
0.177076
0.176325
0.175479
0.174548
0.174193
0.175125
0.176002
0.176753
0.177454
0.178095
0.178635
0.179131
0.179582
0.179988
0.180308
0.180586
0.180825
0.181024
0.181184
0.181303
0.181383
0.181423
0.181423
0.181383
0.181303
0.181184
0.181024
0.180825
0.180586
0.180308
0.179988
0.179582
0.179131
0.178635
0.178095
0.177454
0.176753
0.176002
0.175125
0.174193
0.173768
0.174717
0.175594
0.176380
0.177081
0.177732
0.178300
0.178796
0.179247
0.179653
0.180012
0.180290
0.180529
0.180729
0.180888
0.181008
0.181087
0.181127
0.181127
0.181087
0.181008
0.180888
0.180729
0.180529
0.180290
0.180012
0.179653
0.179247
0.178796
0.178300
0.177732
0.177081
0.176380
0.175594
0.174717
0.173768
0.173269
0.174254
0.175131
0.175953
0.176659
0.177310
0.177911
0.178416
0.178867
0.179273
0.179633
0.179949
0.180194
0.180393
0.180553
0.180672
0.180752
0.180792
0.180792
0.180752
0.180672
0.180553
0.180393
0.180194
0.179949
0.179633
0.179273
0.178867
0.178416
0.177911
0.177310
0.176659
0.175953
0.175131
0.174254
0.173269
0.172712
0.173716
0.174614
0.175436
0.176186
0.176838
0.177439
0.177990
0.178442
0.178848
0.179209
0.179525
0.179795
0.180018
0.180178
0.180297
0.180377
0.180417
0.180417
0.180377
0.180297
0.180178
0.180018
0.179795
0.179525
0.179209
0.178848
0.178442
0.177990
0.177439
0.176838
0.176186
0.175436
0.174614
0.173716
0.172712
0.172096
0.173100
0.174042
0.174865
0.175633
0.176316
0.176917
0.177468
0.177970
0.178379
0.178740
0.179055
0.179326
0.179552
0.179732
0.179867
0.179958
0.180002
0.180002
0.179958
0.179867
0.179732
0.179552
0.179326
0.179055
0.178740
0.178379
0.177970
0.177468
0.176917
0.176316
0.175633
0.174865
0.174042
0.173100
0.172096
0.171388
0.172425
0.173370
0.174238
0.175006
0.175720
0.176346
0.176897
0.177398
0.177849
0.178225
0.178541
0.178812
0.179037
0.179218
0.179353
0.179444
0.179489
0.179489
0.179444
0.179353
0.179218
0.179037
0.178812
0.178541
0.178225
0.177849
0.177398
0.176897
0.176346
0.175720
0.175006
0.174238
0.173370
0.172425
0.171388
0.170614
0.171674
0.172637
0.173523
0.174326
0.175039
0.175698
0.176275
0.176777
0.177228
0.177629
0.177980
0.178253
0.178479
0.178659
0.178794
0.178885
0.178930
0.178930
0.178885
0.178794
0.178659
0.178479
0.178253
0.177980
0.177629
0.177228
0.176777
0.176275
0.175698
0.175039
0.174326
0.173523
0.172637
0.171674
0.170614
0.169770
0.170838
0.171836
0.172731
0.173559
0.174304
0.174963
0.175567
0.176106
0.176557
0.176958
0.177309
0.177610
0.177861
0.178055
0.178191
0.178281
0.178326
0.178326
0.178281
0.178191
0.178055
0.177861
0.177610
0.177309
0.176958
0.176557
0.176106
0.175567
0.174963
0.174304
0.173559
0.172731
0.171836
0.170838
0.169770
0.168842
0.169937
0.170938
0.171874
0.172708
0.173477
0.174173
0.174777
0.175326
0.175820
0.176237
0.176588
0.176889
0.177140
0.177340
0.177491
0.177591
0.177641
0.177641
0.177591
0.177491
0.177340
0.177140
0.176889
0.176588
0.176237
0.175820
0.175326
0.174777
0.174173
0.173477
0.172708
0.171874
0.170938
0.169937
0.168842
0.167849
0.168946
0.169977
0.170914
0.171788
0.172567
0.173277
0.173928
0.174482
0.174976
0.175415
0.175800
0.176118
0.176369
0.176570
0.176720
0.176821
0.176871
0.176871
0.176821
0.176720
0.176570
0.176369
0.176118
0.175800
0.175415
0.174976
0.174482
0.173928
0.173277
0.172567
0.171788
0.170914
0.169977
0.168946
0.167849
0.166786
0.167889
0.168921
0.169887
0.170765
0.171577
0.172309
0.172959
0.173551
0.174077
0.174517
0.174901
0.175231
0.175505
0.175725
0.175890
0.176000
0.176050
0.176050
0.176000
0.175890
0.175725
0.175505
0.175231
0.174901
0.174517
0.174077
0.173551
0.172959
0.172309
0.171577
0.170765
0.169887
0.168921
0.167889
0.166786
0.165664
0.166761
0.167799
0.168768
0.169670
0.170492
0.171242
0.171929
0.172524
0.173056
0.173530
0.173944
0.174277
0.174552
0.174772
0.174937
0.175047
0.175102
0.175102
0.175047
0.174937
0.174772
0.174552
0.174277
0.173944
0.173530
0.173056
0.172524
0.171929
0.171242
0.170492
0.169670
0.168768
0.167799
0.166761
0.165664
0.164492
0.165576
0.166607
0.167581
0.168486
0.169324
0.170095
0.170782
0.171407
0.171969
0.172444
0.172858
0.173213
0.173509
0.173746
0.173923
0.174039
0.174094
0.174094
0.174039
0.173923
0.173746
0.173509
0.173213
0.172858
0.172444
0.171969
0.171407
0.170782
0.170095
0.169324
0.168486
0.167581
0.166607
0.165576
0.164492
0.163286
0.164341
0.165361
0.166324
0.167233
0.168076
0.168850
0.169560
0.170198
0.170760
0.171260
0.171698
0.172069
0.172365
0.172601
0.172779
0.172897
0.172956
0.172956
0.172897
0.172779
0.172601
0.172365
0.172069
0.171698
0.171260
0.170760
0.170198
0.169560
0.168850
0.168076
0.167233
0.166324
0.165361
0.164341
0.163286
0.162039
0.163080
0.164063
0.165020
0.165913
0.166755
0.167535
0.168247
0.168892
0.169473
0.169989
0.170427
0.170802
0.171114
0.171364
0.171552
0.171677
0.171739
0.171739
0.171677
0.171552
0.171364
0.171114
0.170802
0.170427
0.169989
0.169473
0.168892
0.168247
0.167535
0.166755
0.165913
0.165020
0.164063
0.163080
0.162039
0.160802
0.161785
0.162752
0.163671
0.164551
0.165380
0.166148
0.166863
0.167513
0.168097
0.168613
0.169064
0.169451
0.169774
0.170031
0.170219
0.170344
0.170406
0.170406
0.170344
0.170219
0.170031
0.169774
0.169451
0.169064
0.168613
0.168097
0.167513
0.166863
0.166148
0.165380
0.164551
0.163671
0.162752
0.161785
0.160802
0.159541
0.160493
0.161418
0.162302
0.163160
0.163957
0.164721
0.165423
0.166062
0.166647
0.167166
0.167621
0.168011
0.168334
0.168592
0.168785
0.168914
0.168979
0.168979
0.168914
0.168785
0.168592
0.168334
0.168011
0.167621
0.167166
0.166647
0.166062
0.165423
0.164721
0.163957
0.163160
0.162302
0.161418
0.160493
0.159541
0.158277
0.159197
0.160068
0.160936
0.161745
0.162527
0.163262
0.163936
0.164572
0.165146
0.165657
0.166106
0.166496
0.166821
0.167081
0.167276
0.167405
0.167470
0.167470
0.167405
0.167276
0.167081
0.166821
0.166496
0.166106
0.165657
0.165146
0.164572
0.163936
0.163262
0.162527
0.161745
0.160936
0.160068
0.159197
0.158277
0.157021
0.157886
0.158746
0.159558
0.160338
0.161090
0.161784
0.162445
0.163058
0.163610
0.164105
0.164551
0.164935
0.165254
0.165509
0.165701
0.165828
0.165892
0.165892
0.165828
0.165701
0.165509
0.165254
0.164935
0.164551
0.164105
0.163610
0.163058
0.162445
0.161784
0.161090
0.160338
0.159558
0.158746
0.157886
0.157021
0.155742
0.156596
0.157411
0.158186
0.158944
0.159649
0.160319
0.160955
0.161534
0.162058
0.162549
0.162978
0.163346
0.163652
0.163897
0.164085
0.164212
0.164276
0.164276
0.164212
0.164085
0.163897
0.163652
0.163346
0.162978
0.162549
0.162058
0.161534
0.160955
0.160319
0.159649
0.158944
0.158186
0.157411
0.156596
0.155742
0.154458
0.155287
0.156070
0.156834
0.157547
0.158223
0.158873
0.159469
0.160011
0.160532
0.160995
0.161400
0.161748
0.162039
0.162285
0.162468
0.162591
0.162652
0.162652
0.162591
0.162468
0.162285
0.162039
0.161748
0.161400
0.160995
0.160532
0.160011
0.159469
0.158873
0.158223
0.157547
0.156834
0.156070
0.155287
0.154458
0.153136
0.153954
0.154734
0.155466
0.156155
0.156818
0.157429
0.157990
0.158531
0.159019
0.159452
0.159832
0.160167
0.160457
0.160688
0.160862
0.160978
0.161036
0.161036
0.160978
0.160862
0.160688
0.160457
0.160167
0.159832
0.159452
0.159019
0.158531
0.157990
0.157429
0.156818
0.156155
0.155466
0.154734
0.153954
0.153136
0.151767
0.152591
0.153361
0.154084
0.154767
0.155402
0.155987
0.156547
0.157057
0.157516
0.157923
0.158298
0.158623
0.158894
0.159111
0.159273
0.159382
0.159436
0.159436
0.159382
0.159273
0.159111
0.158894
0.158623
0.158298
0.157923
0.157516
0.157057
0.156547
0.155987
0.155402
0.154767
0.154084
0.153361
0.152591
0.151767
0.150323
0.151161
0.151949
0.152672
0.153346
0.153972
0.154557
0.155094
0.155582
0.156022
0.156430
0.156787
0.157093
0.157348
0.157551
0.157704
0.157806
0.157857
0.157857
0.157806
0.157704
0.157551
0.157348
0.157093
0.156787
0.156430
0.156022
0.155582
0.155094
0.154557
0.153972
0.153346
0.152672
0.151949
0.151161
0.150323
0.148760
0.149648
0.150455
0.151194
0.151884
0.152513
0.153091
0.153620
0.154103
0.154543
0.154933
0.155275
0.155568
0.155812
0.156007
0.156160
0.156262
0.156313
0.156313
0.156262
0.156160
0.156007
0.155812
0.155568
0.155275
0.154933
0.154543
0.154103
0.153620
0.153091
0.152513
0.151884
0.151194
0.150455
0.149648
0.148760
0.147049
0.148013
0.148848
0.149631
0.150342
0.150982
0.151574
0.152113
0.152595
0.153028
0.153414
0.153751
0.154040
0.154284
0.154480
0.154626
0.154724
0.154773
0.154773
0.154724
0.154626
0.154480
0.154284
0.154040
0.153751
0.153414
0.153028
0.152595
0.152113
0.151574
0.150982
0.150342
0.149631
0.148848
0.148013
0.147049
0.145130
0.146179
0.147088
0.147940
0.148676
0.149355
0.149981
0.150524
0.151017
0.151461
0.151855
0.152195
0.152484
0.152725
0.152918
0.153063
0.153159
0.153207
0.153207
0.153159
0.153063
0.152918
0.152725
0.152484
0.152195
0.151855
0.151461
0.151017
0.150524
0.149981
0.149355
0.148676
0.147940
0.147088
0.146179
0.145130
0.142928
0.144105
0.145111
0.146049
0.146844
0.147583
0.148243
0.148817
0.149339
0.149809
0.150214
0.150559
0.150855
0.151102
0.151299
0.151447
0.151545
0.151595
0.151595
0.151545
0.151447
0.151299
0.151102
0.150855
0.150559
0.150214
0.149809
0.149339
0.148817
0.148243
0.147583
0.146844
0.146049
0.145111
0.144105
0.142928
0.140366
0.141687
0.142837
0.143886
0.144778
0.145595
0.146316
0.146941
0.147509
0.148019
0.148437
0.148802
0.149116
0.149377
0.149586
0.149742
0.149847
0.149899
0.149899
0.149847
0.149742
0.149586
0.149377
0.149116
0.148802
0.148437
0.148019
0.147509
0.146941
0.146316
0.145595
0.144778
0.143886
0.142837
0.141687
0.140366
0.137322
0.138836
0.140187
0.141353
0.142397
0.143306
0.144131
0.144823
0.145451
0.146016
0.146470
0.146868
0.147209
0.147493
0.147721
0.147891
0.148005
0.148057
0.148057
0.148005
0.147891
0.147721
0.147493
0.147209
0.146868
0.146470
0.146016
0.145451
0.144823
0.144131
0.143306
0.142397
0.141353
0.140187
0.138836
0.137322
0.133744
0.135478
0.137013
0.138382
0.139581
0.140631
0.141563
0.142377
0.143076
0.143706
0.144239
0.144679
0.145057
0.145371
0.145623
0.145811
0.145937
0.146000
0.146000
0.145937
0.145811
0.145623
0.145371
0.145057
0.144679
0.144239
0.143706
0.143076
0.142377
0.141563
0.140631
0.139581
0.138382
0.137013
0.135478
0.133744
0.129568
0.131528
0.133280
0.134842
0.136237
0.137454
0.138528
0.139471
0.140298
0.140998
0.141619
0.142147
0.142567
0.142917
0.143197
0.143407
0.143547
0.143617
0.143617
0.143547
0.143407
0.143197
0.142917
0.142567
0.142147
0.141619
0.140998
0.140298
0.139471
0.138528
0.137454
0.136237
0.134842
0.133280
0.131528
0.129568
0.124818
0.126978
0.128934
0.130696
0.132278
0.133681
0.134914
0.136024
0.136960
0.137802
0.138505
0.139105
0.139619
0.140043
0.140354
0.140588
0.140743
0.140821
0.140821
0.140743
0.140588
0.140354
0.140043
0.139619
0.139105
0.138505
0.137802
0.136960
0.136024
0.134914
0.133681
0.132278
0.130696
0.128934
0.126978
0.124818
0.119534
0.121873
0.124006
0.125942
0.127690
0.129259
0.130663
0.131919
0.133003
0.133975
0.134785
0.135493
0.136092
0.136560
0.136934
0.137215
0.137403
0.137496
0.137496
0.137403
0.137215
0.136934
0.136560
0.136092
0.135493
0.134785
0.133975
0.133003
0.131919
0.130663
0.129259
0.127690
0.125942
0.124006
0.121873
0.119534
0.113715
0.116221
0.118510
0.120601
0.122503
0.124227
0.125777
0.127156
0.128387
0.129465
0.130404
0.131203
0.131888
0.132434
0.132866
0.133190
0.133406
0.133514
0.133514
0.133406
0.133190
0.132866
0.132434
0.131888
0.131203
0.130404
0.129465
0.128387
0.127156
0.125777
0.124227
0.122503
0.120601
0.118510
0.116221
0.113715
0.107307
0.110006
0.112464
0.114710
0.116755
0.118611
0.120289
0.121795
0.123132
0.124321
0.125354
0.126249
0.126998
0.127621
0.128115
0.128475
0.128714
0.128834
0.128834
0.128714
0.128475
0.128115
0.127621
0.126998
0.126249
0.125354
0.124321
0.123132
0.121795
0.120289
0.118611
0.116755
0.114710
0.112464
0.110006
0.107307
0.100229
0.103139
0.105801
0.108224
0.110425
0.112422
0.114226
0.115848
0.117291
0.118572
0.119696
0.120662
0.121484
0.122164
0.122697
0.123097
0.123363
0.123496
0.123496
0.123363
0.123097
0.122697
0.122164
0.121484
0.120662
0.119696
0.118572
0.117291
0.115848
0.114226
0.112422
0.110425
0.108224
0.105801
0.103139
0.100229
0.000000
0.000000
0.098416
0.101042
0.103429
0.105589
0.107538
0.109285
0.110845
0.112230
0.113437
0.114481
0.115366
0.116101
0.116676
0.117108
0.117396
0.117540
0.117540
0.117396
0.117108
0.116676
0.116101
0.115366
0.114481
0.113437
0.112230
0.110845
0.109285
0.107538
0.105589
0.103429
0.101042
0.098416
0.000000
0.000000
0.185797
0.000000
0.000000
0.000000
0.000000
0.098013
0.100130
0.102030
0.103720
0.105214
0.106524
0.107655
0.108611
0.109401
0.110032
0.110496
0.110804
0.110959
0.110959
0.110804
0.110496
0.110032
0.109401
0.108611
0.107655
0.106524
0.105214
0.103720
0.102030
0.100130
0.098013
0.000000
0.000000
0.000000
0.000000
0.185797
0.184625
0.185065
0.185479
0.185868
0.000000
0.000000
0.000000
0.000000
0.000000
0.000000
0.098849
0.100084
0.101121
0.101985
0.102661
0.103168
0.103506
0.103675
0.103675
0.103506
0.103168
0.102661
0.101985
0.101121
0.100084
0.098849
0.000000
0.000000
0.000000
0.000000
0.000000
0.000000
0.185868
0.185479
0.185065
0.184625
0.183249
0.183826
0.184281
0.184670
0.185032
0.185369
0.185679
0.185964
0.000000
0.000000
0.000000
0.000000
0.000000
0.000000
0.000000
0.000000
0.000000
0.000000
0.000000
0.000000
0.000000
0.000000
0.000000
0.000000
0.000000
0.000000
0.000000
0.000000
0.185964
0.185679
0.185369
0.185032
0.184670
0.184281
0.183826
0.183249
0.181580
0.182220
0.182763
0.183273
0.183748
0.184145
0.184455
0.184740
0.184999
0.185232
0.185439
0.185620
0.185776
0.185905
0.000000
0.000000
0.000000
0.000000
0.000000
0.000000
0.000000
0.000000
0.185905
0.185776
0.185620
0.185439
0.185232
0.184999
0.184740
0.184455
0.184145
0.183748
0.183273
0.182763
0.182220
0.181580
0.179604
0.180330
0.180969
0.181568
0.182108
0.182550
0.182958
0.183331
0.183671
0.183977
0.184189
0.184371
0.184526
0.184656
0.184759
0.184837
0.184889
0.184914
0.184914
0.184889
0.184837
0.184759
0.184656
0.184526
0.184371
0.184189
0.183977
0.183671
0.183331
0.182958
0.182550
0.182108
0.181568
0.180969
0.180330
0.179604
0.177306
0.178144
0.178868
0.179546
0.180158
0.180678
0.181157
0.181597
0.181997
0.182303
0.182575
0.182812
0.183016
0.183186
0.183322
0.183424
0.183492
0.183526
0.183526
0.183492
0.183424
0.183322
0.183186
0.183016
0.182812
0.182575
0.182303
0.181997
0.181597
0.181157
0.180678
0.180158
0.179546
0.178868
0.178144
0.177306
0.174663
0.175599
0.176437
0.177191
0.177895
0.178493
0.179036
0.179533
0.179986
0.180347
0.180667
0.180947
0.181186
0.181386
0.181546
0.181666
0.181746
0.181786
0.181786
0.181746
0.181666
0.181546
0.181386
0.181186
0.180947
0.180667
0.180347
0.179986
0.179533
0.179036
0.178493
0.177895
0.177191
0.176437
0.175599
0.174663
0.171658
0.172683
0.173631
0.174482
0.175253
0.175968
0.176574
0.177127
0.177629
0.178074
0.178435
0.178752
0.179024
0.179250
0.179431
0.179566
0.179657
0.179702
0.179702
0.179657
0.179566
0.179431
0.179250
0.179024
0.178752
0.178435
0.178074
0.177629
0.177127
0.176574
0.175968
0.175253
0.174482
0.173631
0.172683
0.171658
0.168335
0.169433
0.170451
0.171390
0.172251
0.173022
0.173733
0.174357
0.174907
0.175402
0.175843
0.176208
0.176510
0.176761
0.176962
0.177113
0.177214
0.177264
0.177264
0.177214
0.177113
0.176962
0.176761
0.176510
0.176208
0.175843
0.175402
0.174907
0.174357
0.173733
0.173022
0.172251
0.171390
0.170451
0.169433
0.168335
0.164892
0.165978
0.167018
0.167993
0.168897
0.169737
0.170496
0.171184
0.171810
0.172353
0.172827
0.173242
0.173598
0.173894
0.174122
0.174287
0.174397
0.174452
0.174452
0.174397
0.174287
0.174122
0.173894
0.173598
0.173242
0.172827
0.172353
0.171810
0.171184
0.170496
0.169737
0.168897
0.167993
0.167018
0.165978
0.164892
0.161554
0.162570
0.163551
0.164490
0.165385
0.166219
0.166999
0.167715
0.168363
0.168944
0.169461
0.169913
0.170291
0.170604
0.170854
0.171042
0.171167
0.171230
0.171230
0.171167
0.171042
0.170854
0.170604
0.170291
0.169913
0.169461
0.168944
0.168363
0.167715
0.166999
0.166219
0.165385
0.164490
0.163551
0.162570
0.161554
0.158458
0.159379
0.160263
0.161131
0.161942
0.162736
0.163472
0.164153
0.164792
0.165367
0.165878
0.166331
0.166721
0.167046
0.167307
0.167502
0.167632
0.167697
0.167697
0.167632
0.167502
0.167307
0.167046
0.166721
0.166331
0.165878
0.165367
0.164792
0.164153
0.163472
0.162736
0.161942
0.161131
0.160263
0.159379
0.158458
0.155580
0.156427
0.157243
0.158008
0.158767
0.159471
0.160130
0.160767
0.161346
0.161867
0.162350
0.162780
0.163148
0.163455
0.163700
0.163884
0.164007
0.164071
0.164071
0.164007
0.163884
0.163700
0.163455
0.163148
0.162780
0.162350
0.161867
0.161346
0.160767
0.160130
0.159471
0.158767
0.158008
0.157243
0.156427
0.155580
0.152799
0.153618
0.154394
0.155126
0.155809
0.156463
0.157075
0.157636
0.158155
0.158643
0.159076
0.159456
0.159781
0.160056
0.160288
0.160461
0.160577
0.160635
0.160635
0.160577
0.160461
0.160288
0.160056
0.159781
0.159456
0.159076
0.158643
0.158155
0.157636
0.157075
0.156463
0.155809
0.155126
0.154394
0.153618
0.152799
0.149942
0.150783
0.151571
0.152303
0.152977
0.153603
0.154184
0.154721
0.155209
0.155648
0.156041
0.156398
0.156704
0.156958
0.157162
0.157315
0.157417
0.157468
0.157468
0.157417
0.157315
0.157162
0.156958
0.156704
0.156398
0.156041
0.155648
0.155209
0.154721
0.154184
0.153603
0.152977
0.152303
0.151571
0.150783
0.149942
0.146745
0.147710
0.148569
0.149352
0.150078
0.150719
0.151310
0.151852
0.152337
0.152771
0.153156
0.153493
0.153782
0.154023
0.154219
0.154365
0.154463
0.154512
0.154512
0.154463
0.154365
0.154219
0.154023
0.153782
0.153493
0.153156
0.152771
0.152337
0.151852
0.151310
0.150719
0.150078
0.149352
0.148569
0.147710
0.146745
0.142925
0.144103
0.145108
0.146046
0.146841
0.147579
0.148240
0.148814
0.149336
0.149806
0.150211
0.150556
0.150852
0.151099
0.151296
0.151444
0.151542
0.151591
0.151591
0.151542
0.151444
0.151296
0.151099
0.150852
0.150556
0.150211
0.149806
0.149336
0.148814
0.148240
0.147579
0.146841
0.146046
0.145108
0.144103
0.142925
0.138087
0.139543
0.140829
0.141994
0.142974
0.143883
0.144649
0.145340
0.145969
0.146483
0.146938
0.147335
0.147676
0.147961
0.148173
0.148329
0.148434
0.148486
0.148486
0.148434
0.148329
0.148173
0.147961
0.147676
0.147335
0.146938
0.146483
0.145969
0.145340
0.144649
0.143883
0.142974
0.141994
0.140829
0.139543
0.138087
0.131822
0.133665
0.135302
0.136756
0.138060
0.139174
0.140183
0.141038
0.141815
0.142463
0.143022
0.143512
0.143932
0.144253
0.144505
0.144693
0.144819
0.144882
0.144882
0.144819
0.144693
0.144505
0.144253
0.143932
0.143512
0.143022
0.142463
0.141815
0.141038
0.140183
0.139174
0.138060
0.136756
0.135302
0.133665
0.131822
0.124119
0.126301
0.128283
0.130074
0.131671
0.133092
0.134362
0.135473
0.136447
0.137289
0.138034
0.138634
0.139148
0.139577
0.139919
0.140160
0.140315
0.140393
0.140393
0.140315
0.140160
0.139919
0.139577
0.139148
0.138634
0.138034
0.137289
0.136447
0.135473
0.134362
0.133092
0.131671
0.130074
0.128283
0.126301
0.124119
0.115179
0.117642
0.119896
0.121950
0.123814
0.125497
0.127010
0.128365
0.129562
0.130609
0.131522
0.132304
0.132951
0.133490
0.133922
0.134230
0.134432
0.134533
0.134533
0.134432
0.134230
0.133922
0.133490
0.132951
0.132304
0.131522
0.130609
0.129562
0.128365
0.127010
0.125497
0.123814
0.121950
0.119896
0.117642
0.115179
0.105008
0.107774
0.110296
0.112595
0.114689
0.116589
0.118307
0.119851
0.121223
0.122442
0.123506
0.124425
0.125199
0.125844
0.126348
0.126722
0.126971
0.127096
0.127096
0.126971
0.126722
0.126348
0.125844
0.125199
0.124425
0.123506
0.122442
0.121223
0.119851
0.118307
0.116589
0.114689
0.112595
0.110296
0.107774
0.105008
0.000000
0.000000
0.099332
0.101936
0.104294
0.106430
0.108359
0.110092
0.111635
0.113000
0.114201
0.115232
0.116113
0.116832
0.117407
0.117839
0.118123
0.118264
0.118264
0.118123
0.117839
0.117407
0.116832
0.116113
0.115232
0.114201
0.113000
0.111635
0.110092
0.108359
0.106430
0.104294
0.101936
0.099332
0.000000
0.000000
0.185338
0.185777
0.000000
0.000000
0.000000
0.000000
0.000000
0.098922
0.100672
0.102220
0.103571
0.104736
0.105727
0.106540
0.107186
0.107670
0.107993
0.108151
0.108151
0.107993
0.107670
0.107186
0.106540
0.105727
0.104736
0.103571
0.102220
0.100672
0.098922
0.000000
0.000000
0.000000
0.000000
0.000000
0.185777
0.185338
0.183437
0.184011
0.184424
0.184812
0.185174
0.185510
0.185820
0.000000
0.000000
0.000000
0.000000
0.000000
0.000000
0.000000
0.000000
0.000000
0.000000
0.000000
0.000000
0.000000
0.000000
0.000000
0.000000
0.000000
0.000000
0.000000
0.000000
0.000000
0.000000
0.185820
0.185510
0.185174
0.184812
0.184424
0.184011
0.183437
0.180924
0.181602
0.182205
0.182713
0.183188
0.183629
0.184028
0.184312
0.184571
0.184803
0.185010
0.185191
0.185346
0.185476
0.185579
0.185657
0.185709
0.185734
0.185734
0.185709
0.185657
0.185579
0.185476
0.185346
0.185191
0.185010
0.184803
0.184571
0.184312
0.184028
0.183629
0.183188
0.182713
0.182205
0.181602
0.180924
0.177854
0.178637
0.179359
0.180032
0.180591
0.181110
0.181588
0.182023
0.182363
0.182668
0.182939
0.183177
0.183381
0.183550
0.183686
0.183788
0.183856
0.183890
0.183890
0.183856
0.183788
0.183686
0.183550
0.183381
0.183177
0.182939
0.182668
0.182363
0.182023
0.181588
0.181110
0.180591
0.180032
0.179359
0.178637
0.177854
0.174111
0.175044
0.175923
0.176683
0.177385
0.178034
0.178576
0.179072
0.179524
0.179931
0.180258
0.180537
0.180777
0.180976
0.181136
0.181256
0.181336
0.181376
0.181376
0.181336
0.181256
0.181136
0.180976
0.180777
0.180537
0.180258
0.179931
0.179524
0.179072
0.178576
0.178034
0.177385
0.176683
0.175923
0.175044
0.174111
0.169709
0.170780
0.171779
0.172678
0.173506
0.174256
0.174915
0.175519
0.176063
0.176514
0.176916
0.177267
0.177568
0.177819
0.178018
0.178154
0.178244
0.178289
0.178289
0.178244
0.178154
0.178018
0.177819
0.177568
0.177267
0.176916
0.176514
0.176063
0.175519
0.174915
0.174256
0.173506
0.172678
0.171779
0.170780
0.169709
0.164977
0.166062
0.167101
0.168074
0.168977
0.169815
0.170570
0.171257
0.171882
0.172421
0.172894
0.173308
0.173663
0.173959
0.174182
0.174347
0.174456
0.174511
0.174511
0.174456
0.174347
0.174182
0.173959
0.173663
0.173308
0.172894
0.172421
0.171882
0.171257
0.170570
0.169815
0.168977
0.168074
0.167101
0.166062
0.164977
0.160475
0.161458
0.162405
0.163324
0.164188
0.165017
0.165783
0.166493
0.167142
0.167727
0.168244
0.168696
0.169083
0.169405
0.169663
0.169856
0.169985
0.170048
0.170048
0.169985
0.169856
0.169663
0.169405
0.169083
0.168696
0.168244
0.167727
0.167142
0.166493
0.165783
0.165017
0.164188
0.163324
0.162405
0.161458
0.160475
0.156464
0.157329
0.158152
0.158964
0.159721
0.160454
0.161147
0.161783
0.162383
0.162934
0.163424
0.163852
0.164229
0.164548
0.164803
0.164994
0.165122
0.165186
0.165186
0.165122
0.164994
0.164803
0.164548
0.164229
0.163852
0.163424
0.162934
0.162383
0.161783
0.161147
0.160454
0.159721
0.158964
0.158152
0.157329
0.156464
0.152741
0.153558
0.154331
0.155062
0.155744
0.156394
0.157005
0.157564
0.158078
0.158565
0.158998
0.159377
0.159701
0.159972
0.160201
0.160375
0.160490
0.160548
0.160548
0.160490
0.160375
0.160201
0.159972
0.159701
0.159377
0.158998
0.158565
0.158078
0.157564
0.157005
0.156394
0.155744
0.155062
0.154331
0.153558
0.152741
0.148890
0.149775
0.150575
0.151312
0.152001
0.152626
0.153203
0.153731
0.154215
0.154654
0.155043
0.155385
0.155677
0.155921
0.156121
0.156273
0.156375
0.156426
0.156426
0.156375
0.156273
0.156121
0.155921
0.155677
0.155385
0.155043
0.154654
0.154215
0.153731
0.153203
0.152626
0.152001
0.151312
0.150575
0.149775
0.148890
0.144367
0.145433
0.146395
0.147245
0.148036
0.148713
0.149338
0.149911
0.150408
0.150851
0.151244
0.151589
0.151884
0.152127
0.152319
0.152463
0.152559
0.152608
0.152608
0.152559
0.152463
0.152319
0.152127
0.151884
0.151589
0.151244
0.150851
0.150408
0.149911
0.149338
0.148713
0.148036
0.147245
0.146395
0.145433
0.144367
0.138368
0.139821
0.141078
0.142217
0.143194
0.144091
0.144844
0.145534
0.146146
0.146656
0.147110
0.147507
0.147847
0.148120
0.148328
0.148484
0.148589
0.148641
0.148641
0.148589
0.148484
0.148328
0.148120
0.147847
0.147507
0.147110
0.146656
0.146146
0.145534
0.144844
0.144091
0.143194
0.142217
0.141078
0.139821
0.138368
0.130151
0.132082
0.133804
0.135328
0.136684
0.137897
0.138932
0.139872
0.140659
0.141357
0.141978
0.142468
0.142887
0.143236
0.143516
0.143725
0.143865
0.143935
0.143935
0.143865
0.143725
0.143516
0.143236
0.142887
0.142468
0.141978
0.141357
0.140659
0.139872
0.138932
0.137897
0.136684
0.135328
0.133804
0.132082
0.130151
0.119721
0.122047
0.124165
0.126093
0.127833
0.129392
0.130787
0.132037
0.133114
0.134077
0.134884
0.135589
0.136180
0.136646
0.137020
0.137300
0.137487
0.137580
0.137580
0.137487
0.137300
0.137020
0.136646
0.136180
0.135589
0.134884
0.134077
0.133114
0.132037
0.130787
0.129392
0.127833
0.126093
0.124165
0.122047
0.119721
0.107425
0.110111
0.112559
0.114796
0.116833
0.118681
0.120352
0.121854
0.123186
0.124369
0.125399
0.126290
0.127036
0.127658
0.128149
0.128508
0.128746
0.128866
0.128866
0.128746
0.128508
0.128149
0.127658
0.127036
0.126290
0.125399
0.124369
0.123186
0.121854
0.120352
0.118681
0.116833
0.114796
0.112559
0.110111
0.107425
0.000000
0.000000
0.098952
0.101558
0.103925
0.106067
0.107999
0.109731
0.111276
0.112646
0.113849
0.114881
0.115763
0.116486
0.117060
0.117490
0.117777
0.117921
0.117921
0.117777
0.117490
0.117060
0.116486
0.115763
0.114881
0.113849
0.112646
0.111276
0.109731
0.107999
0.106067
0.103925
0.101558
0.098952
0.000000
0.000000
0.184847
0.185285
0.185698
0.000000
0.000000
0.000000
0.000000
0.000000
0.000000
0.098876
0.100278
0.101484
0.102506
0.103348
0.104021
0.104516
0.104845
0.105010
0.105010
0.104845
0.104516
0.104021
0.103348
0.102506
0.101484
0.100278
0.098876
0.000000
0.000000
0.000000
0.000000
0.000000
0.000000
0.185698
0.185285
0.184847
0.182220
0.182795
0.183336
0.183844
0.184242
0.184577
0.184887
0.185171
0.185429
0.185661
0.185867
0.000000
0.000000
0.000000
0.000000
0.000000
0.000000
0.000000
0.000000
0.000000
0.000000
0.000000
0.000000
0.000000
0.000000
0.185867
0.185661
0.185429
0.185171
0.184887
0.184577
0.184242
0.183844
0.183336
0.182795
0.182220
0.178661
0.179427
0.180131
0.180728
0.181285
0.181802
0.182238
0.182610
0.182949
0.183253
0.183524
0.183761
0.183964
0.184102
0.184205
0.184282
0.184334
0.184360
0.184360
0.184334
0.184282
0.184205
0.184102
0.183964
0.183761
0.183524
0.183253
0.182949
0.182610
0.182238
0.181802
0.181285
0.180728
0.180131
0.179427
0.178661
0.174201
0.175133
0.176008
0.176759
0.177460
0.178100
0.178640
0.179136
0.179586
0.179992
0.180311
0.180590
0.180829
0.181028
0.181187
0.181307
0.181386
0.181426
0.181426
0.181386
0.181307
0.181187
0.181028
0.180829
0.180590
0.180311
0.179992
0.179586
0.179136
0.178640
0.178100
0.177460
0.176759
0.176008
0.175133
0.174201
0.168791
0.169884
0.170884
0.171819
0.172654
0.173421
0.174120
0.174723
0.175271
0.175764
0.176185
0.176536
0.176836
0.177086
0.177287
0.177437
0.177537
0.177587
0.177587
0.177537
0.177437
0.177287
0.177086
0.176836
0.176536
0.176185
0.175764
0.175271
0.174723
0.174120
0.173421
0.172654
0.171819
0.170884
0.169884
0.168791
0.163093
0.164137
0.165154
0.166110
0.167017
0.167859
0.168631
0.169339
0.169982
0.170543
0.171042
0.171478
0.171852
0.172155
0.172391
0.172568
0.172686
0.172745
0.172745
0.172686
0.172568
0.172391
0.172155
0.171852
0.171478
0.171042
0.170543
0.169982
0.169339
0.168631
0.167859
0.167017
0.166110
0.165154
0.164137
0.163093
0.157958
0.158872
0.159736
0.160582
0.161389
0.162147
0.162880
0.163552
0.164169
0.164742
0.165251
0.165696
0.166079
0.166403
0.166662
0.166856
0.166986
0.167051
0.167051
0.166986
0.166856
0.166662
0.166403
0.166079
0.165696
0.165251
0.164742
0.164169
0.163552
0.162880
0.162147
0.161389
0.160582
0.159736
0.158872
0.157958
0.153436
0.154255
0.155032
0.155761
0.156461
0.157120
0.157729
0.158306
0.158846
0.159331
0.159763
0.160151
0.160496
0.160785
0.161015
0.161188
0.161304
0.161361
0.161361
0.161304
0.161188
0.161015
0.160785
0.160496
0.160151
0.159763
0.159331
0.158846
0.158306
0.157729
0.157120
0.156461
0.155761
0.155032
0.154255
0.153436
0.148869
0.149752
0.150551
0.151286
0.151973
0.152597
0.153172
0.153700
0.154181
0.154619
0.155008
0.155348
0.155639
0.155882
0.156080
0.156232
0.156334
0.156385
0.156385
0.156334
0.156232
0.156080
0.155882
0.155639
0.155348
0.155008
0.154619
0.154181
0.153700
0.153172
0.152597
0.151973
0.151286
0.150551
0.149752
0.148869
0.143343
0.144473
0.145473
0.146372
0.147164
0.147899
0.148530
0.149102
0.149621
0.150084
0.150476
0.150820
0.151114
0.151359
0.151556
0.151703
0.151801
0.151850
0.151850
0.151801
0.151703
0.151556
0.151359
0.151114
0.150820
0.150476
0.150084
0.149621
0.149102
0.148530
0.147899
0.147164
0.146372
0.145473
0.144473
0.143343
0.135557
0.137172
0.138605
0.139884
0.140977
0.141982
0.142819
0.143585
0.144252
0.144815
0.145316
0.145753
0.146116
0.146399
0.146625
0.146795
0.146908
0.146965
0.146965
0.146908
0.146795
0.146625
0.146399
0.146116
0.145753
0.145316
0.144815
0.144252
0.143585
0.142819
0.141982
0.140977
0.139884
0.138605
0.137172
0.135557
0.124605
0.126760
0.128714
0.130477
0.132062
0.133458
0.134698
0.135804
0.136749
0.137587
0.138304
0.138901
0.139412
0.139838
0.140163
0.140395
0.140549
0.140627
0.140627
0.140549
0.140395
0.140163
0.139838
0.139412
0.138901
0.138304
0.137587
0.136749
0.135804
0.134698
0.133458
0.132062
0.130477
0.128714
0.126760
0.124605
0.110967
0.113539
0.115893
0.118040
0.119995
0.121764
0.123359
0.124791
0.126072
0.127188
0.128173
0.129006
0.129721
0.130302
0.130756
0.131096
0.131324
0.131437
0.131437
0.131324
0.131096
0.130756
0.130302
0.129721
0.129006
0.128173
0.127188
0.126072
0.124791
0.123359
0.121764
0.119995
0.118040
0.115893
0.113539
0.110967
0.000000
0.000000
0.100458
0.103011
0.105332
0.107434
0.109331
0.111034
0.112555
0.113905
0.115079
0.116102
0.116961
0.117676
0.118242
0.118661
0.118941
0.119080
0.119080
0.118941
0.118661
0.118242
0.117676
0.116961
0.116102
0.115079
0.113905
0.112555
0.111034
0.109331
0.107434
0.105332
0.103011
0.100458
0.000000
0.000000
0.184714
0.185152
0.185563
0.185949
0.000000
0.000000
0.000000
0.000000
0.000000
0.000000
0.099316
0.100533
0.101563
0.102413
0.103084
0.103588
0.103924
0.104090
0.104090
0.103924
0.103588
0.103084
0.102413
0.101563
0.100533
0.099316
0.000000
0.000000
0.000000
0.000000
0.000000
0.000000
0.185949
0.185563
0.185152
0.184714
0.181503
0.182151
0.182691
0.183197
0.183669
0.184082
0.184391
0.184674
0.184931
0.185162
0.185368
0.185548
0.185702
0.185831
0.185934
0.000000
0.000000
0.000000
0.000000
0.000000
0.000000
0.185934
0.185831
0.185702
0.185548
0.185368
0.185162
0.184931
0.184674
0.184391
0.184082
0.183669
0.183197
0.182691
0.182151
0.181503
