0.175626
0.176957
0.178161
0.179192
0.180137
0.180927
0.181656
0.182276
0.182793
0.183258
0.183671
0.184025
0.184261
0.184458
0.184616
0.184734
0.184813
0.184852
0.184852
0.184813
0.184734
0.184616
0.184458
0.184261
0.184025
0.183671
0.183258
0.182793
0.182276
0.181656
0.180927
0.180137
0.179192
0.178161
0.176957
0.175626
0.180985
0.182015
0.182842
0.183618
0.184260
0.184773
0.185245
0.185679
0.000000
0.000000
0.000000
0.000000
0.000000
0.000000
0.000000
0.000000
0.098489
0.098758
0.098758
0.098489
0.000000
0.000000
0.000000
0.000000
0.000000
0.000000
0.000000
0.000000
0.185679
0.185245
0.184773
0.184260
0.183618
0.182842
0.182015
0.180985
0.184772
0.185442
0.000000
0.000000
0.000000
0.000000
0.101159
0.104011
0.106518
0.108719
0.110631
0.112272
0.113653
0.114784
0.115684
0.116350
0.116789
0.117008
0.117008
0.116789
0.116350
0.115684
0.114784
0.113653
0.112272
0.110631
0.108719
0.106518
0.104011
0.101159
0.000000
0.000000
0.000000
0.000000
0.185442
0.184772
0.000000
0.102215
0.106280
0.109932
0.113202
0.116140
0.118757
0.121087
0.123144
0.124944
0.126503
0.127836
0.128940
0.129854
0.130558
0.131081
0.131430
0.131604
0.131604
0.131430
0.131081
0.130558
0.129854
0.128940
0.127836
0.126503
0.124944
0.123144
0.121087
0.118757
0.116140
0.113202
0.109932
0.106280
0.102215
0.000000
0.115706
0.119413
0.122751
0.125747
0.128405
0.130746
0.132794
0.134569
0.136105
0.137393
0.138492
0.139409
0.140177
0.140771
0.141246
0.141603
0.141841
0.141959
0.141959
0.141841
0.141603
0.141246
0.140771
0.140177
0.139409
0.138492
0.137393
0.136105
0.134569
0.132794
0.130746
0.128405
0.125747
0.122751
0.119413
0.115706
0.130239
0.133139
0.135666
0.137837
0.139685
0.141260
0.142618
0.143796
0.144778
0.145644
0.146374
0.146983
0.147505
0.147940
0.148264
0.148504
0.148664
0.148744
0.148744
0.148664
0.148504
0.148264
0.147940
0.147505
0.146983
0.146374
0.145644
0.144778
0.143796
0.142618
0.141260
0.139685
0.137837
0.135666
0.133139
0.130239
0.140799
0.142739
0.144406
0.145850
0.147082
0.148196
0.149156
0.150033
0.150788
0.151468
0.152070
0.152587
0.153030
0.153399
0.153694
0.153916
0.154064
0.154139
0.154139
0.154064
0.153916
0.153694
0.153399
0.153030
0.152587
0.152070
0.151468
0.150788
0.150033
0.149156
0.148196
0.147082
0.145850
0.144406
0.142739
0.140799
0.147792
0.149168
0.150423
0.151556
0.152600
0.153560
0.154452
0.155275
0.156025
0.156729
0.157354
0.157902
0.158394
0.158810
0.159143
0.159392
0.159559
0.159642
0.159642
0.159559
0.159392
0.159143
0.158810
0.158394
0.157902
0.157354
0.156729
0.156025
0.155275
0.154452
0.153560
0.152600
0.151556
0.150423
0.149168
0.147792
0.153131
0.154392
0.155590
0.156745
0.157840
0.158911
0.159909
0.160881
0.161770
0.162603
0.163357
0.164017
0.164606
0.165096
0.165488
0.165783
0.165979
0.166078
0.166078
0.165979
0.165783
0.165488
0.165096
0.164606
0.164017
0.163357
0.162603
0.161770
0.160881
0.159909
0.158911
0.157840
0.156745
0.155590
0.154392
0.153131
0.158347
0.159762
0.161168
0.162532
0.163851
0.165120
0.166303
0.167402
0.168399
0.169292
0.170084
0.170757
0.171334
0.171815
0.172189
0.172462
0.172644
0.172735
0.172735
0.172644
0.172462
0.172189
0.171815
0.171334
0.170757
0.170084
0.169292
0.168399
0.167402
0.166303
0.165120
0.163851
0.162532
0.161168
0.159762
0.158347
0.164360
0.166029
0.167629
0.169121
0.170495
0.171745
0.172852
0.173855
0.174711
0.175473
0.176137
0.176679
0.177143
0.177529
0.177839
0.178064
0.178203
0.178272
0.178272
0.178203
0.178064
0.177839
0.177529
0.177143
0.176679
0.176137
0.175473
0.174711
0.173855
0.172852
0.171745
0.170495
0.169121
0.167629
0.166029
0.164360
0.170907
0.172514
0.173973
0.175245
0.176393
0.177399
0.178294
0.179060
0.179757
0.180339
0.180831
0.181262
0.181631
0.181939
0.182158
0.182315
0.182419
0.182471
0.182471
0.182419
0.182315
0.182158
0.181939
0.181631
0.181262
0.180831
0.180339
0.179757
0.179060
0.178294
0.177399
0.176393
0.175245
0.173973
0.172514
0.170907
0.176650
0.177965
0.179083
0.180113
0.180975
0.181775
0.182437
0.183013
0.183537
0.184006
0.184325
0.184605
0.184844
0.185044
0.185204
0.185323
0.185403
0.185443
0.185443
0.185403
0.185323
0.185204
0.185044
0.184844
0.184605
0.184325
0.184006
0.183537
0.183013
0.182437
0.181775
0.180975
0.180113
0.179083
0.177965
0.176650
0.181120
0.182142
0.182980
0.183765
0.184380
0.184899
0.185378
0.185818
0.000000
0.000000
0.000000
0.000000
0.000000
0.000000
0.098263
0.099081
0.099627
0.099900
0.099900
0.099627
0.099081
0.098263
0.000000
0.000000
0.000000
0.000000
0.000000
0.000000
0.185818
0.185378
0.184899
0.184380
0.183765
0.182980
0.182142
0.181120
0.184435
0.185114
0.185753
0.000000
0.000000
0.000000
0.099193
0.102143
0.104736
0.107011
0.108985
0.110677
0.112106
0.113271
0.114199
0.114882
0.115338
0.115566
0.115566
0.115338
0.114882
0.114199
0.113271
0.112106
0.110677
0.108985
0.107011
0.104736
0.102143
0.099193
0.000000
0.000000
0.000000
0.185753
0.185114
0.184435
0.000000
0.000000
0.101458
0.105356
0.108846
0.111974
0.114755
0.117232
0.119422
0.121342
0.123007
0.124435
0.125634
0.126611
0.127382
0.127961
0.128333
0.128518
0.128518
0.128333
0.127961
0.127382
0.126611
0.125634
0.124435
0.123007
0.121342
0.119422
0.117232
0.114755
0.111974
0.108846
0.105356
0.101458
0.000000
0.000000
0.108710
0.112778
0.116442
0.119738
0.122691
0.125328
0.127666
0.129718
0.131498
0.133030
0.134343
0.135438
0.136349
0.137074
0.137654
0.138081
0.138347
0.138479
0.138479
0.138347
0.138081
0.137654
0.137074
0.136349
0.135438
0.134343
0.133030
0.131498
0.129718
0.127666
0.125328
0.122691
0.119738
0.116442
0.112778
0.108710
0.122376
0.125823
0.128881
0.131584
0.133948
0.135986
0.137726
0.139210
0.140488
0.141572
0.142482
0.143242
0.143892
0.144391
0.144780
0.145073
0.145268
0.145365
0.145365
0.145268
0.145073
0.144780
0.144391
0.143892
0.143242
0.142482
0.141572
0.140488
0.139210
0.137726
0.135986
0.133948
0.131584
0.128881
0.125823
0.122376
0.133530
0.136205
0.138481
0.140430
0.142105
0.143516
0.144735
0.145807
0.146707
0.147501
0.148189
0.148757
0.149243
0.149648
0.149972
0.150203
0.150356
0.150432
0.150432
0.150356
0.150203
0.149972
0.149648
0.149243
0.148757
0.148189
0.147501
0.146707
0.145807
0.144735
0.143516
0.142105
0.140430
0.138481
0.136205
0.133530
0.141699
0.143574
0.145178
0.146579
0.147814
0.148883
0.149855
0.150705
0.151470
0.152156
0.152754
0.153278
0.153727
0.154102
0.154406
0.154633
0.154785
0.154861
0.154861
0.154785
0.154633
0.154406
0.154102
0.153727
0.153278
0.152754
0.152156
0.151470
0.150705
0.149855
0.148883
0.147814
0.146579
0.145178
0.143574
0.141699
0.147422
0.148848
0.150137
0.151285
0.152349
0.153322
0.154223
0.155058
0.155816
0.156521
0.157155
0.157710
0.158198
0.158619
0.158956
0.159209
0.159378
0.159462
0.159462
0.159378
0.159209
0.158956
0.158619
0.158198
0.157710
0.157155
0.156521
0.155816
0.155058
0.154223
0.153322
0.152349
0.151285
0.150137
0.148848
0.147422
0.151943
0.153217
0.154420
0.155559
0.156649
0.157680
0.158671
0.159599
0.160472
0.161283
0.162004
0.162672
0.163245
0.163723
0.164109
0.164407
0.164606
0.164705
0.164705
0.164606
0.164407
0.164109
0.163723
0.163245
0.162672
0.162004
0.161283
0.160472
0.159599
0.158671
0.157680
0.156649
0.155559
0.154420
0.153217
0.151943
0.156143
0.157491
0.158809
0.160079
0.161341
0.162543
0.163689
0.164770
0.165765
0.166672
0.167483
0.168190
0.168794
0.169297
0.169699
0.170001
0.170196
0.170294
0.170294
0.170196
0.170001
0.169699
0.169297
0.168794
0.168190
0.167483
0.166672
0.165765
0.164770
0.163689
0.162543
0.161341
0.160079
0.158809
0.157491
0.156143
0.160678
0.162223
0.163752
0.165234
0.166639
0.167956
0.169164
0.170262
0.171237
0.172109
0.172848
0.173495
0.174045
0.174474
0.174817
0.175075
0.175246
0.175332
0.175332
0.175246
0.175075
0.174817
0.174474
0.174045
0.173495
0.172848
0.172109
0.171237
0.170262
0.169164
0.167956
0.166639
0.165234
0.163752
0.162223
0.160678
0.165799
0.167518
0.169132
0.170622
0.171988
0.173190
0.174277
0.175221
0.176073
0.176779
0.177406
0.177955
0.178383
0.178736
0.179018
0.179230
0.179371
0.179442
0.179442
0.179371
0.179230
0.179018
0.178736
0.178383
0.177955
0.177406
0.176779
0.176073
0.175221
0.174277
0.173190
0.171988
0.170622
0.169132
0.167518
0.165799
0.171081
0.172701
0.174167
0.175455
0.176600
0.177620
0.178505
0.179282
0.179988
0.180551
0.181050
0.181487
0.181862
0.182148
0.182360
0.182519
0.182625
0.182678
0.182678
0.182625
0.182519
0.182360
0.182148
0.181862
0.181487
0.181050
0.180551
0.179988
0.179282
0.178505
0.177620
0.176600
0.175455
0.174167
0.172701
0.171081
0.175775
0.177128
0.178346
0.179405
0.180348
0.181160
0.181909
0.182507
0.183038
0.183515
0.183940
0.184238
0.184480
0.184683
0.184845
0.184966
0.185047
0.185088
0.185088
0.185047
0.184966
0.184845
0.184683
0.184480
0.184238
0.183940
0.183515
0.183038
0.182507
0.181909
0.181160
0.180348
0.179405
0.178346
0.177128
0.175775
0.179600
0.180708
0.181707
0.182548
0.183291
0.183982
0.184472
0.184917
0.185322
0.185687
0.000000
0.000000
0.000000
0.000000
0.000000
0.000000
0.000000
0.000000
0.000000
0.000000
0.000000
0.000000
0.000000
0.000000
0.000000
0.000000
0.185687
0.185322
0.184917
0.184472
0.183982
0.183291
0.182548
0.181707
0.180708
0.179600
0.182642
0.183546
0.184302
0.184909
0.185476
0.000000
0.000000
0.000000
0.000000
0.000000
0.099998
0.101892
0.103482
0.104788
0.105823
0.106586
0.107093
0.107346
0.107346
0.107093
0.106586
0.105823
0.104788
0.103482
0.101892
0.099998
0.000000
0.000000
0.000000
0.000000
0.000000
0.185476
0.184909
0.184302
0.183546
0.182642
0.184942
0.185631
0.000000
0.000000
0.000000
0.099676
0.102910
0.105783
0.108312
0.110528
0.112453
0.114106
0.115492
0.116632
0.117535
0.118207
0.118647
0.118867
0.118867
0.118647
0.118207
0.117535
0.116632
0.115492
0.114106
0.112453
0.110528
0.108312
0.105783
0.102910
0.099676
0.000000
0.000000
0.000000
0.185631
0.184942
0.000000
0.000000
0.101265
0.105227
0.108772
0.111946
0.114768
0.117280
0.119500
0.121446
0.123132
0.124576
0.125792
0.126778
0.127560
0.128142
0.128518
0.128705
0.128705
0.128518
0.128142
0.127560
0.126778
0.125792
0.124576
0.123132
0.121446
0.119500
0.117280
0.114768
0.111946
0.108772
0.105227
0.101265
0.000000
0.000000
0.104932
0.109235
0.113100
0.116575
0.119695
0.122482
0.124960
0.127149
0.129062
0.130719
0.132145
0.133332
0.134327
0.135121
0.135756
0.136215
0.136509
0.136656
0.136656
0.136509
0.136215
0.135756
0.135121
0.134327
0.133332
0.132145
0.130719
0.129062
0.127149
0.124960
0.122482
0.119695
0.116575
0.113100
0.109235
0.104932
0.116098
0.119892
0.123297
0.126347
0.129045
0.131421
0.133488
0.135267
0.136792
0.138106
0.139183
0.140115
0.140848
0.141459
0.141947
0.142283
0.142503
0.142613
0.142613
0.142503
0.142283
0.141947
0.141459
0.140848
0.140115
0.139183
0.138106
0.136792
0.135267
0.133488
0.131421
0.129045
0.126347
0.123297
0.119892
0.116098
0.125733
0.129030
0.131945
0.134462
0.136635
0.138501
0.140108
0.141452
0.142607
0.143598
0.144430
0.145122
0.145716
0.146190
0.146548
0.146816
0.146995
0.147085
0.147085
0.146995
0.146816
0.146548
0.146190
0.145716
0.145122
0.144430
0.143598
0.142607
0.141452
0.140108
0.138501
0.136635
0.134462
0.131945
0.129030
0.125733
0.133804
0.136479
0.138764
0.140713
0.142383
0.143814
0.145020
0.146098
0.146993
0.147798
0.148472
0.149048
0.149541
0.149952
0.150266
0.150498
0.150654
0.150731
0.150731
0.150654
0.150498
0.150266
0.149952
0.149541
0.149048
0.148472
0.147798
0.146993
0.146098
0.145020
0.143814
0.142383
0.140713
0.138764
0.136479
0.133804
0.140097
0.142159
0.143921
0.145414
0.146723
0.147887
0.148883
0.149788
0.150576
0.151275
0.151896
0.152430
0.152886
0.153265
0.153569
0.153797
0.153949
0.154025
0.154025
0.153949
0.153797
0.153569
0.153265
0.152886
0.152430
0.151896
0.151275
0.150576
0.149788
0.148883
0.147887
0.146723
0.145414
0.143921
0.142159
0.140097
0.144819
0.146454
0.147886
0.149130
0.150266
0.151276
0.152204
0.153039
0.153799
0.154489
0.155105
0.155644
0.156111
0.156513
0.156834
0.157076
0.157237
0.157317
0.157317
0.157237
0.157076
0.156834
0.156513
0.156111
0.155644
0.155105
0.154489
0.153799
0.153039
0.152204
0.151276
0.150266
0.149130
0.147886
0.146454
0.144819
0.148555
0.149954
0.151200
0.152358
0.153421
0.154415
0.155339
0.156195
0.156999
0.157723
0.158390
0.158989
0.159503
0.159931
0.160292
0.160566
0.160749
0.160840
0.160840
0.160749
0.160566
0.160292
0.159931
0.159503
0.158989
0.158390
0.157723
0.156999
0.156195
0.155339
0.154415
0.153421
0.152358
0.151200
0.149954
0.148555
0.151747
0.153044
0.154264
0.155420
0.156521
0.157567
0.158567
0.159509
0.160390
0.161213
0.161945
0.162620
0.163201
0.163686
0.164077
0.164379
0.164581
0.164682
0.164682
0.164581
0.164379
0.164077
0.163686
0.163201
0.162620
0.161945
0.161213
0.160390
0.159509
0.158567
0.157567
0.156521
0.155420
0.154264
0.153044
0.151747
0.154731
0.156043
0.157331
0.158573
0.159772
0.160946
0.162047
0.163113
0.164086
0.164995
0.165803
0.166519
0.167136
0.167650
0.168061
0.168368
0.168572
0.168674
0.168674
0.168572
0.168368
0.168061
0.167650
0.167136
0.166519
0.165803
0.164995
0.164086
0.163113
0.162047
0.160946
0.159772
0.158573
0.157331
0.156043
0.154731
0.157740
0.159180
0.160589
0.161962
0.163317
0.164602
0.165814
0.166942
0.167971
0.168891
0.169708
0.170410
0.171004
0.171499
0.171895
0.172182
0.172370
0.172463
0.172463
0.172370
0.172182
0.171895
0.171499
0.171004
0.170410
0.169708
0.168891
0.167971
0.166942
0.165814
0.164602
0.163317
0.161962
0.160589
0.159180
0.157740
0.160964
0.162552
0.164108
0.165624
0.167058
0.168393
0.169620
0.170721
0.171711
0.172571
0.173321
0.173978
0.174502
0.174938
0.175286
0.175548
0.175722
0.175809
0.175809
0.175722
0.175548
0.175286
0.174938
0.174502
0.173978
0.173321
0.172571
0.171711
0.170721
0.169620
0.168393
0.167058
0.165624
0.164108
0.162552
0.160964
0.164424
0.166145
0.167792
0.169327
0.170735
0.172022
0.173148
0.174167
0.175039
0.175824
0.176476
0.177033
0.177511
0.177910
0.178205
0.178420
0.178564
0.178635
0.178635
0.178564
0.178420
0.178205
0.177910
0.177511
0.177033
0.176476
0.175824
0.175039
0.174167
0.173148
0.172022
0.170735
0.169327
0.167792
0.166145
0.164424
0.168013
0.169752
0.171345
0.172788
0.174095
0.175229
0.176251
0.177128
0.177924
0.178577
0.179151
0.179653
0.180074
0.180391
0.180644
0.180834
0.180961
0.181024
0.181024
0.180961
0.180834
0.180644
0.180391
0.180074
0.179653
0.179151
0.178577
0.177924
0.177128
0.176251
0.175229
0.174095
0.172788
0.171345
0.169752
0.168013
0.171461
0.173086
0.174547
0.175855
0.176983
0.178018
0.178878
0.179668
0.180340
0.180911
0.181418
0.181862
0.182206
0.182476
0.182691
0.182853
0.182961
0.183015
0.183015
0.182961
0.182853
0.182691
0.182476
0.182206
0.181862
0.181418
0.180911
0.180340
0.179668
0.178878
0.178018
0.176983
0.175855
0.174547
0.173086
0.171461
0.174563
0.176043
0.177318
0.178463
0.179468
0.180354
0.181115
0.181813
0.182380
0.182866
0.183297
0.183675
0.183998
0.184204
0.184369
0.184492
0.184574
0.184616
0.184616
0.184574
0.184492
0.184369
0.184204
0.183998
0.183675
0.183297
0.182866
0.182380
0.181813
0.181115
0.180354
0.179468
0.178463
0.177318
0.176043
0.174563
0.177255
0.178550
0.179699
0.180686
0.181574
0.182339
0.182987
0.183580
0.184091
0.184461
0.184791
0.185078
0.185325
0.185531
0.185696
0.185819
0.185901
0.185943
0.185943
0.185901
0.185819
0.185696
0.185531
0.185325
0.185078
0.184791
0.184461
0.184091
0.183580
0.182987
0.182339
0.181574
0.180686
0.179699
0.178550
0.177255
0.179572
0.180701
0.181716
0.182568
0.183324
0.184020
0.184513
0.184966
0.185378
0.185748
0.000000
0.000000
0.000000
0.000000
0.000000
0.000000
0.000000
0.000000
0.000000
0.000000
0.000000
0.000000
0.000000
0.000000
0.000000
0.000000
0.185748
0.185378
0.184966
0.184513
0.184020
0.183324
0.182568
0.181716
0.180701
0.179572
0.181542
0.182528
0.183392
0.184154
0.184730
0.185266
0.185760
0.000000
0.000000
0.000000
0.000000
0.000000
0.098844
0.100245
0.101345
0.102166
0.102704
0.102973
0.102973
0.102704
0.102166
0.101345
0.100245
0.098844
0.000000
0.000000
0.000000
0.000000
0.000000
0.185760
0.185266
0.184730
0.184154
0.183392
0.182528
0.181542
0.183191
0.184083
0.184742
0.185360
0.185936
0.000000
0.000000
0.000000
0.098650
0.101156
0.103327
0.105184
0.106746
0.108032
0.109038
0.109793
0.110290
0.110536
0.110536
0.110290
0.109793
0.109038
0.108032
0.106746
0.105184
0.103327
0.101156
0.098650
0.000000
0.000000
0.000000
0.185936
0.185360
0.184742
0.184083
0.183191
0.184548
0.185249
0.185908
0.000000
0.000000
0.000000
0.100694
0.103684
0.106316
0.108619
0.110618
0.112332
0.113775
0.114955
0.115894
0.116585
0.117044
0.117273
0.117273
0.117044
0.116585
0.115894
0.114955
0.113775
0.112332
0.110618
0.108619
0.106316
0.103684
0.100694
0.000000
0.000000
0.000000
0.185908
0.185249
0.184548
0.185673
0.000000
0.000000
0.000000
0.101337
0.104833
0.107949
0.110703
0.113138
0.115272
0.117125
0.118714
0.120057
0.121149
0.122022
0.122659
0.123084
0.123296
0.123296
0.123084
0.122659
0.122022
0.121149
0.120057
0.118714
0.117125
0.115272
0.113138
0.110703
0.107949
0.104833
0.101337
0.000000
0.000000
0.000000
0.185673
0.000000
0.000000
0.100605
0.104661
0.108291
0.111529
0.114417
0.116980
0.119245
0.121230
0.122951
0.124425
0.125661
0.126668
0.127464
0.128059
0.128441
0.128632
0.128632
0.128441
0.128059
0.127464
0.126668
0.125661
0.124425
0.122951
0.121230
0.119245
0.116980
0.114417
0.111529
0.108291
0.104661
0.100605
0.000000
0.000000
0.098464
0.103156
0.107360
0.111127
0.114504
0.117525
0.120221
0.122607
0.124711
0.126547
0.128134
0.129473
0.130591
0.131503
0.132220
0.132737
0.133082
0.133254
0.133254
0.133082
0.132737
0.132220
0.131503
0.130591
0.129473
0.128134
0.126547
0.124711
0.122607
0.120221
0.117525
0.114504
0.111127
0.107360
0.103156
0.098464
0.105116
0.109484
0.113404
0.116924
0.120087
0.122904
0.125411
0.127622
0.129550
0.131213
0.132635
0.133843
0.134822
0.135629
0.136255
0.136704
0.137003
0.137153
0.137153
0.137003
0.136704
0.136255
0.135629
0.134822
0.133843
0.132635
0.131213
0.129550
0.127622
0.125411
0.122904
0.120087
0.116924
0.113404
0.109484
0.105116
0.111069
0.115157
0.118833
0.122139
0.125083
0.127704
0.130012
0.132018
0.133744
0.135214
0.136469
0.137516
0.138379
0.139065
0.139613
0.140022
0.140271
0.140395
0.140395
0.140271
0.140022
0.139613
0.139065
0.138379
0.137516
0.136469
0.135214
0.133744
0.132018
0.130012
0.127704
0.125083
0.122139
0.118833
0.115157
0.111069
0.116419
0.120264
0.123716
0.126792
0.129520
0.131915
0.133991
0.135769
0.137283
0.138577
0.139674
0.140575
0.141322
0.141943
0.142397
0.142733
0.142957
0.143069
0.143069
0.142957
0.142733
0.142397
0.141943
0.141322
0.140575
0.139674
0.138577
0.137283
0.135769
0.133991
0.131915
0.129520
0.126792
0.123716
0.120264
0.116419
0.121232
0.124845
0.128071
0.130900
0.133377
0.135518
0.137351
0.138914
0.140259
0.141379
0.142337
0.143121
0.143793
0.144318
0.144720
0.145022
0.145224
0.145325
0.145325
0.145224
0.145022
0.144720
0.144318
0.143793
0.143121
0.142337
0.141379
0.140259
0.138914
0.137351
0.135518
0.133377
0.130900
0.128071
0.124845
0.121232
0.125555
0.128922
0.131895
0.134460
0.136671
0.138566
0.140193
0.141562
0.142726
0.143735
0.144568
0.145273
0.145877
0.146344
0.146708
0.146981
0.147164
0.147255
0.147255
0.147164
0.146981
0.146708
0.146344
0.145877
0.145273
0.144568
0.143735
0.142726
0.141562
0.140193
0.138566
0.136671
0.134460
0.131895
0.128922
0.125555
0.129393
0.132498
0.135183
0.137491
0.139455
0.141124
0.142557
0.143790
0.144819
0.145725
0.146480
0.147118
0.147665
0.148110
0.148445
0.148696
0.148864
0.148948
0.148948
0.148864
0.148696
0.148445
0.148110
0.147665
0.147118
0.146480
0.145725
0.144819
0.143790
0.142557
0.141124
0.139455
0.137491
0.135183
0.132498
0.129393
0.132753
0.135583
0.138011
0.140065
0.141808
0.143285
0.144567
0.145676
0.146618
0.147438
0.148154
0.148740
0.149242
0.149661
0.149996
0.150234
0.150392
0.150471
0.150471
0.150392
0.150234
0.149996
0.149661
0.149242
0.148740
0.148154
0.147438
0.146618
0.145676
0.144567
0.143285
0.141808
0.140065
0.138011
0.135583
0.132753
0.135662
0.138217
0.140376
0.142220
0.143791
0.145123
0.146301
0.147303
0.148198
0.148952
0.149622
0.150197
0.150671
0.151067
0.151383
0.151621
0.151779
0.151858
0.151858
0.151779
0.151621
0.151383
0.151067
0.150671
0.150197
0.149622
0.148952
0.148198
0.147303
0.146301
0.145123
0.143791
0.142220
0.140376
0.138217
0.135662
0.138148
0.140439
0.142390
0.144066
0.145478
0.146714
0.147808
0.148745
0.149583
0.150319
0.150952
0.151506
0.151981
0.152368
0.152677
0.152909
0.153064
0.153142
0.153142
0.153064
0.152909
0.152677
0.152368
0.151981
0.151506
0.150952
0.150319
0.149583
0.148745
0.147808
0.146714
0.145478
0.144066
0.142390
0.140439
0.138148
0.140255
0.142337
0.144120
0.145633
0.146945
0.148120
0.149126
0.150046
0.150838
0.151550
0.152179
0.152721
0.153185
0.153572
0.153882
0.154116
0.154273
0.154351
0.154351
0.154273
0.154116
0.153882
0.153572
0.153185
0.152721
0.152179
0.151550
0.150838
0.150046
0.149126
0.148120
0.146945
0.145633
0.144120
0.142337
0.140255
0.142060
0.143969
0.145587
0.146995
0.148251
0.149341
0.150328
0.151199
0.151991
0.152688
0.153307
0.153849
0.154318
0.154711
0.155025
0.155260
0.155417
0.155496
0.155496
0.155417
0.155260
0.155025
0.154711
0.154318
0.153849
0.153307
0.152688
0.151991
0.151199
0.150328
0.149341
0.148251
0.146995
0.145587
0.143969
0.142060
0.143581
0.145340
0.146864
0.148214
0.149389
0.150453
0.151403
0.152269
0.153043
0.153740
0.154365
0.154914
0.155385
0.155778
0.156096
0.156342
0.156506
0.156588
0.156588
0.156506
0.156342
0.156096
0.155778
0.155385
0.154914
0.154365
0.153740
0.153043
0.152269
0.151403
0.150453
0.149389
0.148214
0.146864
0.145340
0.143581
0.144892
0.146551
0.148011
0.149270
0.150420
0.151450
0.152392
0.153244
0.154019
0.154726
0.155354
0.155904
0.156392
0.156802
0.157131
0.157377
0.157541
0.157623
0.157623
0.157541
0.157377
0.157131
0.156802
0.156392
0.155904
0.155354
0.154726
0.154019
0.153244
0.152392
0.151450
0.150420
0.149270
0.148011
0.146551
0.144892
0.146056
0.147608
0.148983
0.150229
0.151339
0.152361
0.153291
0.154146
0.154931
0.155639
0.156279
0.156854
0.157346
0.157756
0.158090
0.158352
0.158526
0.158614
0.158614
0.158526
0.158352
0.158090
0.157756
0.157346
0.156854
0.156279
0.155639
0.154931
0.154146
0.153291
0.152361
0.151339
0.150229
0.148983
0.147608
0.146056
0.147023
0.148530
0.149874
0.151070
0.152176
0.153184
0.154116
0.154981
0.155767
0.156495
0.157152
0.157726
0.158233
0.158670
0.159019
0.159281
0.159456
0.159543
0.159543
0.159456
0.159281
0.159019
0.158670
0.158233
0.157726
0.157152
0.156495
0.155767
0.154981
0.154116
0.153184
0.152176
0.151070
0.149874
0.148530
0.147023
0.147901
0.149337
0.150643
0.151833
0.152922
0.153931
0.154873
0.155738
0.156548
0.157287
0.157944
0.158552
0.159076
0.159513
0.159862
0.160133
0.160319
0.160413
0.160413
0.160319
0.160133
0.159862
0.159513
0.159076
0.158552
0.157944
0.157287
0.156548
0.155738
0.154873
0.153931
0.152922
0.151833
0.150643
0.149337
0.147901
0.148633
0.150058
0.151327
0.152506
0.153592
0.154609
0.155553
0.156437
0.157258
0.157998
0.158697
0.159309
0.159833
0.160288
0.160662
0.160942
0.161128
0.161222
0.161222
0.161128
0.160942
0.160662
0.160288
0.159833
0.159309
0.158697
0.157998
0.157258
0.156437
0.155553
0.154609
0.153592
0.152506
0.151327
0.150058
0.148633
0.149274
0.150664
0.151934
0.153099
0.154189
0.155211
0.156162
0.157066
0.157888
0.158668
0.159367
0.159979
0.160538
0.161005
0.161379
0.161659
0.161846
0.161939
0.161939
0.161846
0.161659
0.161379
0.161005
0.160538
0.159979
0.159367
0.158668
0.157888
0.157066
0.156162
0.155211
0.154189
0.153099
0.151934
0.150664
0.149274
0.149832
0.151191
0.152452
0.153616
0.154713
0.155736
0.156711
0.157615
0.158465
0.159252
0.159952
0.160602
0.161163
0.161630
0.162004
0.162301
0.162499
0.162598
0.162598
0.162499
0.162301
0.162004
0.161630
0.161163
0.160602
0.159952
0.159252
0.158465
0.157615
0.156711
0.155736
0.154713
0.153616
0.152452
0.151191
0.149832
0.150290
0.151641
0.152892
0.154057
0.155159
0.156191
0.157178
0.158088
0.158963
0.159750
0.160481
0.161135
0.161696
0.162173
0.162569
0.162866
0.163064
0.163163
0.163163
0.163064
0.162866
0.162569
0.162173
0.161696
0.161135
0.160481
0.159750
0.158963
0.158088
0.157178
0.156191
0.155159
0.154057
0.152892
0.151641
0.150290
0.150661
0.152012
0.153255
0.154426
0.155529
0.156577
0.157564
0.158499
0.159374
0.160173
0.160921
0.161575
0.162144
0.162640
0.163036
0.163333
0.163531
0.163630
0.163630
0.163531
0.163333
0.163036
0.162640
0.162144
0.161575
0.160921
0.160173
0.159374
0.158499
0.157564
0.156577
0.155529
0.154426
0.153255
0.152012
0.150661
0.150953
0.152298
0.153541
0.154717
0.155820
0.156882
0.157869
0.158824
0.159699
0.160520
0.161269
0.161923
0.162513
0.163009
0.163405
0.163703
0.163901
0.164000
0.164000
0.163901
0.163703
0.163405
0.163009
0.162513
0.161923
0.161269
0.160520
0.159699
0.158824
0.157869
0.156882
0.155820
0.154717
0.153541
0.152298
0.150953
0.151167
0.152507
0.153751
0.154930
0.156035
0.157105
0.158099
0.159062
0.159938
0.160776
0.161524
0.162190
0.162784
0.163280
0.163677
0.163974
0.164180
0.164283
0.164283
0.164180
0.163974
0.163677
0.163280
0.162784
0.162190
0.161524
0.160776
0.159938
0.159062
0.158099
0.157105
0.156035
0.154930
0.153751
0.152507
0.151167
0.151302
0.152640
0.153884
0.155065
0.156176
0.157247
0.158250
0.159214
0.160096
0.160938
0.161687
0.162363
0.162958
0.163453
0.163850
0.164154
0.164360
0.164464
0.164464
0.164360
0.164154
0.163850
0.163453
0.162958
0.162363
0.161687
0.160938
0.160096
0.159214
0.158250
0.157247
0.156176
0.155065
0.153884
0.152640
0.151302
0.151358
0.152695
0.153940
0.155122
0.156236
0.157307
0.158315
0.159279
0.160166
0.161008
0.161757
0.162437
0.163033
0.163529
0.163926
0.164232
0.164439
0.164542
0.164542
0.164439
0.164232
0.163926
0.163529
0.163033
0.162437
0.161757
0.161008
0.160166
0.159279
0.158315
0.157307
0.156236
0.155122
0.153940
0.152695
0.151358
0.151336
0.152674
0.153919
0.155101
0.156215
0.157286
0.158293
0.159257
0.160143
0.160986
0.161735
0.162414
0.163009
0.163506
0.163903
0.164209
0.164415
0.164519
0.164519
0.164415
0.164209
0.163903
0.163506
0.163009
0.162414
0.161735
0.160986
0.160143
0.159257
0.158293
0.157286
0.156215
0.155101
0.153919
0.152674
0.151336
0.151235
0.152575
0.153821
0.155002
0.156112
0.157184
0.158184
0.159149
0.160028
0.160871
0.161620
0.162292
0.162888
0.163384
0.163782
0.164083
0.164289
0.164393
0.164393
0.164289
0.164083
0.163782
0.163384
0.162888
0.162292
0.161620
0.160871
0.160028
0.159149
0.158184
0.157184
0.156112
0.155002
0.153821
0.152575
0.151235
0.151054
0.152400
0.153646
0.154825
0.155930
0.156999
0.157989
0.158953
0.159831
0.160662
0.161412
0.162072
0.162668
0.163165
0.163562
0.163860
0.164061
0.164164
0.164164
0.164061
0.163860
0.163562
0.163165
0.162668
0.162072
0.161412
0.160662
0.159831
0.158953
0.157989
0.156999
0.155930
0.154825
0.153646
0.152400
0.151054
0.150795
0.152147
0.153393
0.154569
0.155675
0.156733
0.157723
0.158671
0.159548
0.160361
0.161111
0.161768
0.162350
0.162847
0.163244
0.163542
0.163741
0.163840
0.163840
0.163741
0.163542
0.163244
0.162847
0.162350
0.161768
0.161111
0.160361
0.159548
0.158671
0.157723
0.156733
0.155675
0.154569
0.153393
0.152147
0.150795
0.150457
0.151812
0.153063
0.154235
0.155342
0.156385
0.157375
0.158301
0.159179
0.159969
0.160717
0.161374
0.161937
0.162430
0.162827
0.163125
0.163324
0.163424
0.163424
0.163324
0.163125
0.162827
0.162430
0.161937
0.161374
0.160717
0.159969
0.159179
0.158301
0.157375
0.156385
0.155342
0.154235
0.153063
0.151812
0.150457
0.150039
0.151395
0.152656
0.153825
0.154929
0.155957
0.156946
0.157854
0.158723
0.159513
0.160230
0.160887
0.161450
0.161919
0.162312
0.162610
0.162809
0.162908
0.162908
0.162809
0.162610
0.162312
0.161919
0.161450
0.160887
0.160230
0.159513
0.158723
0.157854
0.156946
0.155957
0.154929
0.153825
0.152656
0.151395
0.150039
0.149516
0.150899
0.152171
0.153341
0.154439
0.155467
0.156434
0.157342
0.158179
0.158970
0.159672
0.160307
0.160870
0.161339
0.161715
0.161996
0.162195
0.162294
0.162294
0.162195
0.161996
0.161715
0.161339
0.160870
0.160307
0.159672
0.158970
0.158179
0.157342
0.156434
0.155467
0.154439
0.153341
0.152171
0.150899
0.149516
0.148906
0.150323
0.151600
0.152779
0.153871
0.154898
0.155847
0.156749
0.157575
0.158339
0.159042
0.159657
0.160197
0.160666
0.161042
0.161323
0.161511
0.161605
0.161605
0.161511
0.161323
0.161042
0.160666
0.160197
0.159657
0.159042
0.158339
0.157575
0.156749
0.155847
0.154898
0.153871
0.152779
0.151600
0.150323
0.148906
0.148211
0.149648
0.150945
0.152140
0.153232
0.154250
0.155200
0.156073
0.156899
0.157643
0.158324
0.158939
0.159467
0.159906
0.160275
0.160557
0.160745
0.160839
0.160839
0.160745
0.160557
0.160275
0.159906
0.159467
0.158939
0.158324
0.157643
0.156899
0.156073
0.155200
0.154250
0.153232
0.152140
0.150945
0.149648
0.148211
0.147383
0.148871
0.150211
0.151409
0.152515
0.153530
0.154473
0.155344
0.156142
0.156886
0.157547
0.158134
0.158661
0.159101
0.159453
0.159717
0.159893
0.159981
0.159981
0.159893
0.159717
0.159453
0.159101
0.158661
0.158134
0.157547
0.156886
0.156142
0.155344
0.154473
0.153530
0.152515
0.151409
0.150211
0.148871
0.147383
0.146444
0.148008
0.149362
0.150596
0.151714
0.152736
0.153673
0.154539
0.155331
0.156046
0.156707
0.157286
0.157782
0.158208
0.158560
0.158824
0.159000
0.159088
0.159088
0.159000
0.158824
0.158560
0.158208
0.157782
0.157286
0.156707
0.156046
0.155331
0.154539
0.153673
0.152736
0.151714
0.150596
0.149362
0.148008
0.146444
0.145351
0.146979
0.148416
0.149685
0.150821
0.151860
0.152801
0.153660
0.154448
0.155160
0.155794
0.156364
0.156860
0.157274
0.157605
0.157853
0.158020
0.158108
0.158108
0.158020
0.157853
0.157605
0.157274
0.156860
0.156364
0.155794
0.155160
0.154448
0.153660
0.152801
0.151860
0.150821
0.149685
0.148416
0.146979
0.145351
0.144110
0.145842
0.147331
0.148655
0.149840
0.150888
0.151848
0.152711
0.153492
0.154198
0.154832
0.155387
0.155862
0.156270
0.156601
0.156849
0.157015
0.157097
0.157097
0.157015
0.156849
0.156601
0.156270
0.155862
0.155387
0.154832
0.154198
0.153492
0.152711
0.151848
0.150888
0.149840
0.148655
0.147331
0.145842
0.144110
0.142628
0.144499
0.146117
0.147500
0.148726
0.149827
0.150796
0.151676
0.152465
0.153168
0.153794
0.154346
0.154821
0.155218
0.155535
0.155772
0.155931
0.156011
0.156011
0.155931
0.155772
0.155535
0.155218
0.154821
0.154346
0.153794
0.153168
0.152465
0.151676
0.150796
0.149827
0.148726
0.147500
0.146117
0.144499
0.142628
0.140911
0.142948
0.144686
0.146195
0.147485
0.148628
0.149645
0.150545
0.151344
0.152063
0.152689
0.153236
0.153705
0.154098
0.154415
0.154653
0.154811
0.154891
0.154891
0.154811
0.154653
0.154415
0.154098
0.153705
0.153236
0.152689
0.152063
0.151344
0.150545
0.149645
0.148628
0.147485
0.146195
0.144686
0.142948
0.140911
0.138897
0.141142
0.143043
0.144670
0.146088
0.147287
0.148362
0.149294
0.150134
0.150854
0.151494
0.152053
0.152522
0.152914
0.153226
0.153461
0.153618
0.153696
0.153696
0.153618
0.153461
0.153226
0.152914
0.152522
0.152053
0.151494
0.150854
0.150134
0.149294
0.148362
0.147287
0.146088
0.144670
0.143043
0.141142
0.138897
0.136527
0.139013
0.141122
0.142912
0.144451
0.145777
0.146905
0.147920
0.148774
0.149537
0.150204
0.150764
0.151244
0.151644
0.151965
0.152200
0.152357
0.152435
0.152435
0.152357
0.152200
0.151965
0.151644
0.151244
0.150764
0.150204
0.149537
0.148774
0.147920
0.146905
0.145777
0.144451
0.142912
0.141122
0.139013
0.136527
0.133740
0.136502
0.138853
0.140851
0.142555
0.144028
0.145253
0.146340
0.147262
0.148085
0.148764
0.149358
0.149866
0.150274
0.150595
0.150835
0.150995
0.151075
0.151075
0.150995
0.150835
0.150595
0.150274
0.149866
0.149358
0.148764
0.148085
0.147262
0.146340
0.145253
0.144028
0.142555
0.140851
0.138853
0.136502
0.133740
0.130478
0.133537
0.136176
0.138415
0.140329
0.141969
0.143335
0.144526
0.145546
0.146421
0.147159
0.147805
0.148330
0.148754
0.149094
0.149348
0.149518
0.149603
0.149603
0.149518
0.149348
0.149094
0.148754
0.148330
0.147805
0.147159
0.146421
0.145546
0.144526
0.143335
0.141969
0.140329
0.138415
0.136176
0.133537
0.130478
0.126731
0.130079
0.132986
0.135511
0.137673
0.139509
0.141069
0.142412
0.143549
0.144513
0.145330
0.146041
0.146595
0.147057
0.147426
0.147703
0.147888
0.147980
0.147980
0.147888
0.147703
0.147426
0.147057
0.146595
0.146041
0.145330
0.144513
0.143549
0.142412
0.141069
0.139509
0.137673
0.135511
0.132986
0.130079
0.126731
0.122490
0.126094
0.129278
0.132086
0.134505
0.136590
0.138379
0.139910
0.141181
0.142285
0.143195
0.143991
0.144605
0.145115
0.145524
0.145831
0.146032
0.146124
0.146124
0.146032
0.145831
0.145524
0.145115
0.144605
0.143991
0.143195
0.142285
0.141181
0.139910
0.138379
0.136590
0.134505
0.132086
0.129278
0.126094
0.122490
0.117744
0.121583
0.125020
0.128085
0.130769
0.133115
0.135140
0.136876
0.138363
0.139616
0.140662
0.141546
0.142273
0.142842
0.143297
0.143638
0.143865
0.143979
0.143979
0.143865
0.143638
0.143297
0.142842
0.142273
0.141546
0.140662
0.139616
0.138363
0.136876
0.135140
0.133115
0.130769
0.128085
0.125020
0.121583
0.117744
0.112456
0.116543
0.120219
0.123510
0.126444
0.129033
0.131303
0.133269
0.134958
0.136403
0.137619
0.138626
0.139462
0.140144
0.140649
0.141028
0.141281
0.141407
0.141407
0.141281
0.141028
0.140649
0.140144
0.139462
0.138626
0.137619
0.136403
0.134958
0.133269
0.131303
0.129033
0.126444
0.123510
0.120219
0.116543
0.112456
0.106561
0.110928
0.114849
0.118371
0.121524
0.124337
0.126824
0.129010
0.130911
0.132549
0.133952
0.135105
0.136084
0.136844
0.137452
0.137909
0.138195
0.138334
0.138334
0.138195
0.137909
0.137452
0.136844
0.136084
0.135105
0.133952
0.132549
0.130911
0.129010
0.126824
0.124337
0.121524
0.118371
0.114849
0.110928
0.106561
0.099968
0.104659
0.108864
0.112634
0.116015
0.119027
0.121720
0.124104
0.126194
0.128017
0.129574
0.130892
0.132005
0.132883
0.133584
0.134104
0.134432
0.134597
0.134597
0.134432
0.134104
0.133584
0.132883
0.132005
0.130892
0.129574
0.128017
0.126194
0.124104
0.121720
0.119027
0.116015
0.112634
0.108864
0.104659
0.099968
0.000000
0.000000
0.102169
0.106228
0.109858
0.113094
0.115987
0.118545
0.120806
0.122786
0.124502
0.125970
0.127187
0.128193
0.128971
0.129555
0.129945
0.130133
0.130133
0.129945
0.129555
0.128971
0.128193
0.127187
0.125970
0.124502
0.122786
0.120806
0.118545
0.115987
0.113094
0.109858
0.106228
0.102169
0.000000
0.000000
0.185871
0.000000
0.000000
0.099031
0.102958
0.106459
0.109572
0.112332
0.114764
0.116898
0.118750
0.120339
0.121674
0.122765
0.123631
0.124272
0.124692
0.124902
0.124902
0.124692
0.124272
0.123631
0.122765
0.121674
0.120339
0.118750
0.116898
0.114764
0.112332
0.109572
0.106459
0.102958
0.099031
0.000000
0.000000
0.185871
0.184731
0.185445
0.000000
0.000000
0.000000
0.098996
0.102377
0.105366
0.108005
0.110307
0.112307
0.114022
0.115459
0.116642
0.117577
0.118273
0.118729
0.118958
0.118958
0.118729
0.118273
0.117577
0.116642
0.115459
0.114022
0.112307
0.110307
0.108005
0.105366
0.102377
0.098996
0.000000
0.000000
0.000000
0.185445
0.184731
0.183408
0.184263
0.184935
0.185566
0.000000
0.000000
0.000000
0.000000
0.100391
0.102897
0.105070
0.106929
0.108493
0.109776
0.110785
0.111538
0.112039
0.112284
0.112284
0.112039
0.111538
0.110785
0.109776
0.108493
0.106929
0.105070
0.102897
0.100391
0.000000
0.000000
0.000000
0.000000
0.185566
0.184935
0.184263
0.183408
