0.143270
0.145062
0.146613
0.147984
0.149161
0.150238
0.151190
0.152061
0.152836
0.153534
0.154156
0.154706
0.155177
0.155570
0.155885
0.156126
0.156290
0.156372
0.156372
0.156290
0.156126
0.155885
0.155570
0.155177
0.154706
0.154156
0.153534
0.152836
0.152061
0.151190
0.150238
0.149161
0.147984
0.146613
0.145062
0.143270
0.150445
0.151794
0.153039
0.154205
0.155306
0.156342
0.157328
0.158246
0.159119
0.159905
0.160645
0.161298
0.161858
0.162344
0.162740
0.163036
0.163234
0.163333
0.163333
0.163234
0.163036
0.162740
0.162344
0.161858
0.161298
0.160645
0.159905
0.159119
0.158246
0.157328
0.156342
0.155306
0.154205
0.153039
0.151794
0.150445
0.156478
0.157874
0.159264
0.160614
0.161921
0.163202
0.164405
0.165539
0.166579
0.167524
0.168361
0.169090
0.169715
0.170229
0.170633
0.170936
0.171138
0.171239
0.171239
0.171138
0.170936
0.170633
0.170229
0.169715
0.169090
0.168361
0.167524
0.166579
0.165539
0.164405
0.163202
0.161921
0.160614
0.159264
0.157874
0.156478
0.163270
0.164991
0.166652
0.168225
0.169685
0.171007
0.172208
0.173261
0.174202
0.175002
0.175713
0.176306
0.176793
0.177199
0.177524
0.177768
0.177930
0.178010
0.178010
0.177930
0.177768
0.177524
0.177199
0.176793
0.176306
0.175713
0.175002
0.174202
0.173261
0.172208
0.171007
0.169685
0.168225
0.166652
0.164991
0.163270
0.170979
0.172660
0.174178
0.175512
0.176691
0.177747
0.178650
0.179454
0.180164
0.180745
0.181263
0.181715
0.182087
0.182362
0.182582
0.182747
0.182857
0.182912
0.182912
0.182857
0.182747
0.182582
0.182362
0.182087
0.181715
0.181263
0.180745
0.180164
0.179454
0.178650
0.177747
0.176691
0.175512
0.174178
0.172660
0.170979
0.177646
0.178925
0.180084
0.181054
0.181959
0.182680
0.183340
0.183945
0.184377
0.184754
0.185089
0.185383
0.185634
0.185844
0.000000
0.000000
0.000000
0.000000
0.000000
0.000000
0.000000
0.000000
0.185844
0.185634
0.185383
0.185089
0.184754
0.184377
0.183945
0.183340
0.182680
0.181959
0.181054
0.180084
0.178925
0.177646
0.182558
0.183493
0.184285
0.184914
0.185501
0.000000
0.000000
0.000000
0.000000
0.098489
0.100763
0.102708
0.104345
0.105685
0.106740
0.107526
0.108049
0.108305
0.108305
0.108049
0.107526
0.106740
0.105685
0.104345
0.102708
0.100763
0.098489
0.000000
0.000000
0.000000
0.000000
0.185501
0.184914
0.184285
0.183493
0.182558
0.185913
0.000000
0.000000
0.099303
0.103215
0.106701
0.109806
0.112553
0.114978
0.117104
0.118950
0.120533
0.121866
0.122951
0.123816
0.124451
0.124870
0.125080
0.125080
0.124870
0.124451
0.123816
0.122951
0.121866
0.120533
0.118950
0.117104
0.114978
0.112553
0.109806
0.106701
0.103215
0.099303
0.000000
0.000000
0.185913
0.105607
0.110027
0.113990
0.117543
0.120729
0.123575
0.126102
0.128317
0.130251
0.131921
0.133329
0.134522
0.135508
0.136305
0.136914
0.137370
0.137675
0.137827
0.137827
0.137675
0.137370
0.136914
0.136305
0.135508
0.134522
0.133329
0.131921
0.130251
0.128317
0.126102
0.123575
0.120729
0.117543
0.113990
0.110027
0.105607
0.122471
0.126082
0.129272
0.132086
0.134508
0.136597
0.138389
0.139922
0.141194
0.142300
0.143211
0.144007
0.144621
0.145133
0.145542
0.145849
0.146049
0.146142
0.146142
0.146049
0.145849
0.145542
0.145133
0.144621
0.144007
0.143211
0.142300
0.141194
0.139922
0.138389
0.136597
0.134508
0.132086
0.129272
0.126082
0.122471
0.135647
0.138240
0.140428
0.142293
0.143888
0.145231
0.146415
0.147434
0.148330
0.149096
0.149777
0.150352
0.150834
0.151235
0.151557
0.151798
0.151958
0.152038
0.152038
0.151958
0.151798
0.151557
0.151235
0.150834
0.150352
0.149777
0.149096
0.148330
0.147434
0.146415
0.145231
0.143888
0.142293
0.140428
0.138240
0.135647
0.144510
0.146227
0.147709
0.149009
0.150190
0.151235
0.152195
0.153059
0.153845
0.154559
0.155197
0.155754
0.156242
0.156658
0.156991
0.157241
0.157407
0.157490
0.157490
0.157407
0.157241
0.156991
0.156658
0.156242
0.155754
0.155197
0.154559
0.153845
0.153059
0.152195
0.151235
0.150190
0.149009
0.147709
0.146227
0.144510
0.150591
0.151958
0.153217
0.154401
0.155517
0.156577
0.157576
0.158523
0.159408
0.160219
0.160976
0.161638
0.162218
0.162719
0.163120
0.163420
0.163621
0.163721
0.163721
0.163621
0.163420
0.163120
0.162719
0.162218
0.161638
0.160976
0.160219
0.159408
0.158523
0.157576
0.156577
0.155517
0.154401
0.153217
0.151958
0.150591
0.155838
0.157246
0.158615
0.159944
0.161264
0.162524
0.163727
0.164865
0.165909
0.166865
0.167715
0.168457
0.169090
0.169619
0.170040
0.170347
0.170552
0.170654
0.170654
0.170552
0.170347
0.170040
0.169619
0.169090
0.168457
0.167715
0.166865
0.165909
0.164865
0.163727
0.162524
0.161264
0.159944
0.158615
0.157246
0.155838
0.161554
0.163233
0.164872
0.166448
0.167937
0.169311
0.170561
0.171687
0.172674
0.173547
0.174300
0.174930
0.175471
0.175921
0.176257
0.176504
0.176669
0.176751
0.176751
0.176669
0.176504
0.176257
0.175921
0.175471
0.174930
0.174300
0.173547
0.172674
0.171687
0.170561
0.169311
0.167937
0.166448
0.164872
0.163233
0.161554
0.168159
0.169956
0.171596
0.173073
0.174400
0.175572
0.176597
0.177503
0.178294
0.178961
0.179554
0.180064
0.180457
0.180785
0.181047
0.181243
0.181374
0.181440
0.181440
0.181374
0.181243
0.181047
0.180785
0.180457
0.180064
0.179554
0.178961
0.178294
0.177503
0.176597
0.175572
0.174400
0.173073
0.171596
0.169956
0.168159
0.174502
0.176032
0.177350
0.178527
0.179565
0.180467
0.181254
0.181975
0.182536
0.183037
0.183483
0.183873
0.184158
0.184371
0.184541
0.184668
0.184753
0.184796
0.184796
0.184753
0.184668
0.184541
0.184371
0.184158
0.183873
0.183483
0.183037
0.182536
0.181975
0.181254
0.180467
0.179565
0.178527
0.177350
0.176032
0.174502
0.179577
0.180740
0.181789
0.182657
0.183438
0.184124
0.184634
0.185101
0.185527
0.185909
0.000000
0.000000
0.000000
0.000000
0.000000
0.000000
0.000000
0.000000
0.000000
0.000000
0.000000
0.000000
0.000000
0.000000
0.000000
0.000000
0.185909
0.185527
0.185101
0.184634
0.184124
0.183438
0.182657
0.181789
0.180740
0.179577
0.183393
0.184260
0.184940
0.185578
0.000000
0.000000
0.000000
0.000000
0.100675
0.103204
0.105396
0.107270
0.108845
0.110140
0.111156
0.111918
0.112416
0.112664
0.112664
0.112416
0.111918
0.111156
0.110140
0.108845
0.107270
0.105396
0.103204
0.100675
0.000000
0.000000
0.000000
0.000000
0.185578
0.184940
0.184260
0.183393
0.000000
0.000000
0.000000
0.100743
0.104647
0.108130
0.111221
0.113969
0.116386
0.118506
0.120347
0.121925
0.123243
0.124329
0.125180
0.125818
0.126235
0.126440
0.126440
0.126235
0.125818
0.125180
0.124329
0.123243
0.121925
0.120347
0.118506
0.116386
0.113969
0.111221
0.108130
0.104647
0.100743
0.000000
0.000000
0.000000
0.103899
0.108458
0.112546
0.116214
0.119495
0.122427
0.125028
0.127321
0.129321
0.131046
0.132522
0.133767
0.134782
0.135615
0.136261
0.136723
0.137032
0.137186
0.137186
0.137032
0.136723
0.136261
0.135615
0.134782
0.133767
0.132522
0.131046
0.129321
0.127321
0.125028
0.122427
0.119495
0.116214
0.112546
0.108458
0.103899
0.118636
0.122491
0.125942
0.128986
0.131669
0.134001
0.136001
0.137699
0.139138
0.140373
0.141399
0.142267
0.142960
0.143538
0.144000
0.144311
0.144519
0.144622
0.144622
0.144519
0.144311
0.144000
0.143538
0.142960
0.142267
0.141399
0.140373
0.139138
0.137699
0.136001
0.134001
0.131669
0.128986
0.125942
0.122491
0.118636
0.130787
0.133880
0.136514
0.138761
0.140673
0.142307
0.143693
0.144866
0.145905
0.146759
0.147510
0.148154
0.148671
0.149103
0.149448
0.149707
0.149879
0.149966
0.149966
0.149879
0.149707
0.149448
0.149103
0.148671
0.148154
0.147510
0.146759
0.145905
0.144866
0.143693
0.142307
0.140673
0.138761
0.136514
0.133880
0.130787
0.139942
0.142116
0.143965
0.145527
0.146887
0.148099
0.149135
0.150080
0.150895
0.151628
0.152274
0.152832
0.153310
0.153709
0.154028
0.154270
0.154432
0.154512
0.154512
0.154432
0.154270
0.154028
0.153709
0.153310
0.152832
0.152274
0.151628
0.150895
0.150080
0.149135
0.148099
0.146887
0.145527
0.143965
0.142116
0.139942
0.146265
0.147862
0.149255
0.150519
0.151661
0.152705
0.153661
0.154545
0.155354
0.156084
0.156760
0.157351
0.157857
0.158297
0.158656
0.158925
0.159105
0.159195
0.159195
0.159105
0.158925
0.158656
0.158297
0.157857
0.157351
0.156760
0.156084
0.155354
0.154545
0.153661
0.152705
0.151661
0.150519
0.149255
0.147862
0.146265
0.151042
0.152419
0.153694
0.154903
0.156036
0.157134
0.158157
0.159145
0.160046
0.160909
0.161677
0.162370
0.162980
0.163488
0.163895
0.164208
0.164420
0.164526
0.164526
0.164420
0.164208
0.163895
0.163488
0.162980
0.162370
0.161677
0.160909
0.160046
0.159145
0.158157
0.157134
0.156036
0.154903
0.153694
0.152419
0.151042
0.155342
0.156749
0.158107
0.159455
0.160761
0.162010
0.163230
0.164364
0.165423
0.166384
0.167247
0.168002
0.168645
0.169181
0.169610
0.169931
0.170141
0.170245
0.170245
0.170141
0.169931
0.169610
0.169181
0.168645
0.168002
0.167247
0.166384
0.165423
0.164364
0.163230
0.162010
0.160761
0.159455
0.158107
0.156749
0.155342
0.159856
0.161478
0.163075
0.164627
0.166113
0.167516
0.168805
0.169985
0.171024
0.171959
0.172748
0.173437
0.174026
0.174482
0.174848
0.175122
0.175305
0.175397
0.175397
0.175305
0.175122
0.174848
0.174482
0.174026
0.173437
0.172748
0.171959
0.171024
0.169985
0.168805
0.167516
0.166113
0.164627
0.163075
0.161478
0.159856
0.164997
0.166814
0.168538
0.170142
0.171597
0.172898
0.174073
0.175079
0.175993
0.176746
0.177414
0.177999
0.178450
0.178826
0.179127
0.179353
0.179503
0.179578
0.179578
0.179503
0.179353
0.179127
0.178826
0.178450
0.177999
0.177414
0.176746
0.175993
0.175079
0.174073
0.172898
0.171597
0.170142
0.168538
0.166814
0.164997
0.170404
0.172162
0.173737
0.175128
0.176373
0.177460
0.178416
0.179244
0.179996
0.180595
0.181127
0.181593
0.181992
0.182275
0.182502
0.182671
0.182784
0.182841
0.182841
0.182784
0.182671
0.182502
0.182275
0.181992
0.181593
0.181127
0.180595
0.179996
0.179244
0.178416
0.177460
0.176373
0.175128
0.173737
0.172162
0.170404
0.175270
0.176754
0.178082
0.179211
0.180234
0.181099
0.181897
0.182535
0.183100
0.183609
0.184047
0.184349
0.184608
0.184823
0.184996
0.185125
0.185212
0.185255
0.185255
0.185212
0.185125
0.184996
0.184823
0.184608
0.184349
0.184047
0.183609
0.183100
0.182535
0.181897
0.181099
0.180234
0.179211
0.178082
0.176754
0.175270
0.179254
0.180472
0.181537
0.182455
0.183247
0.183983
0.184505
0.184979
0.185411
0.185799
0.000000
0.000000
0.000000
0.000000
0.000000
0.000000
0.000000
0.000000
0.000000
0.000000
0.000000
0.000000
0.000000
0.000000
0.000000
0.000000
0.185799
0.185411
0.184979
0.184505
0.183983
0.183247
0.182455
0.181537
0.180472
0.179254
0.182432
0.183395
0.184229
0.184876
0.185481
0.000000
0.000000
0.000000
0.000000
0.098812
0.101145
0.103138
0.104812
0.106187
0.107266
0.108073
0.108601
0.108864
0.108864
0.108601
0.108073
0.107266
0.106187
0.104812
0.103138
0.101145
0.098812
0.000000
0.000000
0.000000
0.000000
0.185481
0.184876
0.184229
0.183395
0.182432
0.184817
0.185551
0.000000
0.000000
0.000000
0.100181
0.103606
0.106636
0.109304
0.111640
0.113664
0.115395
0.116852
0.118053
0.118992
0.119696
0.120162
0.120391
0.120391
0.120162
0.119696
0.118992
0.118053
0.116852
0.115395
0.113664
0.111640
0.109304
0.106636
0.103606
0.100181
0.000000
0.000000
0.000000
0.185551
0.184817
0.000000
0.000000
0.101238
0.105456
0.109219
0.112576
0.115564
0.118215
0.120549
0.122593
0.124363
0.125874
0.127130
0.128166
0.128967
0.129568
0.129968
0.130161
0.130161
0.129968
0.129568
0.128967
0.128166
0.127130
0.125874
0.124363
0.122593
0.120549
0.118215
0.115564
0.112576
0.109219
0.105456
0.101238
0.000000
0.000000
0.104540
0.109136
0.113255
0.116945
0.120253
0.123196
0.125812
0.128109
0.130107
0.131827
0.133282
0.134512
0.135527
0.136345
0.136972
0.137442
0.137755
0.137912
0.137912
0.137755
0.137442
0.136972
0.136345
0.135527
0.134512
0.133282
0.131827
0.130107
0.128109
0.125812
0.123196
0.120253
0.116945
0.113255
0.109136
0.104540
0.115910
0.119957
0.123578
0.126804
0.129657
0.132150
0.134298
0.136148
0.137716
0.139032
0.140164
0.141075
0.141857
0.142458
0.142927
0.143278
0.143513
0.143630
0.143630
0.143513
0.143278
0.142927
0.142458
0.141857
0.141075
0.140164
0.139032
0.137716
0.136148
0.134298
0.132150
0.129657
0.126804
0.123578
0.119957
0.115910
0.125694
0.129204
0.132284
0.134933
0.137207
0.139141
0.140784
0.142196
0.143369
0.144382
0.145225
0.145963
0.146539
0.147015
0.147397
0.147683
0.147874
0.147969
0.147969
0.147874
0.147683
0.147397
0.147015
0.146539
0.145963
0.145225
0.144382
0.143369
0.142196
0.140784
0.139141
0.137207
0.134933
0.132284
0.129204
0.125694
0.133868
0.136699
0.139108
0.141146
0.142874
0.144359
0.145625
0.146710
0.147663
0.148479
0.149181
0.149794
0.150302
0.150716
0.151047
0.151295
0.151461
0.151544
0.151544
0.151461
0.151295
0.151047
0.150716
0.150302
0.149794
0.149181
0.148479
0.147663
0.146710
0.145625
0.144359
0.142874
0.141146
0.139108
0.136699
0.133868
0.140205
0.142380
0.144232
0.145815
0.147168
0.148375
0.149427
0.150370
0.151198
0.151943
0.152592
0.153158
0.153644
0.154050
0.154378
0.154624
0.154788
0.154870
0.154870
0.154788
0.154624
0.154378
0.154050
0.153644
0.153158
0.152592
0.151943
0.151198
0.150370
0.149427
0.148375
0.147168
0.145815
0.144232
0.142380
0.140205
0.144950
0.146673
0.148184
0.149500
0.150687
0.151764
0.152741
0.153631
0.154447
0.155186
0.155843
0.156436
0.156950
0.157379
0.157722
0.157979
0.158160
0.158252
0.158252
0.158160
0.157979
0.157722
0.157379
0.156950
0.156436
0.155843
0.155186
0.154447
0.153631
0.152741
0.151764
0.150687
0.149500
0.148184
0.146673
0.144950
0.148695
0.150177
0.151502
0.152728
0.153862
0.154928
0.155913
0.156853
0.157711
0.158514
0.159244
0.159882
0.160459
0.160947
0.161337
0.161629
0.161824
0.161921
0.161921
0.161824
0.161629
0.161337
0.160947
0.160459
0.159882
0.159244
0.158514
0.157711
0.156853
0.155913
0.154928
0.153862
0.152728
0.151502
0.150177
0.148695
0.151904
0.153284
0.154589
0.155821
0.157014
0.158138
0.159233
0.160254
0.161229
0.162113
0.162939
0.163663
0.164295
0.164833
0.165263
0.165586
0.165802
0.165909
0.165909
0.165802
0.165586
0.165263
0.164833
0.164295
0.163663
0.162939
0.162113
0.161229
0.160254
0.159233
0.158138
0.157014
0.155821
0.154589
0.153284
0.151904
0.154907
0.156318
0.157691
0.159041
0.160341
0.161609
0.162827
0.163964
0.165039
0.166008
0.166886
0.167653
0.168309
0.168853
0.169289
0.169616
0.169834
0.169942
0.169942
0.169834
0.169616
0.169289
0.168853
0.168309
0.167653
0.166886
0.166008
0.165039
0.163964
0.162827
0.161609
0.160341
0.159041
0.157691
0.156318
0.154907
0.157940
0.159489
0.161016
0.162508
0.163956
0.165354
0.166659
0.167865
0.168956
0.169936
0.170783
0.171522
0.172147
0.172647
0.173047
0.173347
0.173547
0.173647
0.173647
0.173547
0.173347
0.173047
0.172647
0.172147
0.171522
0.170783
0.169936
0.168956
0.167865
0.166659
0.165354
0.163956
0.162508
0.161016
0.159489
0.157940
0.161203
0.162914
0.164593
0.166214
0.167750
0.169168
0.170461
0.171623
0.172643
0.173544
0.174319
0.174970
0.175527
0.175992
0.176332
0.176587
0.176757
0.176842
0.176842
0.176757
0.176587
0.176332
0.175992
0.175527
0.174970
0.174319
0.173544
0.172643
0.171623
0.170461
0.169168
0.167750
0.166214
0.164593
0.162914
0.161203
0.164695
0.166538
0.168292
0.169927
0.171408
0.172741
0.173942
0.174968
0.175898
0.176671
0.177350
0.177945
0.178409
0.178791
0.179097
0.179327
0.179480
0.179556
0.179556
0.179480
0.179327
0.179097
0.178791
0.178409
0.177945
0.177350
0.176671
0.175898
0.174968
0.173942
0.172741
0.171408
0.169927
0.168292
0.166538
0.164695
0.168288
0.170138
0.171829
0.173340
0.174688
0.175897
0.176926
0.177860
0.178639
0.179327
0.179939
0.180420
0.180825
0.181163
0.181433
0.181636
0.181772
0.181839
0.181839
0.181772
0.181636
0.181433
0.181163
0.180825
0.180420
0.179939
0.179327
0.178639
0.177860
0.176926
0.175897
0.174688
0.173340
0.171829
0.170138
0.168288
0.171722
0.173439
0.174968
0.176332
0.177521
0.178564
0.179482
0.180286
0.180962
0.181571
0.182095
0.182498
0.182843
0.183130
0.183360
0.183533
0.183648
0.183705
0.183705
0.183648
0.183533
0.183360
0.183130
0.182843
0.182498
0.182095
0.181571
0.180962
0.180286
0.179482
0.178564
0.177521
0.176332
0.174968
0.173439
0.171722
0.174782
0.176333
0.177693
0.178872
0.179944
0.180830
0.181641
0.182328
0.182903
0.183421
0.183881
0.184216
0.184480
0.184699
0.184874
0.185006
0.185094
0.185138
0.185138
0.185094
0.185006
0.184874
0.184699
0.184480
0.184216
0.183881
0.183421
0.182903
0.182328
0.181641
0.180830
0.179944
0.178872
0.177693
0.176333
0.174782
0.177441
0.178798
0.180021
0.181036
0.181983
0.182734
0.183425
0.184044
0.184483
0.184878
0.185229
0.185536
0.185799
0.000000
0.000000
0.000000
0.000000
0.000000
0.000000
0.000000
0.000000
0.000000
0.000000
0.185799
0.185536
0.185229
0.184878
0.184483
0.184044
0.183425
0.182734
0.181983
0.181036
0.180021
0.178798
0.177441
0.179721
0.180905
0.181988
0.182853
0.183659
0.184311
0.184837
0.185320
0.185759
0.000000
0.000000
0.000000
0.000000
0.000000
0.000000
0.000000
0.000000
0.000000
0.000000
0.000000
0.000000
0.000000
0.000000
0.000000
0.000000
0.000000
0.000000
0.185759
0.185320
0.184837
0.184311
0.183659
0.182853
0.181988
0.180905
0.179721
0.181654
0.182685
0.183606
0.184359
0.184973
0.185544
0.000000
0.000000
0.000000
0.000000
0.098030
0.100127
0.101887
0.103324
0.104462
0.105304
0.105865
0.106142
0.106142
0.105865
0.105304
0.104462
0.103324
0.101887
0.100127
0.098030
0.000000
0.000000
0.000000
0.000000
0.185544
0.184973
0.184359
0.183606
0.182685
0.181654
0.183266
0.184187
0.184890
0.185549
0.000000
0.000000
0.000000
0.098068
0.101046
0.103650
0.105904
0.107828
0.109442
0.110766
0.111815
0.112589
0.113102
0.113358
0.113358
0.113102
0.112589
0.111815
0.110766
0.109442
0.107828
0.105904
0.103650
0.101046
0.098068
0.000000
0.000000
0.000000
0.185549
0.184890
0.184187
0.183266
0.184588
0.185335
0.000000
0.000000
0.000000
0.099011
0.102543
0.105665
0.108409
0.110807
0.112886
0.114665
0.116165
0.117389
0.118359
0.119076
0.119554
0.119793
0.119793
0.119554
0.119076
0.118359
0.117389
0.116165
0.114665
0.112886
0.110807
0.108409
0.105665
0.102543
0.099011
0.000000
0.000000
0.000000
0.185335
0.184588
0.185692
0.000000
0.000000
0.098455
0.102587
0.106265
0.109527
0.112416
0.114959
0.117187
0.119118
0.120771
0.122165
0.123298
0.124198
0.124858
0.125297
0.125517
0.125517
0.125297
0.124858
0.124198
0.123298
0.122165
0.120771
0.119118
0.117187
0.114959
0.112416
0.109527
0.106265
0.102587
0.098455
0.000000
0.000000
0.185692
0.000000
0.000000
0.101180
0.105475
0.109305
0.112718
0.115757
0.118446
0.120816
0.122888
0.124681
0.126212
0.127487
0.128527
0.129342
0.129954
0.130345
0.130540
0.130540
0.130345
0.129954
0.129342
0.128527
0.127487
0.126212
0.124681
0.122888
0.120816
0.118446
0.115757
0.112718
0.109305
0.105475
0.101180
0.000000
0.000000
0.098253
0.103260
0.107735
0.111733
0.115303
0.118493
0.121329
0.123842
0.126044
0.127956
0.129590
0.130971
0.132131
0.133051
0.133787
0.134317
0.134662
0.134834
0.134834
0.134662
0.134317
0.133787
0.133051
0.132131
0.130971
0.129590
0.127956
0.126044
0.123842
0.121329
0.118493
0.115303
0.111733
0.107735
0.103260
0.098253
0.104734
0.109406
0.113588
0.117330
0.120678
0.123664
0.126303
0.128616
0.130626
0.132357
0.133830
0.135047
0.136075
0.136873
0.137511
0.137990
0.138284
0.138430
0.138430
0.138284
0.137990
0.137511
0.136873
0.136075
0.135047
0.133830
0.132357
0.130626
0.128616
0.126303
0.123664
0.120678
0.117330
0.113588
0.109406
0.104734
0.110525
0.114905
0.118834
0.122353
0.125484
0.128255
0.130672
0.132770
0.134572
0.136114
0.137392
0.138467
0.139344
0.140069
0.140599
0.140997
0.141263
0.141395
0.141395
0.141263
0.140997
0.140599
0.140069
0.139344
0.138467
0.137392
0.136114
0.134572
0.132770
0.130672
0.128255
0.125484
0.122353
0.118834
0.114905
0.110525
0.115714
0.119846
0.123541
0.126828
0.129734
0.132263
0.134444
0.136315
0.137913
0.139237
0.140370
0.141299
0.142086
0.142683
0.143161
0.143520
0.143759
0.143878
0.143878
0.143759
0.143520
0.143161
0.142683
0.142086
0.141299
0.140370
0.139237
0.137913
0.136315
0.134444
0.132263
0.129734
0.126828
0.123541
0.119846
0.115714
0.120372
0.124269
0.127732
0.130770
0.133417
0.135697
0.137637
0.139277
0.140672
0.141867
0.142837
0.143674
0.144351
0.144888
0.145318
0.145641
0.145856
0.145963
0.145963
0.145856
0.145641
0.145318
0.144888
0.144351
0.143674
0.142837
0.141867
0.140672
0.139277
0.137637
0.135697
0.133417
0.130770
0.127732
0.124269
0.120372
0.124546
0.128205
0.131407
0.134191
0.136563
0.138587
0.140312
0.141773
0.142992
0.144061
0.144921
0.145673
0.146288
0.146774
0.147162
0.147454
0.147648
0.147746
0.147746
0.147648
0.147454
0.147162
0.146774
0.146288
0.145673
0.144921
0.144061
0.142992
0.141773
0.140312
0.138587
0.136563
0.134191
0.131407
0.128205
0.124546
0.128261
0.131657
0.134586
0.137089
0.139216
0.141016
0.142550
0.143866
0.144954
0.145922
0.146707
0.147388
0.147971
0.148420
0.148778
0.149046
0.149225
0.149314
0.149314
0.149225
0.149046
0.148778
0.148420
0.147971
0.147388
0.146707
0.145922
0.144954
0.143866
0.142550
0.141016
0.139216
0.137089
0.134586
0.131657
0.128261
0.131518
0.134637
0.137297
0.139554
0.141456
0.143066
0.144451
0.145635
0.146642
0.147517
0.148272
0.148897
0.149434
0.149881
0.150225
0.150478
0.150647
0.150731
0.150731
0.150647
0.150478
0.150225
0.149881
0.149434
0.148897
0.148272
0.147517
0.146642
0.145635
0.144451
0.143066
0.141456
0.139554
0.137297
0.134637
0.131518
0.134344
0.137186
0.139600
0.141632
0.143345
0.144810
0.146091
0.147162
0.148124
0.148928
0.149644
0.150255
0.150761
0.151183
0.151521
0.151774
0.151943
0.152027
0.152027
0.151943
0.151774
0.151521
0.151183
0.150761
0.150255
0.149644
0.148928
0.148124
0.147162
0.146091
0.144810
0.143345
0.141632
0.139600
0.137186
0.134344
0.136757
0.139355
0.141543
0.143385
0.144954
0.146320
0.147488
0.148513
0.149408
0.150201
0.150876
0.151468
0.151975
0.152388
0.152718
0.152966
0.153131
0.153214
0.153214
0.153131
0.152966
0.152718
0.152388
0.151975
0.151468
0.150876
0.150201
0.149408
0.148513
0.147488
0.146320
0.144954
0.143385
0.141543
0.139355
0.136757
0.138817
0.141189
0.143187
0.144884
0.146354
0.147620
0.148725
0.149709
0.150570
0.151331
0.152007
0.152585
0.153080
0.153494
0.153824
0.154073
0.154240
0.154324
0.154324
0.154240
0.154073
0.153824
0.153494
0.153080
0.152585
0.152007
0.151331
0.150570
0.149709
0.148725
0.147620
0.146354
0.144884
0.143187
0.141189
0.138817
0.140570
0.142750
0.144600
0.146195
0.147559
0.148758
0.149833
0.150772
0.151617
0.152369
0.153030
0.153609
0.154106
0.154525
0.154860
0.155112
0.155279
0.155363
0.155363
0.155279
0.155112
0.154860
0.154525
0.154106
0.153609
0.153030
0.152369
0.151617
0.150772
0.149833
0.148758
0.147559
0.146195
0.144600
0.142750
0.140570
0.142075
0.144101
0.145826
0.147304
0.148614
0.149778
0.150805
0.151735
0.152568
0.153312
0.153973
0.154560
0.155063
0.155482
0.155817
0.156071
0.156246
0.156334
0.156334
0.156246
0.156071
0.155817
0.155482
0.155063
0.154560
0.153973
0.153312
0.152568
0.151735
0.150805
0.149778
0.148614
0.147304
0.145826
0.144101
0.142075
0.143319
0.145220
0.146855
0.148291
0.149545
0.150670
0.151685
0.152602
0.153429
0.154176
0.154847
0.155433
0.155937
0.156372
0.156722
0.156985
0.157160
0.157247
0.157247
0.157160
0.156985
0.156722
0.156372
0.155937
0.155433
0.154847
0.154176
0.153429
0.152602
0.151685
0.150670
0.149545
0.148291
0.146855
0.145220
0.143319
0.144400
0.146211
0.147771
0.149134
0.150367
0.151467
0.152472
0.153382
0.154212
0.154967
0.155638
0.156235
0.156761
0.157199
0.157549
0.157812
0.157987
0.158080
0.158080
0.157987
0.157812
0.157549
0.157199
0.156761
0.156235
0.155638
0.154967
0.154212
0.153382
0.152472
0.151467
0.150367
0.149134
0.147771
0.146211
0.144400
0.145306
0.147031
0.148544
0.149889
0.151080
0.152176
0.153170
0.154081
0.154920
0.155675
0.156362
0.156975
0.157501
0.157940
0.158309
0.158588
0.158775
0.158868
0.158868
0.158775
0.158588
0.158309
0.157940
0.157501
0.156975
0.156362
0.155675
0.154920
0.154081
0.153170
0.152176
0.151080
0.149889
0.148544
0.147031
0.145306
0.146096
0.147755
0.149210
0.150524
0.151710
0.152793
0.153786
0.154706
0.155546
0.156315
0.157016
0.157630
0.158166
0.158632
0.159005
0.159285
0.159472
0.159565
0.159565
0.159472
0.159285
0.159005
0.158632
0.158166
0.157630
0.157016
0.156315
0.155546
0.154706
0.153786
0.152793
0.151710
0.150524
0.149210
0.147755
0.146096
0.146724
0.148352
0.149788
0.151070
0.152250
0.153327
0.154325
0.155249
0.156093
0.156882
0.157584
0.158210
0.158770
0.159237
0.159610
0.159890
0.160082
0.160181
0.160181
0.160082
0.159890
0.159610
0.159237
0.158770
0.158210
0.157584
0.156882
0.156093
0.155249
0.154325
0.153327
0.152250
0.151070
0.149788
0.148352
0.146724
0.147255
0.148841
0.150261
0.151532
0.152703
0.153780
0.154785
0.155709
0.156573
0.157363
0.158069
0.158723
0.159283
0.159749
0.160131
0.160430
0.160630
0.160729
0.160729
0.160630
0.160430
0.160131
0.159749
0.159283
0.158723
0.158069
0.157363
0.156573
0.155709
0.154785
0.153780
0.152703
0.151532
0.150261
0.148841
0.147255
0.147689
0.149241
0.150640
0.151911
0.153074
0.154153
0.155162
0.156090
0.156968
0.157758
0.158489
0.159143
0.159703
0.160181
0.160580
0.160880
0.161079
0.161179
0.161179
0.161079
0.160880
0.160580
0.160181
0.159703
0.159143
0.158489
0.157758
0.156968
0.156090
0.155162
0.154153
0.153074
0.151911
0.150640
0.149241
0.147689
0.148026
0.149552
0.150934
0.152202
0.153363
0.154447
0.155455
0.156397
0.157275
0.158070
0.158817
0.159471
0.160033
0.160532
0.160931
0.161231
0.161430
0.161530
0.161530
0.161430
0.161231
0.160931
0.160532
0.160033
0.159471
0.158817
0.158070
0.157275
0.156397
0.155455
0.154447
0.153363
0.152202
0.150934
0.149552
0.148026
0.148248
0.149775
0.151145
0.152409
0.153570
0.154657
0.155666
0.156618
0.157496
0.158305
0.159052
0.159706
0.160285
0.160784
0.161184
0.161483
0.161683
0.161783
0.161783
0.161683
0.161483
0.161184
0.160784
0.160285
0.159706
0.159052
0.158305
0.157496
0.156618
0.155666
0.154657
0.153570
0.152409
0.151145
0.149775
0.148248
0.148381
0.149909
0.151272
0.152533
0.153695
0.154784
0.155794
0.156751
0.157630
0.158448
0.159195
0.159850
0.160439
0.160938
0.161337
0.161637
0.161837
0.161937
0.161937
0.161837
0.161637
0.161337
0.160938
0.160439
0.159850
0.159195
0.158448
0.157630
0.156751
0.155794
0.154784
0.153695
0.152533
0.151272
0.149909
0.148381
0.148426
0.149954
0.151315
0.152576
0.153738
0.154828
0.155838
0.156798
0.157677
0.158498
0.159246
0.159901
0.160493
0.160993
0.161392
0.161692
0.161892
0.161992
0.161992
0.161892
0.161692
0.161392
0.160993
0.160493
0.159901
0.159246
0.158498
0.157677
0.156798
0.155838
0.154828
0.153738
0.152576
0.151315
0.149954
0.148426
0.148381
0.149910
0.151274
0.152536
0.153699
0.154789
0.155799
0.156758
0.157637
0.158456
0.159204
0.159859
0.160449
0.160949
0.161348
0.161648
0.161848
0.161948
0.161948
0.161848
0.161648
0.161348
0.160949
0.160449
0.159859
0.159204
0.158456
0.157637
0.156758
0.155799
0.154789
0.153699
0.152536
0.151274
0.149910
0.148381
0.148248
0.149777
0.151149
0.152414
0.153577
0.154666
0.155677
0.156630
0.157510
0.158321
0.159070
0.159725
0.160306
0.160805
0.161205
0.161505
0.161705
0.161805
0.161805
0.161705
0.161505
0.161205
0.160805
0.160306
0.159725
0.159070
0.158321
0.157510
0.156630
0.155677
0.154666
0.153577
0.152414
0.151149
0.149777
0.148248
0.148025
0.149555
0.150940
0.152210
0.153373
0.154460
0.155471
0.156416
0.157296
0.158093
0.158842
0.159497
0.160063
0.160563
0.160963
0.161263
0.161463
0.161563
0.161563
0.161463
0.161263
0.160963
0.160563
0.160063
0.159497
0.158842
0.158093
0.157296
0.156416
0.155471
0.154460
0.153373
0.152210
0.150940
0.149555
0.148025
0.147687
0.149243
0.150646
0.151922
0.153087
0.154170
0.155182
0.156114
0.156994
0.157786
0.158522
0.159177
0.159739
0.160222
0.160622
0.160922
0.161122
0.161222
0.161222
0.161122
0.160922
0.160622
0.160222
0.159739
0.159177
0.158522
0.157786
0.156994
0.156114
0.155182
0.154170
0.153087
0.151922
0.150646
0.149243
0.147687
0.147250
0.148842
0.150268
0.151544
0.152718
0.153800
0.154809
0.155736
0.156605
0.157398
0.158109
0.158764
0.159327
0.159795
0.160181
0.160482
0.160682
0.160782
0.160782
0.160682
0.160482
0.160181
0.159795
0.159327
0.158764
0.158109
0.157398
0.156605
0.155736
0.154809
0.153800
0.152718
0.151544
0.150268
0.148842
0.147250
0.146716
0.148352
0.149794
0.151082
0.152267
0.153349
0.154352
0.155279
0.156128
0.156921
0.157626
0.158258
0.158821
0.159289
0.159664
0.159945
0.160142
0.160242
0.160242
0.160142
0.159945
0.159664
0.159289
0.158821
0.158258
0.157626
0.156921
0.156128
0.155279
0.154352
0.153349
0.152267
0.151082
0.149794
0.148352
0.146716
0.146084
0.147752
0.149214
0.150535
0.151727
0.152815
0.153814
0.154739
0.155583
0.156357
0.157063
0.157680
0.158222
0.158690
0.159065
0.159347
0.159534
0.159628
0.159628
0.159534
0.159347
0.159065
0.158690
0.158222
0.157680
0.157063
0.156357
0.155583
0.154739
0.153814
0.152815
0.151727
0.150535
0.149214
0.147752
0.146084
0.145286
0.147023
0.148545
0.149898
0.151096
0.152198
0.153197
0.154115
0.154959
0.155718
0.156411
0.157028
0.157557
0.157998
0.158373
0.158655
0.158842
0.158936
0.158936
0.158842
0.158655
0.158373
0.157998
0.157557
0.157028
0.156411
0.155718
0.154959
0.154115
0.153197
0.152198
0.151096
0.149898
0.148545
0.147023
0.145286
0.144372
0.146196
0.147767
0.149139
0.150380
0.151487
0.152498
0.153414
0.154251
0.155011
0.155686
0.156289
0.156819
0.157260
0.157613
0.157877
0.158057
0.158151
0.158151
0.158057
0.157877
0.157613
0.157260
0.156819
0.156289
0.155686
0.155011
0.154251
0.153414
0.152498
0.151487
0.150380
0.149139
0.147767
0.146196
0.144372
0.143275
0.145195
0.146843
0.148291
0.149554
0.150687
0.151710
0.152632
0.153466
0.154219
0.154894
0.155486
0.155992
0.156433
0.156786
0.157051
0.157227
0.157316
0.157316
0.157227
0.157051
0.156786
0.156433
0.155992
0.155486
0.154894
0.154219
0.153466
0.152632
0.151710
0.150687
0.149554
0.148291
0.146843
0.145195
0.143275
0.142016
0.144064
0.145803
0.147295
0.148616
0.149790
0.150824
0.151762
0.152601
0.153351
0.154018
0.154610
0.155117
0.155539
0.155877
0.156137
0.156313
0.156402
0.156402
0.156313
0.156137
0.155877
0.155539
0.155117
0.154610
0.154018
0.153351
0.152601
0.151762
0.150824
0.149790
0.148616
0.147295
0.145803
0.144064
0.142016
0.140486
0.142693
0.144564
0.146176
0.147552
0.148762
0.149846
0.150793
0.151645
0.152404
0.153071
0.153655
0.154157
0.154580
0.154918
0.155171
0.155340
0.155425
0.155425
0.155340
0.155171
0.154918
0.154580
0.154157
0.153655
0.153071
0.152404
0.151645
0.150793
0.149846
0.148762
0.147552
0.146176
0.144564
0.142693
0.140486
0.138699
0.141104
0.143129
0.144848
0.146335
0.147613
0.148728
0.149722
0.150591
0.151359
0.152040
0.152624
0.153125
0.153542
0.153875
0.154127
0.154297
0.154381
0.154381
0.154297
0.154127
0.153875
0.153542
0.153125
0.152624
0.152040
0.151359
0.150591
0.149722
0.148728
0.147613
0.146335
0.144848
0.143129
0.141104
0.138699
0.136596
0.139233
0.141455
0.143324
0.144916
0.146298
0.147478
0.148515
0.149418
0.150219
0.150902
0.151499
0.152011
0.152428
0.152762
0.153012
0.153179
0.153263
0.153263
0.153179
0.153012
0.152762
0.152428
0.152011
0.151499
0.150902
0.150219
0.149418
0.148515
0.147478
0.146298
0.144916
0.143324
0.141455
0.139233
0.136596
0.134129
0.137018
0.139472
0.141538
0.143279
0.144767
0.146066
0.147148
0.148121
0.148935
0.149658
0.150275
0.150787
0.151214
0.151555
0.151812
0.151982
0.152066
0.152066
0.151982
0.151812
0.151555
0.151214
0.150787
0.150275
0.149658
0.148935
0.148121
0.147148
0.146066
0.144767
0.143279
0.141538
0.139472
0.137018
0.134129
0.131224
0.134411
0.137119
0.139417
0.141354
0.142993
0.144401
0.145598
0.146621
0.147507
0.148271
0.148904
0.149446
0.149899
0.150246
0.150502
0.150673
0.150758
0.150758
0.150673
0.150502
0.150246
0.149899
0.149446
0.148904
0.148271
0.147507
0.146621
0.145598
0.144401
0.142993
0.141354
0.139417
0.137119
0.134411
0.131224
0.127886
0.131346
0.134346
0.136897
0.139066
0.140902
0.142465
0.143798
0.144907
0.145888
0.146686
0.147375
0.147966
0.148421
0.148783
0.149055
0.149236
0.149326
0.149326
0.149236
0.149055
0.148783
0.148421
0.147966
0.147375
0.146686
0.145888
0.144907
0.143798
0.142465
0.140902
0.139066
0.136897
0.134346
0.131346
0.127886
0.124072
0.127805
0.131075
0.133927
0.136352
0.138420
0.140182
0.141663
0.142908
0.143999
0.144871
0.145633
0.146259
0.146752
0.147146
0.147441
0.147638
0.147737
0.147737
0.147638
0.147441
0.147146
0.146752
0.146259
0.145633
0.144871
0.143999
0.142908
0.141663
0.140182
0.138420
0.136352
0.133927
0.131075
0.127805
0.124072
0.119776
0.123758
0.127294
0.130410
0.133113
0.135444
0.137430
0.139111
0.140540
0.141752
0.142746
0.143595
0.144290
0.144835
0.145271
0.145598
0.145816
0.145925
0.145925
0.145816
0.145598
0.145271
0.144835
0.144290
0.143595
0.142746
0.141752
0.140540
0.139111
0.137430
0.135444
0.133113
0.130410
0.127294
0.123758
0.119776
0.114972
0.119199
0.122982
0.126353
0.129320
0.131922
0.134159
0.136078
0.137699
0.139061
0.140226
0.141169
0.141977
0.142586
0.143071
0.143435
0.143677
0.143799
0.143799
0.143677
0.143435
0.143071
0.142586
0.141977
0.141169
0.140226
0.139061
0.137699
0.136078
0.134159
0.131922
0.129320
0.126353
0.122982
0.119199
0.114972
0.109616
0.114113
0.118139
0.121740
0.124945
0.127789
0.130272
0.132423
0.134275
0.135851
0.137159
0.138270
0.139161
0.139904
0.140452
0.140856
0.141126
0.141261
0.141261
0.141126
0.140856
0.140452
0.139904
0.139161
0.138270
0.137159
0.135851
0.134275
0.132423
0.130272
0.127789
0.124945
0.121740
0.118139
0.114113
0.109616
0.103619
0.108423
0.112716
0.116559
0.119998
0.123051
0.125763
0.128142
0.130206
0.131987
0.133484
0.134743
0.135794
0.136621
0.137270
0.137756
0.138074
0.138223
0.138223
0.138074
0.137756
0.137270
0.136621
0.135794
0.134743
0.133484
0.131987
0.130206
0.128142
0.125763
0.123051
0.119998
0.116559
0.112716
0.108423
0.103619
0.000000
0.102051
0.106655
0.110768
0.114442
0.117719
0.120629
0.123204
0.125465
0.127428
0.129111
0.130538
0.131725
0.132676
0.133425
0.133986
0.134338
0.134513
0.134513
0.134338
0.133986
0.133425
0.132676
0.131725
0.130538
0.129111
0.127428
0.125465
0.123204
0.120629
0.117719
0.114442
0.110768
0.106655
0.102051
0.000000
0.000000
0.000000
0.099848
0.104280
0.108230
0.111745
0.114866
0.117635
0.120076
0.122205
0.124050
0.125617
0.126927
0.128008
0.128838
0.129461
0.129876
0.130080
0.130080
0.129876
0.129461
0.128838
0.128008
0.126927
0.125617
0.124050
0.122205
0.120076
0.117635
0.114866
0.111745
0.108230
0.104280
0.099848
0.000000
0.000000
0.185438
0.000000
0.000000
0.000000
0.101243
0.105041
0.108411
0.111389
0.114016
0.116307
0.118295
0.120000
0.121424
0.122594
0.123517
0.124204
0.124651
0.124875
0.124875
0.124651
0.124204
0.123517
0.122594
0.121424
0.120000
0.118295
0.116307
0.114016
0.111389
0.108411
0.105041
0.101243
0.000000
0.000000
0.000000
0.185438
0.184302
0.185063
0.185780
0.000000
0.000000
0.000000
0.101142
0.104373
0.107209
0.109690
0.111837
0.113671
0.115212
0.116478
0.117476
0.118219
0.118706
0.118950
0.118950
0.118706
0.118219
0.117476
0.116478
0.115212
0.113671
0.111837
0.109690
0.107209
0.104373
0.101142
0.000000
0.000000
0.000000
0.185780
0.185063
0.184302
0.182846
0.183846
0.184599
0.185271
0.185899
0.000000
0.000000
0.000000
0.099537
0.102236
0.104566
0.106559
0.108234
0.109603
0.110683
0.111486
0.112020
0.112282
0.112282
0.112020
0.111486
0.110683
0.109603
0.108234
0.106559
0.104566
0.102236
0.099537
0.000000
0.000000
0.000000
0.185899
0.185271
0.184599
0.183846
0.182846
