0.157108
0.158313
0.159501
0.160657
0.161767
0.162846
0.163854
0.164811
0.165686
0.166483
0.167196
0.167820
0.168352
0.168795
0.169149
0.169414
0.169591
0.169680
0.169680
0.169591
0.169414
0.169149
0.168795
0.168352
0.167820
0.167196
0.166483
0.165686
0.164811
0.163854
0.162846
0.161767
0.160657
0.159501
0.158313
0.157108
0.162644
0.164076
0.165477
0.166805
0.168053
0.169204
0.170258
0.171202
0.172057
0.172788
0.173438
0.174007
0.174460
0.174837
0.175139
0.175366
0.175517
0.175592
0.175592
0.175517
0.175366
0.175139
0.174837
0.174460
0.174007
0.173438
0.172788
0.172057
0.171202
0.170258
0.169204
0.168053
0.166805
0.165477
0.164076
0.162644
0.168906
0.170399
0.171772
0.173003
0.174131
0.175113
0.176017
0.176776
0.177466
0.178078
0.178575
0.179010
0.179382
0.179693
0.179941
0.180113
0.180223
0.180277
0.180277
0.180223
0.180113
0.179941
0.179693
0.179382
0.179010
0.178575
0.178078
0.177466
0.176776
0.176017
0.175113
0.174131
0.173003
0.171772
0.170399
0.168906
0.174785
0.176063
0.177168
0.178182
0.179052
0.179860
0.180535
0.181139
0.181688
0.182154
0.182528
0.182855
0.183135
0.183368
0.183555
0.183695
0.183788
0.183835
0.183835
0.183788
0.183695
0.183555
0.183368
0.183135
0.182855
0.182528
0.182154
0.181688
0.181139
0.180535
0.179860
0.179052
0.178182
0.177168
0.176063
0.174785
0.179530
0.180518
0.181397
0.182187
0.182841
0.183448
0.184007
0.184398
0.184754
0.185075
0.185359
0.185609
0.185822
0.000000
0.000000
0.000000
0.000000
0.000000
0.000000
0.000000
0.000000
0.000000
0.000000
0.185822
0.185609
0.185359
0.185075
0.184754
0.184398
0.184007
0.183448
0.182841
0.182187
0.181397
0.180518
0.179530
0.183155
0.183949
0.184531
0.185065
0.185564
0.000000
0.000000
0.000000
0.000000
0.000000
0.098489
0.100187
0.101614
0.102786
0.103717
0.104406
0.104861
0.105088
0.105088
0.104861
0.104406
0.103717
0.102786
0.101614
0.100187
0.098489
0.000000
0.000000
0.000000
0.000000
0.000000
0.185564
0.185065
0.184531
0.183949
0.183155
0.185769
0.000000
0.000000
0.000000
0.099649
0.102734
0.105493
0.107952
0.110126
0.112040
0.113702
0.115131
0.116341
0.117333
0.118123
0.118704
0.119091
0.119285
0.119285
0.119091
0.118704
0.118123
0.117333
0.116341
0.115131
0.113702
0.112040
0.110126
0.107952
0.105493
0.102734
0.099649
0.000000
0.000000
0.000000
0.185769
0.100795
0.104762
0.108344
0.111572
0.114481
0.117096
0.119441
0.121532
0.123381
0.125002
0.126412
0.127616
0.128622
0.129448
0.130104
0.130576
0.130891
0.131049
0.131049
0.130891
0.130576
0.130104
0.129448
0.128622
0.127616
0.126412
0.125002
0.123381
0.121532
0.119441
0.117096
0.114481
0.111572
0.108344
0.104762
0.100795
0.115256
0.118631
0.121687
0.124437
0.126899
0.129090
0.131023
0.132715
0.134192
0.135447
0.136522
0.137426
0.138184
0.138776
0.139250
0.139605
0.139841
0.139960
0.139960
0.139841
0.139605
0.139250
0.138776
0.138184
0.137426
0.136522
0.135447
0.134192
0.132715
0.131023
0.129090
0.126899
0.124437
0.121687
0.118631
0.115256
0.127388
0.130211
0.132693
0.134869
0.136762
0.138405
0.139826
0.141023
0.142087
0.142957
0.143730
0.144366
0.144887
0.145322
0.145669
0.145930
0.146094
0.146172
0.146172
0.146094
0.145930
0.145669
0.145322
0.144887
0.144366
0.143730
0.142957
0.142087
0.141023
0.139826
0.138405
0.136762
0.134869
0.132693
0.130211
0.127388
0.137004
0.139101
0.140903
0.142463
0.143816
0.144965
0.146007
0.146871
0.147657
0.148335
0.148913
0.149418
0.149851
0.150201
0.150473
0.150678
0.150814
0.150882
0.150882
0.150814
0.150678
0.150473
0.150201
0.149851
0.149418
0.148913
0.148335
0.147657
0.146871
0.146007
0.144965
0.143816
0.142463
0.140903
0.139101
0.137004
0.143903
0.145391
0.146707
0.147886
0.148907
0.149846
0.150673
0.151423
0.152103
0.152703
0.153236
0.153703
0.154105
0.154442
0.154713
0.154916
0.155051
0.155118
0.155118
0.155051
0.154916
0.154713
0.154442
0.154105
0.153703
0.153236
0.152703
0.152103
0.151423
0.150673
0.149846
0.148907
0.147886
0.146707
0.145391
0.143903
0.148901
0.150123
0.151214
0.152232
0.153166
0.154034
0.154845
0.155589
0.156277
0.156912
0.157477
0.157972
0.158420
0.158796
0.159097
0.159322
0.159472
0.159547
0.159547
0.159472
0.159322
0.159097
0.158796
0.158420
0.157972
0.157477
0.156912
0.156277
0.155589
0.154845
0.154034
0.153166
0.152232
0.151214
0.150123
0.148901
0.153096
0.154234
0.155316
0.156345
0.157334
0.158269
0.159170
0.159997
0.160799
0.161522
0.162174
0.162769
0.163280
0.163705
0.164047
0.164313
0.164490
0.164579
0.164579
0.164490
0.164313
0.164047
0.163705
0.163280
0.162769
0.162174
0.161522
0.160799
0.159997
0.159170
0.158269
0.157334
0.156345
0.155316
0.154234
0.153096
0.157192
0.158418
0.159621
0.160799
0.161923
0.163025
0.164048
0.165023
0.165909
0.166720
0.167442
0.168073
0.168610
0.169059
0.169417
0.169686
0.169865
0.169955
0.169955
0.169865
0.169686
0.169417
0.169059
0.168610
0.168073
0.167442
0.166720
0.165909
0.165023
0.164048
0.163025
0.161923
0.160799
0.159621
0.158418
0.157192
0.161683
0.163111
0.164493
0.165823
0.167083
0.168255
0.169331
0.170307
0.171176
0.171958
0.172618
0.173194
0.173688
0.174092
0.174398
0.174627
0.174780
0.174857
0.174857
0.174780
0.174627
0.174398
0.174092
0.173688
0.173194
0.172618
0.171958
0.171176
0.170307
0.169331
0.168255
0.167083
0.165823
0.164493
0.163111
0.161683
0.166726
0.168259
0.169694
0.171007
0.172212
0.173282
0.174250
0.175091
0.175856
0.176497
0.177056
0.177545
0.177964
0.178282
0.178533
0.178722
0.178847
0.178910
0.178910
0.178847
0.178722
0.178533
0.178282
0.177964
0.177545
0.177056
0.176497
0.175856
0.175091
0.174250
0.173282
0.172212
0.171007
0.169694
0.168259
0.166726
0.171795
0.173205
0.174485
0.175633
0.176642
0.177551
0.178350
0.179042
0.179671
0.180210
0.180654
0.181043
0.181377
0.181655
0.181877
0.182037
0.182132
0.182179
0.182179
0.182132
0.182037
0.181877
0.181655
0.181377
0.181043
0.180654
0.180210
0.179671
0.179042
0.178350
0.177551
0.176642
0.175633
0.174485
0.173205
0.171795
0.176230
0.177418
0.178483
0.179426
0.180271
0.180994
0.181661
0.182232
0.182705
0.183130
0.183509
0.183840
0.184094
0.184274
0.184418
0.184527
0.184599
0.184635
0.184635
0.184599
0.184527
0.184418
0.184274
0.184094
0.183840
0.183509
0.183130
0.182705
0.182232
0.181661
0.180994
0.180271
0.179426
0.178483
0.177418
0.176230
0.179874
0.180834
0.181724
0.182475
0.183137
0.183752
0.184244
0.184640
0.185001
0.185325
0.185614
0.185866
0.000000
0.000000
0.000000
0.000000
0.000000
0.000000
0.000000
0.000000
0.000000
0.000000
0.000000
0.000000
0.185866
0.185614
0.185325
0.185001
0.184640
0.184244
0.183752
0.183137
0.182475
0.181724
0.180834
0.179874
0.182766
0.183570
0.184249
0.184790
0.185295
0.185764
0.000000
0.000000
0.000000
0.000000
0.000000
0.098575
0.100051
0.101256
0.102215
0.102922
0.103393
0.103629
0.103629
0.103393
0.102922
0.102215
0.101256
0.100051
0.098575
0.000000
0.000000
0.000000
0.000000
0.000000
0.185764
0.185295
0.184790
0.184249
0.183570
0.182766
0.184977
0.185590
0.000000
0.000000
0.000000
0.000000
0.100581
0.103205
0.105528
0.107567
0.109340
0.110862
0.112151
0.113204
0.114045
0.114662
0.115073
0.115279
0.115279
0.115073
0.114662
0.114045
0.113204
0.112151
0.110862
0.109340
0.107567
0.105528
0.103205
0.100581
0.000000
0.000000
0.000000
0.000000
0.185590
0.184977
0.000000
0.000000
0.100149
0.103726
0.106940
0.109829
0.112409
0.114709
0.116748
0.118544
0.120110
0.121448
0.122579
0.123509
0.124245
0.124786
0.125147
0.125327
0.125327
0.125147
0.124786
0.124245
0.123509
0.122579
0.121448
0.120110
0.118544
0.116748
0.114709
0.112409
0.109829
0.106940
0.103726
0.100149
0.000000
0.000000
0.104476
0.108336
0.111822
0.114963
0.117802
0.120348
0.122625
0.124652
0.126440
0.128008
0.129347
0.130494
0.131452
0.132236
0.132840
0.133292
0.133594
0.133745
0.133745
0.133594
0.133292
0.132840
0.132236
0.131452
0.130494
0.129347
0.128008
0.126440
0.124652
0.122625
0.120348
0.117802
0.114963
0.111822
0.108336
0.104476
0.115426
0.118837
0.121927
0.124699
0.127184
0.129392
0.131336
0.133032
0.134507
0.135779
0.136843
0.137759
0.138499
0.139098
0.139578
0.139938
0.140161
0.140270
0.140270
0.140161
0.139938
0.139578
0.139098
0.138499
0.137759
0.136843
0.135779
0.134507
0.133032
0.131336
0.129392
0.127184
0.124699
0.121927
0.118837
0.115426
0.124929
0.127929
0.130583
0.132925
0.134973
0.136751
0.138295
0.139614
0.140738
0.141717
0.142529
0.143214
0.143802
0.144262
0.144614
0.144878
0.145055
0.145143
0.145143
0.145055
0.144878
0.144614
0.144262
0.143802
0.143214
0.142529
0.141717
0.140738
0.139614
0.138295
0.136751
0.134973
0.132925
0.130583
0.127929
0.124929
0.132970
0.135440
0.137577
0.139412
0.140990
0.142364
0.143540
0.144555
0.145436
0.146206
0.146843
0.147401
0.147878
0.148254
0.148547
0.148766
0.148912
0.148986
0.148986
0.148912
0.148766
0.148547
0.148254
0.147878
0.147401
0.146843
0.146206
0.145436
0.144555
0.143540
0.142364
0.140990
0.139412
0.137577
0.135440
0.132970
0.139330
0.141243
0.142887
0.144321
0.145554
0.146632
0.147588
0.148426
0.149158
0.149817
0.150380
0.150863
0.151278
0.151624
0.151900
0.152105
0.152240
0.152308
0.152308
0.152240
0.152105
0.151900
0.151624
0.151278
0.150863
0.150380
0.149817
0.149158
0.148426
0.147588
0.146632
0.145554
0.144321
0.142887
0.141243
0.139330
0.144175
0.145673
0.146979
0.148160
0.149185
0.150129
0.150958
0.151719
0.152401
0.153009
0.153550
0.154023
0.154434
0.154777
0.155051
0.155256
0.155393
0.155462
0.155462
0.155393
0.155256
0.155051
0.154777
0.154434
0.154023
0.153550
0.153009
0.152401
0.151719
0.150958
0.150129
0.149185
0.148160
0.146979
0.145673
0.144175
0.147964
0.149212
0.150362
0.151400
0.152359
0.153238
0.154050
0.154804
0.155489
0.156111
0.156683
0.157184
0.157614
0.157972
0.158275
0.158503
0.158655
0.158731
0.158731
0.158655
0.158503
0.158275
0.157972
0.157614
0.157184
0.156683
0.156111
0.155489
0.154804
0.154050
0.153238
0.152359
0.151400
0.150362
0.149212
0.147964
0.151150
0.152319
0.153401
0.154421
0.155380
0.156284
0.157143
0.157930
0.158688
0.159373
0.159982
0.160551
0.161039
0.161446
0.161771
0.162016
0.162188
0.162275
0.162275
0.162188
0.162016
0.161771
0.161446
0.161039
0.160551
0.159982
0.159373
0.158688
0.157930
0.157143
0.156284
0.155380
0.154421
0.153401
0.152319
0.151150
0.154107
0.155272
0.156386
0.157460
0.158492
0.159483
0.160424
0.161319
0.162141
0.162917
0.163607
0.164219
0.164758
0.165207
0.165567
0.165836
0.166016
0.166108
0.166108
0.166016
0.165836
0.165567
0.165207
0.164758
0.164219
0.163607
0.162917
0.162141
0.161319
0.160424
0.159483
0.158492
0.157460
0.156386
0.155272
0.154107
0.157062
0.158298
0.159517
0.160705
0.161845
0.162957
0.163992
0.164980
0.165879
0.166700
0.167432
0.168072
0.168617
0.169071
0.169435
0.169707
0.169889
0.169980
0.169980
0.169889
0.169707
0.169435
0.169071
0.168617
0.168072
0.167432
0.166700
0.165879
0.164980
0.163992
0.162957
0.161845
0.160705
0.159517
0.158298
0.157062
0.160173
0.161557
0.162911
0.164214
0.165473
0.166653
0.167751
0.168753
0.169662
0.170465
0.171169
0.171786
0.172298
0.172715
0.173048
0.173299
0.173466
0.173549
0.173549
0.173466
0.173299
0.173048
0.172715
0.172298
0.171786
0.171169
0.170465
0.169662
0.168753
0.167751
0.166653
0.165473
0.164214
0.162911
0.161557
0.160173
0.163557
0.165067
0.166515
0.167888
0.169162
0.170333
0.171390
0.172341
0.173175
0.173926
0.174551
0.175094
0.175559
0.175947
0.176235
0.176447
0.176589
0.176659
0.176659
0.176589
0.176447
0.176235
0.175947
0.175559
0.175094
0.174551
0.173926
0.173175
0.172341
0.171390
0.170333
0.169162
0.167888
0.166515
0.165067
0.163557
0.167111
0.168663
0.170114
0.171436
0.172635
0.173720
0.174670
0.175523
0.176273
0.176910
0.177477
0.177973
0.178358
0.178677
0.178932
0.179123
0.179251
0.179315
0.179315
0.179251
0.179123
0.178932
0.178677
0.178358
0.177973
0.177477
0.176910
0.176273
0.175523
0.174670
0.173720
0.172635
0.171436
0.170114
0.168663
0.167111
0.170602
0.172095
0.173431
0.174635
0.175721
0.176666
0.177516
0.178266
0.178904
0.179478
0.179989
0.180384
0.180723
0.181005
0.181230
0.181399
0.181512
0.181568
0.181568
0.181512
0.181399
0.181230
0.181005
0.180723
0.180384
0.179989
0.179478
0.178904
0.178266
0.177516
0.176666
0.175721
0.174635
0.173431
0.172095
0.170602
0.173811
0.175143
0.176351
0.177415
0.178366
0.179196
0.179962
0.180586
0.181150
0.181658
0.182093
0.182428
0.182716
0.182956
0.183147
0.183291
0.183387
0.183435
0.183435
0.183387
0.183291
0.183147
0.182956
0.182716
0.182428
0.182093
0.181658
0.181150
0.180586
0.179962
0.179196
0.178366
0.177415
0.176351
0.175143
0.173811
0.176604
0.177810
0.178850
0.179807
0.180619
0.181353
0.182025
0.182553
0.183032
0.183464
0.183848
0.184140
0.184359
0.184542
0.184689
0.184798
0.184871
0.184908
0.184908
0.184871
0.184798
0.184689
0.184542
0.184359
0.184140
0.183848
0.183464
0.183032
0.182553
0.182025
0.181353
0.180619
0.179807
0.178850
0.177810
0.176604
0.179015
0.180089
0.180992
0.181838
0.182534
0.183158
0.183734
0.184199
0.184565
0.184894
0.185187
0.185443
0.185663
0.185846
0.185992
0.000000
0.000000
0.000000
0.000000
0.000000
0.000000
0.185992
0.185846
0.185663
0.185443
0.185187
0.184894
0.184565
0.184199
0.183734
0.183158
0.182534
0.181838
0.180992
0.180089
0.179015
0.181083
0.182036
0.182804
0.183524
0.184149
0.184625
0.185064
0.185467
0.185833
0.000000
0.000000
0.000000
0.000000
0.000000
0.000000
0.000000
0.000000
0.000000
0.000000
0.000000
0.000000
0.000000
0.000000
0.000000
0.000000
0.000000
0.000000
0.185833
0.185467
0.185064
0.184625
0.184149
0.183524
0.182804
0.182036
0.181083
0.182834
0.183650
0.184319
0.184868
0.185381
0.185857
0.000000
0.000000
0.000000
0.000000
0.000000
0.099415
0.100895
0.102115
0.103071
0.103789
0.104261
0.104495
0.104495
0.104261
0.103789
0.103071
0.102115
0.100895
0.099415
0.000000
0.000000
0.000000
0.000000
0.000000
0.185857
0.185381
0.184868
0.184319
0.183650
0.182834
0.184306
0.184929
0.185515
0.000000
0.000000
0.000000
0.000000
0.099086
0.101551
0.103714
0.105592
0.107203
0.108562
0.109681
0.110562
0.111218
0.111655
0.111874
0.111874
0.111655
0.111218
0.110562
0.109681
0.108562
0.107203
0.105592
0.103714
0.101551
0.099086
0.000000
0.000000
0.000000
0.000000
0.185515
0.184929
0.184306
0.185466
0.000000
0.000000
0.000000
0.098008
0.101232
0.104118
0.106677
0.108944
0.110936
0.112669
0.114161
0.115414
0.116448
0.117263
0.117875
0.118276
0.118475
0.118475
0.118276
0.117875
0.117263
0.116448
0.115414
0.114161
0.112669
0.110936
0.108944
0.106677
0.104118
0.101232
0.098008
0.000000
0.000000
0.000000
0.185466
0.000000
0.000000
0.098434
0.102136
0.105454
0.108432
0.111093
0.113465
0.115566
0.117412
0.119019
0.120402
0.121567
0.122523
0.123278
0.123844
0.124215
0.124398
0.124398
0.124215
0.123844
0.123278
0.122523
0.121567
0.120402
0.119019
0.117412
0.115566
0.113465
0.111093
0.108432
0.105454
0.102136
0.098434
0.000000
0.000000
0.000000
0.101824
0.105623
0.109042
0.112124
0.114883
0.117358
0.119564
0.121517
0.123230
0.124718
0.126000
0.127062
0.127946
0.128628
0.129138
0.129477
0.129647
0.129647
0.129477
0.129138
0.128628
0.127946
0.127062
0.126000
0.124718
0.123230
0.121517
0.119564
0.117358
0.114883
0.112124
0.109042
0.105623
0.101824
0.000000
0.104623
0.108535
0.112068
0.115248
0.118120
0.120692
0.122995
0.125041
0.126843
0.128418
0.129778
0.130922
0.131895
0.132667
0.133280
0.133739
0.134043
0.134186
0.134186
0.134043
0.133739
0.133280
0.132667
0.131895
0.130922
0.129778
0.128418
0.126843
0.125041
0.122995
0.120692
0.118120
0.115248
0.112068
0.108535
0.104623
0.110920
0.114569
0.117869
0.120840
0.123518
0.125915
0.128040
0.129910
0.131535
0.132940
0.134156
0.135160
0.136020
0.136685
0.137216
0.137615
0.137881
0.138013
0.138013
0.137881
0.137615
0.137216
0.136685
0.136020
0.135160
0.134156
0.132940
0.131535
0.129910
0.128040
0.125915
0.123518
0.120840
0.117869
0.114569
0.110920
0.116596
0.120019
0.123097
0.125874
0.128343
0.130528
0.132448
0.134126
0.135562
0.136791
0.137855
0.138720
0.139451
0.140054
0.140496
0.140827
0.141048
0.141159
0.141159
0.141048
0.140827
0.140496
0.140054
0.139451
0.138720
0.137855
0.136791
0.135562
0.134126
0.132448
0.130528
0.128343
0.125874
0.123097
0.120019
0.116596
0.121726
0.124919
0.127790
0.130333
0.132571
0.134529
0.136234
0.137697
0.138941
0.140034
0.140918
0.141692
0.142319
0.142817
0.143215
0.143513
0.143712
0.143812
0.143812
0.143712
0.143513
0.143215
0.142817
0.142319
0.141692
0.140918
0.140034
0.138941
0.137697
0.136234
0.134529
0.132571
0.130333
0.127790
0.124919
0.121726
0.126338
0.129296
0.131925
0.134216
0.136210
0.137940
0.139407
0.140678
0.141784
0.142701
0.143497
0.144175
0.144711
0.145159
0.145516
0.145785
0.145964
0.146048
0.146048
0.145964
0.145785
0.145516
0.145159
0.144711
0.144175
0.143497
0.142701
0.141784
0.140678
0.139407
0.137940
0.136210
0.134216
0.131925
0.129296
0.126338
0.130435
0.133129
0.135484
0.137519
0.139266
0.140772
0.142089
0.143184
0.144161
0.144967
0.145682
0.146279
0.146765
0.147169
0.147493
0.147735
0.147897
0.147978
0.147978
0.147897
0.147735
0.147493
0.147169
0.146765
0.146279
0.145682
0.144967
0.144161
0.143184
0.142089
0.140772
0.139266
0.137519
0.135484
0.133129
0.130435
0.134024
0.136433
0.138515
0.140313
0.141861
0.143170
0.144328
0.145313
0.146188
0.146916
0.147563
0.148119
0.148566
0.148938
0.149235
0.149458
0.149607
0.149681
0.149681
0.149607
0.149458
0.149235
0.148938
0.148566
0.148119
0.147563
0.146916
0.146188
0.145313
0.144328
0.143170
0.141861
0.140313
0.138515
0.136433
0.134024
0.137079
0.139230
0.141072
0.142659
0.144048
0.145212
0.146259
0.147149
0.147959
0.148632
0.149227
0.149748
0.150183
0.150534
0.150815
0.151026
0.151167
0.151237
0.151237
0.151167
0.151026
0.150815
0.150534
0.150183
0.149748
0.149227
0.148632
0.147959
0.147149
0.146259
0.145212
0.144048
0.142659
0.141072
0.139230
0.137079
0.139702
0.141611
0.143244
0.144664
0.145918
0.146979
0.147950
0.148773
0.149517
0.150177
0.150739
0.151231
0.151652
0.152003
0.152278
0.152484
0.152622
0.152690
0.152690
0.152622
0.152484
0.152278
0.152003
0.151652
0.151231
0.150739
0.150177
0.149517
0.148773
0.147950
0.146979
0.145918
0.144664
0.143244
0.141611
0.139702
0.141930
0.143632
0.145103
0.146404
0.147538
0.148543
0.149436
0.150241
0.150944
0.151576
0.152136
0.152617
0.153029
0.153372
0.153647
0.153853
0.153991
0.154060
0.154060
0.153991
0.153853
0.153647
0.153372
0.153029
0.152617
0.152136
0.151576
0.150944
0.150241
0.149436
0.148543
0.147538
0.146404
0.145103
0.143632
0.141930
0.143821
0.145363
0.146721
0.147936
0.148984
0.149952
0.150798
0.151571
0.152268
0.152887
0.153437
0.153918
0.154335
0.154683
0.154962
0.155171
0.155311
0.155380
0.155380
0.155311
0.155171
0.154962
0.154683
0.154335
0.153918
0.153437
0.152887
0.152268
0.151571
0.150798
0.149952
0.148984
0.147936
0.146721
0.145363
0.143821
0.145445
0.146876
0.148159
0.149276
0.150301
0.151216
0.152058
0.152815
0.153502
0.154123
0.154680
0.155168
0.155586
0.155935
0.156223
0.156442
0.156587
0.156660
0.156660
0.156587
0.156442
0.156223
0.155935
0.155586
0.155168
0.154680
0.154123
0.153502
0.152815
0.152058
0.151216
0.150301
0.149276
0.148159
0.146876
0.145445
0.146871
0.148229
0.149421
0.150509
0.151493
0.152399
0.153224
0.153981
0.154678
0.155305
0.155863
0.156367
0.156804
0.157168
0.157459
0.157678
0.157823
0.157896
0.157896
0.157823
0.157678
0.157459
0.157168
0.156804
0.156367
0.155863
0.155305
0.154678
0.153981
0.153224
0.152399
0.151493
0.150509
0.149421
0.148229
0.146871
0.148150
0.149417
0.150576
0.151631
0.152603
0.153497
0.154327
0.155095
0.155792
0.156438
0.157021
0.157531
0.157968
0.158354
0.158664
0.158896
0.159051
0.159129
0.159129
0.159051
0.158896
0.158664
0.158354
0.157968
0.157531
0.157021
0.156438
0.155792
0.155095
0.154327
0.153497
0.152603
0.151631
0.150576
0.149417
0.148150
0.149265
0.150503
0.151629
0.152670
0.153634
0.154536
0.155373
0.156146
0.156875
0.157531
0.158121
0.158664
0.159129
0.159517
0.159827
0.160063
0.160229
0.160312
0.160312
0.160229
0.160063
0.159827
0.159517
0.159129
0.158664
0.158121
0.157531
0.156875
0.156146
0.155373
0.154536
0.153634
0.152670
0.151629
0.150503
0.149265
0.150290
0.151487
0.152600
0.153633
0.154605
0.155512
0.156365
0.157167
0.157896
0.158587
0.159208
0.159750
0.160230
0.160644
0.160976
0.161224
0.161390
0.161473
0.161473
0.161390
0.161224
0.160976
0.160644
0.160230
0.159750
0.159208
0.158587
0.157896
0.157167
0.156365
0.155512
0.154605
0.153633
0.152600
0.151487
0.150290
0.151205
0.152393
0.153495
0.154535
0.155513
0.156439
0.157314
0.158124
0.158899
0.159597
0.160233
0.160813
0.161310
0.161724
0.162059
0.162322
0.162498
0.162585
0.162585
0.162498
0.162322
0.162059
0.161724
0.161310
0.160813
0.160233
0.159597
0.158899
0.158124
0.157314
0.156439
0.155513
0.154535
0.153495
0.152393
0.151205
0.152049
0.153220
0.154327
0.155374
0.156368
0.157316
0.158203
0.159057
0.159833
0.160567
0.161230
0.161810
0.162326
0.162765
0.163117
0.163380
0.163556
0.163644
0.163644
0.163556
0.163380
0.163117
0.162765
0.162326
0.161810
0.161230
0.160567
0.159833
0.159057
0.158203
0.157316
0.156368
0.155374
0.154327
0.153220
0.152049
0.152808
0.153980
0.155097
0.156151
0.157173
0.158129
0.159060
0.159914
0.160737
0.161483
0.162155
0.162770
0.163297
0.163737
0.164092
0.164366
0.164549
0.164641
0.164641
0.164549
0.164366
0.164092
0.163737
0.163297
0.162770
0.162155
0.161483
0.160737
0.159914
0.159060
0.158129
0.157173
0.156151
0.155097
0.153980
0.152808
0.153499
0.154680
0.155798
0.156884
0.157906
0.158909
0.159841
0.160742
0.161571
0.162337
0.163040
0.163655
0.164190
0.164648
0.165014
0.165288
0.165471
0.165563
0.165563
0.165471
0.165288
0.165014
0.164648
0.164190
0.163655
0.163040
0.162337
0.161571
0.160742
0.159841
0.158909
0.157906
0.156884
0.155798
0.154680
0.153499
0.154124
0.155312
0.156450
0.157545
0.158603
0.159613
0.160582
0.161494
0.162343
0.163135
0.163838
0.164472
0.165022
0.165479
0.165846
0.166123
0.166309
0.166402
0.166402
0.166309
0.166123
0.165846
0.165479
0.165022
0.164472
0.163838
0.163135
0.162343
0.161494
0.160582
0.159613
0.158603
0.157545
0.156450
0.155312
0.154124
0.154687
0.155876
0.157039
0.158143
0.159230
0.160257
0.161252
0.162175
0.163054
0.163846
0.164572
0.165213
0.165763
0.166225
0.166598
0.166878
0.167064
0.167158
0.167158
0.167064
0.166878
0.166598
0.166225
0.165763
0.165213
0.164572
0.163846
0.163054
0.162175
0.161252
0.160257
0.159230
0.158143
0.157039
0.155876
0.154687
0.155181
0.156387
0.157556
0.158693
0.159781
0.160845
0.161841
0.162799
0.163679
0.164490
0.165223
0.165864
0.166422
0.166888
0.167261
0.167541
0.167728
0.167821
0.167821
0.167728
0.167541
0.167261
0.166888
0.166422
0.165864
0.165223
0.164490
0.163679
0.162799
0.161841
0.160845
0.159781
0.158693
0.157556
0.156387
0.155181
0.155606
0.156831
0.158001
0.159166
0.160272
0.161352
0.162369
0.163337
0.164226
0.165050
0.165784
0.166433
0.166993
0.167460
0.167833
0.168112
0.168297
0.168390
0.168390
0.168297
0.168112
0.167833
0.167460
0.166993
0.166433
0.165784
0.165050
0.164226
0.163337
0.162369
0.161352
0.160272
0.159166
0.158001
0.156831
0.155606
0.155963
0.157204
0.158397
0.159563
0.160696
0.161776
0.162819
0.163787
0.164695
0.165520
0.166258
0.166912
0.167472
0.167939
0.168310
0.168588
0.168774
0.168866
0.168866
0.168774
0.168588
0.168310
0.167939
0.167472
0.166912
0.166258
0.165520
0.164695
0.163787
0.162819
0.161776
0.160696
0.159563
0.158397
0.157204
0.155963
0.156261
0.157504
0.158717
0.159883
0.161039
0.162126
0.163182
0.164157
0.165074
0.165900
0.166645
0.167299
0.167859
0.168324
0.168695
0.168973
0.169158
0.169251
0.169251
0.169158
0.168973
0.168695
0.168324
0.167859
0.167299
0.166645
0.165900
0.165074
0.164157
0.163182
0.162126
0.161039
0.159883
0.158717
0.157504
0.156261
0.156488
0.157732
0.158960
0.160135
0.161299
0.162402
0.163459
0.164445
0.165363
0.166192
0.166939
0.167593
0.168153
0.168616
0.168987
0.169266
0.169451
0.169544
0.169544
0.169451
0.169266
0.168987
0.168616
0.168153
0.167593
0.166939
0.166192
0.165363
0.164445
0.163459
0.162402
0.161299
0.160135
0.158960
0.157732
0.156488
0.156644
0.157888
0.159126
0.160313
0.161477
0.162591
0.163648
0.164643
0.165561
0.166394
0.167141
0.167795
0.168353
0.168817
0.169189
0.169467
0.169653
0.169745
0.169745
0.169653
0.169467
0.169189
0.168817
0.168353
0.167795
0.167141
0.166394
0.165561
0.164643
0.163648
0.162591
0.161477
0.160313
0.159126
0.157888
0.156644
0.156727
0.157971
0.159215
0.160409
0.161573
0.162693
0.163751
0.164750
0.165668
0.166503
0.167251
0.167905
0.168463
0.168927
0.169298
0.169577
0.169762
0.169855
0.169855
0.169762
0.169577
0.169298
0.168927
0.168463
0.167905
0.167251
0.166503
0.165668
0.164750
0.163751
0.162693
0.161573
0.160409
0.159215
0.157971
0.156727
0.156737
0.157982
0.159227
0.160422
0.161586
0.162708
0.163766
0.164766
0.165684
0.166520
0.167268
0.167922
0.168480
0.168944
0.169316
0.169594
0.169780
0.169873
0.169873
0.169780
0.169594
0.169316
0.168944
0.168480
0.167922
0.167268
0.166520
0.165684
0.164766
0.163766
0.162708
0.161586
0.160422
0.159227
0.157982
0.156737
0.156675
0.157920
0.159162
0.160353
0.161518
0.162635
0.163693
0.164691
0.165609
0.166444
0.167192
0.167847
0.168405
0.168870
0.169241
0.169520
0.169706
0.169799
0.169799
0.169706
0.169520
0.169241
0.168870
0.168405
0.167847
0.167192
0.166444
0.165609
0.164691
0.163693
0.162635
0.161518
0.160353
0.159162
0.157920
0.156675
0.156541
0.157786
0.159019
0.160201
0.161366
0.162475
0.163534
0.164525
0.165444
0.166276
0.167024
0.167679
0.168239
0.168703
0.169075
0.169354
0.169540
0.169632
0.169632
0.169540
0.169354
0.169075
0.168703
0.168239
0.167679
0.167024
0.166276
0.165444
0.164525
0.163534
0.162475
0.161366
0.160201
0.159019
0.157786
0.156541
0.156334
0.157579
0.158800
0.159969
0.161132
0.162228
0.163287
0.164268
0.165187
0.166015
0.166763
0.167418
0.167980
0.168445
0.168816
0.169095
0.169281
0.169374
0.169374
0.169281
0.169095
0.168816
0.168445
0.167980
0.167418
0.166763
0.166015
0.165187
0.164268
0.163287
0.162228
0.161132
0.159969
0.158800
0.157579
0.156334
0.156054
0.157300
0.158503
0.159672
0.160816
0.161899
0.162952
0.163923
0.164839
0.165667
0.166409
0.167065
0.167626
0.168094
0.168466
0.168745
0.168931
0.169024
0.169024
0.168931
0.168745
0.168466
0.168094
0.167626
0.167065
0.166409
0.165667
0.164839
0.163923
0.162952
0.161899
0.160816
0.159672
0.158503
0.157300
0.156054
0.155714
0.156948
0.158129
0.159298
0.160417
0.161500
0.162530
0.163501
0.164400
0.165228
0.165963
0.166618
0.167180
0.167648
0.168023
0.168302
0.168488
0.168581
0.168581
0.168488
0.168302
0.168023
0.167648
0.167180
0.166618
0.165963
0.165228
0.164400
0.163501
0.162530
0.161500
0.160417
0.159298
0.158129
0.156948
0.155714
0.155306
0.156522
0.157696
0.158847
0.159939
0.161019
0.162020
0.162991
0.163875
0.164697
0.165433
0.166079
0.166641
0.167109
0.167484
0.167765
0.167952
0.168046
0.168046
0.167952
0.167765
0.167484
0.167109
0.166641
0.166079
0.165433
0.164697
0.163875
0.162991
0.162020
0.161019
0.159939
0.158847
0.157696
0.156522
0.155306
0.154829
0.156025
0.157198
0.158318
0.159411
0.160454
0.161455
0.162394
0.163277
0.164076
0.164812
0.165456
0.166008
0.166477
0.166852
0.167133
0.167320
0.167414
0.167414
0.167320
0.167133
0.166852
0.166477
0.166008
0.165456
0.164812
0.164076
0.163277
0.162394
0.161455
0.160454
0.159411
0.158318
0.157198
0.156025
0.154829
0.154282
0.155477
0.156628
0.157729
0.158804
0.159819
0.160808
0.161725
0.162592
0.163388
0.164099
0.164743
0.165295
0.165756
0.166126
0.166407
0.166595
0.166689
0.166689
0.166595
0.166407
0.166126
0.165756
0.165295
0.164743
0.164099
0.163388
0.162592
0.161725
0.160808
0.159819
0.158804
0.157729
0.156628
0.155477
0.154282
0.153670
0.154860
0.155985
0.157085
0.158121
0.159136
0.160078
0.160995
0.161830
0.162615
0.163322
0.163941
0.164491
0.164952
0.165320
0.165596
0.165780
0.165872
0.165872
0.165780
0.165596
0.165320
0.164952
0.164491
0.163941
0.163322
0.162615
0.161830
0.160995
0.160078
0.159136
0.158121
0.157085
0.155985
0.154860
0.153670
0.152992
0.154174
0.155299
0.156369
0.157397
0.158374
0.159312
0.160183
0.161017
0.161768
0.162462
0.163081
0.163611
0.164056
0.164424
0.164701
0.164885
0.164977
0.164977
0.164885
0.164701
0.164424
0.164056
0.163611
0.163081
0.162462
0.161768
0.161017
0.160183
0.159312
0.158374
0.157397
0.156369
0.155299
0.154174
0.152992
0.152246
0.153425
0.154542
0.155597
0.156608
0.157563
0.158473
0.159332
0.160122
0.160873
0.161541
0.162133
0.162663
0.163106
0.163459
0.163725
0.163902
0.163990
0.163990
0.163902
0.163725
0.163459
0.163106
0.162663
0.162133
0.161541
0.160873
0.160122
0.159332
0.158473
0.157563
0.156608
0.155597
0.154542
0.153425
0.152246
0.151417
0.152610
0.153720
0.154771
0.155756
0.156701
0.157583
0.158416
0.159198
0.159901
0.160562
0.161147
0.161648
0.162069
0.162423
0.162689
0.162866
0.162954
0.162954
0.162866
0.162689
0.162423
0.162069
0.161648
0.161147
0.160562
0.159901
0.159198
0.158416
0.157583
0.156701
0.155756
0.154771
0.153720
0.152610
0.151417
0.150511
0.151719
0.152836
0.153877
0.154860
0.155775
0.156647
0.157456
0.158203
0.158907
0.159533
0.160085
0.160586
0.161004
0.161338
0.161589
0.161756
0.161839
0.161839
0.161756
0.161589
0.161338
0.161004
0.160586
0.160085
0.159533
0.158907
0.158203
0.157456
0.156647
0.155775
0.154860
0.153877
0.152836
0.151719
0.150511
0.149508
0.150743
0.151879
0.152924
0.153896
0.154809
0.155654
0.156448
0.157183
0.157845
0.158461
0.159008
0.159477
0.159869
0.160194
0.160444
0.160611
0.160695
0.160695
0.160611
0.160444
0.160194
0.159869
0.159477
0.159008
0.158461
0.157845
0.157183
0.156448
0.155654
0.154809
0.153896
0.152924
0.151879
0.150743
0.149508
0.148399
0.149678
0.150833
0.151899
0.152873
0.153776
0.154618
0.155393
0.156101
0.156763
0.157352
0.157867
0.158328
0.158719
0.159032
0.159267
0.159423
0.159501
0.159501
0.159423
0.159267
0.159032
0.158719
0.158328
0.157867
0.157352
0.156763
0.156101
0.155393
0.154618
0.153776
0.152873
0.151899
0.150833
0.149678
0.148399
0.147145
0.148494
0.149698
0.150781
0.151776
0.152685
0.153519
0.154287
0.154991
0.155625
0.156197
0.156712
0.157154
0.157522
0.157816
0.158039
0.158196
0.158274
0.158274
0.158196
0.158039
0.157816
0.157522
0.157154
0.156712
0.156197
0.155625
0.154991
0.154287
0.153519
0.152685
0.151776
0.150781
0.149698
0.148494
0.147145
0.145751
0.147167
0.148440
0.149569
0.150589
0.151513
0.152358
0.153122
0.153818
0.154449
0.155013
0.155506
0.155929
0.156294
0.156588
0.156809
0.156956
0.157030
0.157030
0.156956
0.156809
0.156588
0.156294
0.155929
0.155506
0.155013
0.154449
0.153818
0.153122
0.152358
0.151513
0.150589
0.149569
0.148440
0.147167
0.145751
0.144144
0.145685
0.147027
0.148235
0.149290
0.150254
0.151107
0.151890
0.152588
0.153213
0.153770
0.154260
0.154683
0.155035
0.155317
0.155529
0.155669
0.155740
0.155740
0.155669
0.155529
0.155317
0.155035
0.154683
0.154260
0.153770
0.153213
0.152588
0.151890
0.151107
0.150254
0.149290
0.148235
0.147027
0.145685
0.144144
0.142272
0.143987
0.145439
0.146723
0.147870
0.148860
0.149765
0.150560
0.151272
0.151912
0.152470
0.152957
0.153375
0.153722
0.154001
0.154212
0.154353
0.154424
0.154424
0.154353
0.154212
0.154001
0.153722
0.153375
0.152957
0.152470
0.151912
0.151272
0.150560
0.149765
0.148860
0.147870
0.146723
0.145439
0.143987
0.142272
0.140092
0.141997
0.143613
0.145012
0.146255
0.147321
0.148281
0.149110
0.149864
0.150512
0.151081
0.151579
0.152006
0.152354
0.152632
0.152841
0.152980
0.153050
0.153050
0.152980
0.152841
0.152632
0.152354
0.152006
0.151579
0.151081
0.150512
0.149864
0.149110
0.148281
0.147321
0.146255
0.145012
0.143613
0.141997
0.140092
0.137499
0.139643
0.141470
0.143037
0.144405
0.145585
0.146609
0.147511
0.148305
0.148983
0.149586
0.150108
0.150535
0.150891
0.151176
0.151389
0.151531
0.151603
0.151603
0.151531
0.151389
0.151176
0.150891
0.150535
0.150108
0.149586
0.148983
0.148305
0.147511
0.146609
0.145585
0.144405
0.143037
0.141470
0.139643
0.137499
0.134455
0.136864
0.138938
0.140719
0.142260
0.143573
0.144706
0.145704
0.146553
0.147292
0.147948
0.148480
0.148933
0.149310
0.149611
0.149838
0.149989
0.150060
0.150060
0.149989
0.149838
0.149611
0.149310
0.148933
0.148480
0.147948
0.147292
0.146553
0.145704
0.144706
0.143573
0.142260
0.140719
0.138938
0.136864
0.134455
0.130890
0.133597
0.135956
0.137985
0.139718
0.141203
0.142494
0.143606
0.144553
0.145371
0.146088
0.146662
0.147155
0.147565
0.147894
0.148129
0.148279
0.148355
0.148355
0.148279
0.148129
0.147894
0.147565
0.147155
0.146662
0.146088
0.145371
0.144553
0.143606
0.142494
0.141203
0.139718
0.137985
0.135956
0.133597
0.130890
0.126791
0.129775
0.132399
0.134688
0.136676
0.138396
0.139881
0.141127
0.142224
0.143134
0.143942
0.144584
0.145129
0.145583
0.145946
0.146198
0.146362
0.146444
0.146444
0.146362
0.146198
0.145946
0.145583
0.145129
0.144584
0.143942
0.143134
0.142224
0.141127
0.139881
0.138396
0.136676
0.134688
0.132399
0.129775
0.126791
0.122162
0.125385
0.128273
0.130825
0.133071
0.135026
0.136720
0.138189
0.139427
0.140490
0.141388
0.142157
0.142763
0.143269
0.143673
0.143977
0.144161
0.144251
0.144251
0.144161
0.143977
0.143673
0.143269
0.142763
0.142157
0.141388
0.140490
0.139427
0.138189
0.136720
0.135026
0.133071
0.130825
0.128273
0.125385
0.122162
0.116991
0.120449
0.123566
0.126361
0.128846
0.131043
0.132965
0.134636
0.136089
0.137305
0.138354
0.139221
0.139964
0.140529
0.140978
0.141315
0.141539
0.141652
0.141652
0.141539
0.141315
0.140978
0.140529
0.139964
0.139221
0.138354
0.137305
0.136089
0.134636
0.132965
0.131043
0.128846
0.126361
0.123566
0.120449
0.116991
0.111259
0.114954
0.118294
0.121301
0.124011
0.126419
0.128557
0.130437
0.132082
0.133485
0.134686
0.135708
0.136540
0.137216
0.137757
0.138149
0.138397
0.138521
0.138521
0.138397
0.138149
0.137757
0.137216
0.136540
0.135708
0.134686
0.133485
0.132082
0.130437
0.128557
0.126419
0.124011
0.121301
0.118294
0.114954
0.111259
0.104883
0.108852
0.112432
0.115658
0.118561
0.121167
0.123497
0.125564
0.127379
0.128961
0.130328
0.131483
0.132447
0.133227
0.133851
0.134298
0.134590
0.134736
0.134736
0.134590
0.134298
0.133851
0.133227
0.132447
0.131483
0.130328
0.128961
0.127379
0.125564
0.123497
0.121167
0.118561
0.115658
0.112432
0.108852
0.104883
0.000000
0.102052
0.105911
0.109379
0.112501
0.115302
0.117812
0.120047
0.122023
0.123754
0.125254
0.126541
0.127621
0.128501
0.129194
0.129713
0.130056
0.130221
0.130221
0.130056
0.129713
0.129194
0.128501
0.127621
0.126541
0.125254
0.123754
0.122023
0.120047
0.117812
0.115302
0.112501
0.109379
0.105911
0.102052
0.000000
0.000000
0.000000
0.098611
0.102373
0.105749
0.108769
0.111472
0.113880
0.116011
0.117882
0.119508
0.120905
0.122089
0.123051
0.123821
0.124386
0.124759
0.124946
0.124946
0.124759
0.124386
0.123821
0.123051
0.122089
0.120905
0.119508
0.117882
0.116011
0.113880
0.111472
0.108769
0.105749
0.102373
0.098611
0.000000
0.000000
0.185447
0.000000
0.000000
0.000000
0.098183
0.101465
0.104396
0.106998
0.109302
0.111325
0.113083
0.114595
0.115872
0.116915
0.117747
0.118362
0.118768
0.118971
0.118971
0.118768
0.118362
0.117747
0.116915
0.115872
0.114595
0.113083
0.111325
0.109302
0.106998
0.104396
0.101465
0.098183
0.000000
0.000000
0.000000
0.185447
0.184263
0.184898
0.185496
0.000000
0.000000
0.000000
0.000000
0.099288
0.101799
0.104000
0.105909
0.107545
0.108925
0.110064
0.110956
0.111625
0.112070
0.112288
0.112288
0.112070
0.111625
0.110956
0.110064
0.108925
0.107545
0.105909
0.104000
0.101799
0.099288
0.000000
0.000000
0.000000
0.000000
0.185496
0.184898
0.184263
