0.163461
0.164459
0.165420
0.166327
0.167183
0.167978
0.168706
0.169374
0.169981
0.170511
0.170982
0.171394
0.171747
0.172039
0.172262
0.172429
0.172540
0.172596
0.172596
0.172540
0.172429
0.172262
0.172039
0.171747
0.171394
0.170982
0.170511
0.169981
0.169374
0.168706
0.167978
0.167183
0.166327
0.165420
0.164459
0.163461
0.166886
0.167926
0.168898
0.169809
0.170639
0.171404
0.172104
0.172717
0.173274
0.173776
0.174206
0.174568
0.174879
0.175138
0.175345
0.175500
0.175604
0.175655
0.175655
0.175604
0.175500
0.175345
0.175138
0.174879
0.174568
0.174206
0.173776
0.173274
0.172717
0.172104
0.171404
0.170639
0.169809
0.168898
0.167926
0.166886
0.170296
0.171297
0.172226
0.173062
0.173842
0.174526
0.175148
0.175717
0.176215
0.176640
0.177019
0.177350
0.177634
0.177870
0.178053
0.178181
0.178266
0.178309
0.178309
0.178266
0.178181
0.178053
0.177870
0.177634
0.177350
0.177019
0.176640
0.176215
0.175717
0.175148
0.174526
0.173842
0.173062
0.172226
0.171297
0.170296
0.173463
0.174381
0.175210
0.175987
0.176650
0.177265
0.177833
0.178318
0.178744
0.179127
0.179468
0.179766
0.180019
0.180207
0.180357
0.180470
0.180545
0.180583
0.180583
0.180545
0.180470
0.180357
0.180207
0.180019
0.179766
0.179468
0.179127
0.178744
0.178318
0.177833
0.177265
0.176650
0.175987
0.175210
0.174381
0.173463
0.176282
0.177086
0.177843
0.178498
0.179094
0.179648
0.180140
0.180554
0.180931
0.181269
0.181570
0.181834
0.182051
0.182211
0.182339
0.182435
0.182499
0.182531
0.182531
0.182499
0.182435
0.182339
0.182211
0.182051
0.181834
0.181570
0.181269
0.180931
0.180554
0.180140
0.179648
0.179094
0.178498
0.177843
0.177086
0.176282
0.178721
0.179445
0.180112
0.180677
0.181204
0.181693
0.182123
0.182475
0.182795
0.183083
0.183339
0.183563
0.183755
0.183915
0.184033
0.184106
0.184155
0.184179
0.184179
0.184155
0.184106
0.184033
0.183915
0.183755
0.183563
0.183339
0.183083
0.182795
0.182475
0.182123
0.181693
0.181204
0.180677
0.180112
0.179445
0.178721
0.180837
0.181477
0.182067
0.182548
0.182996
0.183412
0.183796
0.184113
0.184357
0.184577
0.184772
0.184943
0.185089
0.185211
0.185309
0.185382
0.185431
0.185455
0.185455
0.185431
0.185382
0.185309
0.185211
0.185089
0.184943
0.184772
0.184577
0.184357
0.184113
0.183796
0.183412
0.182996
0.182548
0.182067
0.181477
0.180837
0.182652
0.183197
0.183709
0.184144
0.184486
0.184803
0.185096
0.185365
0.185609
0.185829
0.000000
0.000000
0.000000
0.000000
0.000000
0.000000
0.000000
0.000000
0.000000
0.000000
0.000000
0.000000
0.000000
0.000000
0.000000
0.000000
0.185829
0.185609
0.185365
0.185096
0.184803
0.184486
0.184144
0.183709
0.183197
0.182652
0.184201
0.184615
0.185006
0.185372
0.185714
0.000000
0.000000
0.000000
0.000000
0.000000
0.000000
0.000000
0.000000
0.000000
0.098363
0.098863
0.099196
0.099363
0.099363
0.099196
0.098863
0.098363
0.000000
0.000000
0.000000
0.000000
0.000000
0.000000
0.000000
0.000000
0.000000
0.185714
0.185372
0.185006
0.184615
0.184201
0.185404
0.185820
0.000000
0.000000
0.000000
0.000000
0.000000
0.098419
0.100084
0.101552
0.102838
0.103954
0.104891
0.105671
0.106288
0.106746
0.107051
0.107203
0.107203
0.107051
0.106746
0.106288
0.105671
0.104891
0.103954
0.102838
0.101552
0.100084
0.098419
0.000000
0.000000
0.000000
0.000000
0.000000
0.185820
0.185404
0.000000
0.000000
0.000000
0.098144
0.100468
0.102575
0.104479
0.106190
0.107716
0.109064
0.110251
0.111272
0.112143
0.112855
0.113425
0.113852
0.114134
0.114273
0.114273
0.114134
0.113852
0.113425
0.112855
0.112143
0.111272
0.110251
0.109064
0.107716
0.106190
0.104479
0.102575
0.100468
0.098144
0.000000
0.000000
0.000000
0.098037
0.100853
0.103431
0.105784
0.107925
0.109865
0.111618
0.113194
0.114604
0.115857
0.116948
0.117900
0.118698
0.119362
0.119892
0.120283
0.120542
0.120671
0.120671
0.120542
0.120283
0.119892
0.119362
0.118698
0.117900
0.116948
0.115857
0.114604
0.113194
0.111618
0.109865
0.107925
0.105784
0.103431
0.100853
0.098037
0.105531
0.108132
0.110508
0.112679
0.114659
0.116458
0.118087
0.119547
0.120852
0.122016
0.123023
0.123904
0.124639
0.125249
0.125737
0.126099
0.126335
0.126453
0.126453
0.126335
0.126099
0.125737
0.125249
0.124639
0.123904
0.123023
0.122016
0.120852
0.119547
0.118087
0.116458
0.114659
0.112679
0.110508
0.108132
0.105531
0.112308
0.114714
0.116920
0.118937
0.120776
0.122445
0.123956
0.125300
0.126502
0.127563
0.128486
0.129279
0.129958
0.130500
0.130931
0.131255
0.131471
0.131579
0.131579
0.131471
0.131255
0.130931
0.130500
0.129958
0.129279
0.128486
0.127563
0.126502
0.125300
0.123956
0.122445
0.120776
0.118937
0.116920
0.114714
0.112308
0.118462
0.120701
0.122750
0.124619
0.126317
0.127850
0.129214
0.130439
0.131518
0.132463
0.133280
0.133995
0.134569
0.135047
0.135429
0.135716
0.135907
0.136002
0.136002
0.135907
0.135716
0.135429
0.135047
0.134569
0.133995
0.133280
0.132463
0.131518
0.130439
0.129214
0.127850
0.126317
0.124619
0.122750
0.120701
0.118462
0.124062
0.126133
0.128019
0.129718
0.131243
0.132611
0.133837
0.134899
0.135855
0.136663
0.137371
0.137991
0.138478
0.138884
0.139208
0.139451
0.139614
0.139695
0.139695
0.139614
0.139451
0.139208
0.138884
0.138478
0.137991
0.137371
0.136663
0.135855
0.134899
0.133837
0.132611
0.131243
0.129718
0.128019
0.126133
0.124062
0.129090
0.130968
0.132658
0.134178
0.135517
0.136704
0.137767
0.138679
0.139490
0.140200
0.140788
0.141303
0.141745
0.142101
0.142366
0.142565
0.142697
0.142764
0.142764
0.142697
0.142565
0.142366
0.142101
0.141745
0.141303
0.140788
0.140200
0.139490
0.138679
0.137767
0.136704
0.135517
0.134178
0.132658
0.130968
0.129090
0.133524
0.135180
0.136658
0.137987
0.139124
0.140162
0.141045
0.141854
0.142531
0.143128
0.143658
0.144109
0.144466
0.144764
0.145002
0.145181
0.145300
0.145360
0.145360
0.145300
0.145181
0.145002
0.144764
0.144466
0.144109
0.143658
0.143128
0.142531
0.141854
0.141045
0.140162
0.139124
0.137987
0.136658
0.135180
0.133524
0.137321
0.138758
0.140051
0.141155
0.142167
0.143029
0.143824
0.144497
0.145092
0.145628
0.146095
0.146472
0.146795
0.147064
0.147279
0.147441
0.147548
0.147602
0.147602
0.147548
0.147441
0.147279
0.147064
0.146795
0.146472
0.146095
0.145628
0.145092
0.144497
0.143824
0.143029
0.142167
0.141155
0.140051
0.138758
0.137321
0.140530
0.141782
0.142864
0.143858
0.144706
0.145481
0.146177
0.146769
0.147308
0.147792
0.148205
0.148551
0.148848
0.149096
0.149294
0.149442
0.149541
0.149591
0.149591
0.149541
0.149442
0.149294
0.149096
0.148848
0.148551
0.148205
0.147792
0.147308
0.146769
0.146177
0.145481
0.144706
0.143858
0.142864
0.141782
0.140530
0.143230
0.144321
0.145274
0.146152
0.146906
0.147606
0.148232
0.148776
0.149271
0.149717
0.150106
0.150434
0.150714
0.150948
0.151134
0.151275
0.151368
0.151415
0.151415
0.151368
0.151275
0.151134
0.150948
0.150714
0.150434
0.150106
0.149717
0.149271
0.148776
0.148232
0.147606
0.146906
0.146152
0.145274
0.144321
0.143230
0.145545
0.146504
0.147366
0.148160
0.148853
0.149497
0.150086
0.150600
0.151067
0.151488
0.151862
0.152185
0.152459
0.152688
0.152870
0.153007
0.153099
0.153144
0.153144
0.153099
0.153007
0.152870
0.152688
0.152459
0.152185
0.151862
0.151488
0.151067
0.150600
0.150086
0.149497
0.148853
0.148160
0.147366
0.146504
0.145545
0.147558
0.148436
0.149228
0.149971
0.150627
0.151235
0.151796
0.152303
0.152760
0.153171
0.153537
0.153857
0.154133
0.154364
0.154550
0.154689
0.154781
0.154827
0.154827
0.154781
0.154689
0.154550
0.154364
0.154133
0.153857
0.153537
0.153171
0.152760
0.152303
0.151796
0.151235
0.150627
0.149971
0.149228
0.148436
0.147558
0.149356
0.150187
0.150935
0.151636
0.152284
0.152878
0.153427
0.153930
0.154392
0.154809
0.155180
0.155504
0.155782
0.156014
0.156208
0.156353
0.156450
0.156498
0.156498
0.156450
0.156353
0.156208
0.156014
0.155782
0.155504
0.155180
0.154809
0.154392
0.153930
0.153427
0.152878
0.152284
0.151636
0.150935
0.150187
0.149356
0.151009
0.151804
0.152540
0.153226
0.153866
0.154467
0.155023
0.155533
0.155996
0.156431
0.156819
0.157157
0.157448
0.157690
0.157883
0.158030
0.158133
0.158185
0.158185
0.158133
0.158030
0.157883
0.157690
0.157448
0.157157
0.156819
0.156431
0.155996
0.155533
0.155023
0.154467
0.153866
0.153226
0.152540
0.151804
0.151009
0.152568
0.153346
0.154078
0.154774
0.155422
0.156026
0.156607
0.157140
0.157624
0.158063
0.158475
0.158836
0.159144
0.159402
0.159608
0.159762
0.159865
0.159917
0.159917
0.159865
0.159762
0.159608
0.159402
0.159144
0.158836
0.158475
0.158063
0.157624
0.157140
0.156607
0.156026
0.155422
0.154774
0.154078
0.153346
0.152568
0.154061
0.154849
0.155591
0.156299
0.156977
0.157607
0.158200
0.158766
0.159281
0.159744
0.160167
0.160552
0.160882
0.161157
0.161377
0.161542
0.161652
0.161707
0.161707
0.161652
0.161542
0.161377
0.161157
0.160882
0.160552
0.160167
0.159744
0.159281
0.158766
0.158200
0.157607
0.156977
0.156299
0.155591
0.154849
0.154061
0.155528
0.156331
0.157105
0.157832
0.158542
0.159212
0.159830
0.160424
0.160974
0.161469
0.161909
0.162312
0.162662
0.162953
0.163187
0.163361
0.163478
0.163536
0.163536
0.163478
0.163361
0.163187
0.162953
0.162662
0.162312
0.161909
0.161469
0.160974
0.160424
0.159830
0.159212
0.158542
0.157832
0.157105
0.156331
0.155528
0.156992
0.157816
0.158628
0.159401
0.160131
0.160846
0.161507
0.162119
0.162702
0.163227
0.163693
0.164105
0.164470
0.164773
0.165016
0.165199
0.165320
0.165381
0.165381
0.165320
0.165199
0.165016
0.164773
0.164470
0.164105
0.163693
0.163227
0.162702
0.162119
0.161507
0.160846
0.160131
0.159401
0.158628
0.157816
0.156992
0.158457
0.159333
0.160168
0.160994
0.161765
0.162509
0.163209
0.163850
0.164452
0.164998
0.165484
0.165910
0.166279
0.166588
0.166836
0.167021
0.167145
0.167207
0.167207
0.167145
0.167021
0.166836
0.166588
0.166279
0.165910
0.165484
0.164998
0.164452
0.163850
0.163209
0.162509
0.161765
0.160994
0.160168
0.159333
0.158457
0.159936
0.160867
0.161748
0.162608
0.163425
0.164191
0.164920
0.165588
0.166200
0.166756
0.167251
0.167684
0.168055
0.168362
0.168608
0.168792
0.168915
0.168977
0.168977
0.168915
0.168792
0.168608
0.168362
0.168055
0.167684
0.167251
0.166756
0.166200
0.165588
0.164920
0.164191
0.163425
0.162608
0.161748
0.160867
0.159936
0.161457
0.162416
0.163350
0.164235
0.165085
0.165876
0.166616
0.167296
0.167915
0.168469
0.168960
0.169391
0.169759
0.170064
0.170303
0.170481
0.170600
0.170660
0.170660
0.170600
0.170481
0.170303
0.170064
0.169759
0.169391
0.168960
0.168469
0.167915
0.167296
0.166616
0.165876
0.165085
0.164235
0.163350
0.162416
0.161457
0.162984
0.163976
0.164948
0.165859
0.166723
0.167528
0.168269
0.168945
0.169559
0.170109
0.170585
0.171002
0.171360
0.171657
0.171895
0.172070
0.172183
0.172239
0.172239
0.172183
0.172070
0.171895
0.171657
0.171360
0.171002
0.170585
0.170109
0.169559
0.168945
0.168269
0.167528
0.166723
0.165859
0.164948
0.163976
0.162984
0.164506
0.165540
0.166522
0.167450
0.168315
0.169114
0.169852
0.170512
0.171107
0.171643
0.172113
0.172508
0.172847
0.173129
0.173355
0.173524
0.173637
0.173693
0.173693
0.173637
0.173524
0.173355
0.173129
0.172847
0.172508
0.172113
0.171643
0.171107
0.170512
0.169852
0.169114
0.168315
0.167450
0.166522
0.165540
0.164506
0.166012
0.167064
0.168054
0.168977
0.169838
0.170617
0.171332
0.171987
0.172552
0.173060
0.173511
0.173906
0.174228
0.174490
0.174699
0.174856
0.174961
0.175014
0.175014
0.174961
0.174856
0.174699
0.174490
0.174228
0.173906
0.173511
0.173060
0.172552
0.171987
0.171332
0.170617
0.169838
0.168977
0.168054
0.167064
0.166012
0.167483
0.168532
0.169516
0.170425
0.171259
0.172032
0.172710
0.173330
0.173895
0.174374
0.174793
0.175160
0.175475
0.175737
0.175947
0.176095
0.176191
0.176239
0.176239
0.176191
0.176095
0.175947
0.175737
0.175475
0.175160
0.174793
0.174374
0.173895
0.173330
0.172710
0.172032
0.171259
0.170425
0.169516
0.168532
0.167483
0.168888
0.169934
0.170889
0.171783
0.172585
0.173319
0.173997
0.174573
0.175098
0.175570
0.175989
0.176325
0.176613
0.176852
0.177044
0.177187
0.177283
0.177331
0.177331
0.177283
0.177187
0.177044
0.176852
0.176613
0.176325
0.175989
0.175570
0.175098
0.174573
0.173997
0.173319
0.172585
0.171783
0.170889
0.169934
0.168888
0.170222
0.171235
0.172179
0.173026
0.173817
0.174511
0.175141
0.175717
0.176221
0.176652
0.177035
0.177371
0.177658
0.177898
0.178080
0.178210
0.178296
0.178339
0.178339
0.178296
0.178210
0.178080
0.177898
0.177658
0.177371
0.177035
0.176652
0.176221
0.175717
0.175141
0.174511
0.173817
0.173026
0.172179
0.171235
0.170222
0.171463
0.172451
0.173355
0.174187
0.174922
0.175604
0.176213
0.176740
0.177219
0.177650
0.178030
0.178332
0.178591
0.178807
0.178979
0.179109
0.179195
0.179238
0.179238
0.179195
0.179109
0.178979
0.178807
0.178591
0.178332
0.178030
0.177650
0.177219
0.176740
0.176213
0.175604
0.174922
0.174187
0.173355
0.172451
0.171463
0.172611
0.173571
0.174441
0.175228
0.175962
0.176589
0.177164
0.177691
0.178153
0.178541
0.178887
0.179189
0.179447
0.179663
0.179836
0.179965
0.180045
0.180084
0.180084
0.180045
0.179965
0.179836
0.179663
0.179447
0.179189
0.178887
0.178541
0.178153
0.177691
0.177164
0.176589
0.175962
0.175228
0.174441
0.173571
0.172611
0.173675
0.174590
0.175430
0.176198
0.176869
0.177492
0.178061
0.178536
0.178967
0.179355
0.179701
0.180002
0.180231
0.180422
0.180574
0.180689
0.180765
0.180803
0.180803
0.180765
0.180689
0.180574
0.180422
0.180231
0.180002
0.179701
0.179355
0.178967
0.178536
0.178061
0.177492
0.176869
0.176198
0.175430
0.174590
0.173675
0.174635
0.175527
0.176335
0.177055
0.177726
0.178314
0.178832
0.179307
0.179738
0.180112
0.180417
0.180684
0.180913
0.181104
0.181256
0.181370
0.181447
0.181485
0.181485
0.181447
0.181370
0.181256
0.181104
0.180913
0.180684
0.180417
0.180112
0.179738
0.179307
0.178832
0.178314
0.177726
0.177055
0.176335
0.175527
0.174635
0.175521
0.176377
0.177144
0.177864
0.178482
0.179043
0.179561
0.180032
0.180413
0.180756
0.181061
0.181328
0.181557
0.181748
0.181901
0.182013
0.182078
0.182110
0.182110
0.182078
0.182013
0.181901
0.181748
0.181557
0.181328
0.181061
0.180756
0.180413
0.180032
0.179561
0.179043
0.178482
0.177864
0.177144
0.176377
0.175521
0.176324
0.177139
0.177906
0.178563
0.179168
0.179729
0.180218
0.180638
0.181020
0.181363
0.181668
0.181935
0.182140
0.182302
0.182432
0.182529
0.182594
0.182626
0.182626
0.182594
0.182529
0.182432
0.182302
0.182140
0.181935
0.181668
0.181363
0.181020
0.180638
0.180218
0.179729
0.179168
0.178563
0.177906
0.177139
0.176324
0.177038
0.177854
0.178559
0.179207
0.179812
0.180329
0.180787
0.181207
0.181589
0.181932
0.182202
0.182429
0.182624
0.182786
0.182916
0.183013
0.183078
0.183110
0.183110
0.183078
0.183013
0.182916
0.182786
0.182624
0.182429
0.182202
0.181932
0.181589
0.181207
0.180787
0.180329
0.179812
0.179207
0.178559
0.177854
0.177038
0.177705
0.178469
0.179160
0.179808
0.180365
0.180861
0.181319
0.181739
0.182102
0.182394
0.182654
0.182881
0.183076
0.183238
0.183368
0.183465
0.183530
0.183563
0.183563
0.183530
0.183465
0.183368
0.183238
0.183076
0.182881
0.182654
0.182394
0.182102
0.181739
0.181319
0.180861
0.180365
0.179808
0.179160
0.178469
0.177705
0.178293
0.179027
0.179718
0.180324
0.180858
0.181355
0.181813
0.182198
0.182522
0.182814
0.183074
0.183301
0.183496
0.183658
0.183788
0.183886
0.183951
0.183983
0.183983
0.183951
0.183886
0.183788
0.183658
0.183496
0.183301
0.183074
0.182814
0.182522
0.182198
0.181813
0.181355
0.180858
0.180324
0.179718
0.179027
0.178293
0.178808
0.179543
0.180207
0.180780
0.181314
0.181811
0.182229
0.182586
0.182910
0.183203
0.183462
0.183690
0.183884
0.184036
0.184135
0.184209
0.184258
0.184283
0.184283
0.184258
0.184209
0.184135
0.184036
0.183884
0.183690
0.183462
0.183203
0.182910
0.182586
0.182229
0.181811
0.181314
0.180780
0.180207
0.179543
0.178808
0.179281
0.180014
0.180625
0.181198
0.181733
0.182195
0.182585
0.182942
0.183266
0.183559
0.183819
0.184035
0.184183
0.184307
0.184406
0.184480
0.184530
0.184555
0.184555
0.184530
0.184480
0.184406
0.184307
0.184183
0.184035
0.183819
0.183559
0.183266
0.182942
0.182585
0.182195
0.181733
0.181198
0.180625
0.180014
0.179281
0.179712
0.180395
0.181006
0.181579
0.182097
0.182519
0.182908
0.183266
0.183591
0.183883
0.184109
0.184282
0.184431
0.184554
0.184653
0.184728
0.184777
0.184802
0.184802
0.184777
0.184728
0.184653
0.184554
0.184431
0.184282
0.184109
0.183883
0.183591
0.183266
0.182908
0.182519
0.182097
0.181579
0.181006
0.180395
0.179712
0.180088
0.180737
0.181349
0.181922
0.182388
0.182811
0.183200
0.183558
0.183883
0.184133
0.184331
0.184505
0.184653
0.184777
0.184876
0.184951
0.185000
0.185025
0.185025
0.185000
0.184951
0.184876
0.184777
0.184653
0.184505
0.184331
0.184133
0.183883
0.183558
0.183200
0.182811
0.182388
0.181922
0.181349
0.180737
0.180088
0.180393
0.181042
0.181654
0.182193
0.182648
0.183070
0.183460
0.183818
0.184109
0.184332
0.184530
0.184703
0.184852
0.184976
0.185075
0.185149
0.185198
0.185223
0.185223
0.185198
0.185149
0.185075
0.184976
0.184852
0.184703
0.184530
0.184332
0.184109
0.183818
0.183460
0.183070
0.182648
0.182193
0.181654
0.181042
0.180393
0.180660
0.181310
0.181921
0.182421
0.182876
0.183298
0.183688
0.184035
0.184282
0.184505
0.184704
0.184877
0.185026
0.185149
0.185249
0.185323
0.185372
0.185397
0.185397
0.185372
0.185323
0.185249
0.185149
0.185026
0.184877
0.184704
0.184505
0.184282
0.184035
0.183688
0.183298
0.182876
0.182421
0.181921
0.181310
0.180660
0.180889
0.181539
0.182128
0.182616
0.183071
0.183494
0.183884
0.184184
0.184432
0.184655
0.184853
0.185026
0.185175
0.185299
0.185398
0.185472
0.185522
0.185547
0.185547
0.185522
0.185472
0.185398
0.185299
0.185175
0.185026
0.184853
0.184655
0.184432
0.184184
0.183884
0.183494
0.183071
0.182616
0.182128
0.181539
0.180889
0.181081
0.181731
0.182292
0.182779
0.183234
0.183657
0.184036
0.184309
0.184557
0.184780
0.184978
0.185151
0.185300
0.185424
0.185523
0.185597
0.185647
0.185672
0.185672
0.185647
0.185597
0.185523
0.185424
0.185300
0.185151
0.184978
0.184780
0.184557
0.184309
0.184036
0.183657
0.183234
0.182779
0.182292
0.181731
0.181081
0.181235
0.181885
0.182423
0.182910
0.183366
0.183789
0.184136
0.184409
0.184657
0.184880
0.185078
0.185252
0.185400
0.185524
0.185624
0.185698
0.185748
0.185772
0.185772
0.185748
0.185698
0.185624
0.185524
0.185400
0.185252
0.185078
0.184880
0.184657
0.184409
0.184136
0.183789
0.183366
0.182910
0.182423
0.181885
0.181235
0.181351
0.182001
0.182522
0.183010
0.183465
0.183888
0.184212
0.184485
0.184733
0.184956
0.185154
0.185328
0.185476
0.185600
0.185700
0.185774
0.185824
0.185848
0.185848
0.185824
0.185774
0.185700
0.185600
0.185476
0.185328
0.185154
0.184956
0.184733
0.184485
0.184212
0.183888
0.183465
0.183010
0.182522
0.182001
0.181351
0.181429
0.182068
0.182588
0.183076
0.183532
0.183955
0.184263
0.184536
0.184784
0.185007
0.185206
0.185379
0.185528
0.185652
0.185751
0.185826
0.185875
0.185900
0.185900
0.185875
0.185826
0.185751
0.185652
0.185528
0.185379
0.185206
0.185007
0.184784
0.184536
0.184263
0.183955
0.183532
0.183076
0.182588
0.182068
0.181429
0.181470
0.182102
0.182623
0.183111
0.183567
0.183990
0.184290
0.184563
0.184811
0.185034
0.185232
0.185406
0.185555
0.185679
0.185778
0.185853
0.185902
0.185927
0.185927
0.185902
0.185853
0.185778
0.185679
0.185555
0.185406
0.185232
0.185034
0.184811
0.184563
0.184290
0.183990
0.183567
0.183111
0.182623
0.182102
0.181470
0.181472
0.182105
0.182625
0.183114
0.183569
0.183992
0.184292
0.184565
0.184813
0.185036
0.185235
0.185408
0.185557
0.185681
0.185781
0.185855
0.185905
0.185929
0.185929
0.185905
0.185855
0.185781
0.185681
0.185557
0.185408
0.185235
0.185036
0.184813
0.184565
0.184292
0.183992
0.183569
0.183114
0.182625
0.182105
0.181472
0.181437
0.182075
0.182596
0.183084
0.183540
0.183963
0.184269
0.184542
0.184791
0.185014
0.185212
0.185386
0.185535
0.185659
0.185758
0.185833
0.185882
0.185907
0.185907
0.185882
0.185833
0.185758
0.185659
0.185535
0.185386
0.185212
0.185014
0.184791
0.184542
0.184269
0.183963
0.183540
0.183084
0.182596
0.182075
0.181437
0.181364
0.182013
0.182534
0.183022
0.183478
0.183901
0.184222
0.184495
0.184744
0.184967
0.185166
0.185339
0.185488
0.185612
0.185712
0.185786
0.185836
0.185861
0.185861
0.185836
0.185786
0.185712
0.185612
0.185488
0.185339
0.185166
0.184967
0.184744
0.184495
0.184222
0.183901
0.183478
0.183022
0.182534
0.182013
0.181364
0.181253
0.181904
0.182439
0.182928
0.183384
0.183807
0.184151
0.184424
0.184672
0.184896
0.185094
0.185268
0.185417
0.185541
0.185640
0.185715
0.185764
0.185789
0.185789
0.185764
0.185715
0.185640
0.185541
0.185417
0.185268
0.185094
0.184896
0.184672
0.184424
0.184151
0.183807
0.183384
0.182928
0.182439
0.181904
0.181253
0.181103
0.181755
0.182313
0.182801
0.183257
0.183681
0.184055
0.184328
0.184576
0.184799
0.184998
0.185172
0.185321
0.185445
0.185544
0.185619
0.185669
0.185693
0.185693
0.185669
0.185619
0.185544
0.185445
0.185321
0.185172
0.184998
0.184799
0.184576
0.184328
0.184055
0.183681
0.183257
0.182801
0.182313
0.181755
0.181103
0.180916
0.181568
0.182154
0.182642
0.183098
0.183522
0.183913
0.184207
0.184455
0.184679
0.184877
0.185051
0.185200
0.185324
0.185424
0.185498
0.185548
0.185573
0.185573
0.185548
0.185498
0.185424
0.185324
0.185200
0.185051
0.184877
0.184679
0.184455
0.184207
0.183913
0.183522
0.183098
0.182642
0.182154
0.181568
0.180916
0.180691
0.181343
0.181956
0.182451
0.182907
0.183331
0.183722
0.184061
0.184310
0.184533
0.184732
0.184906
0.185055
0.185179
0.185279
0.185353
0.185403
0.185428
0.185428
0.185403
0.185353
0.185279
0.185179
0.185055
0.184906
0.184732
0.184533
0.184310
0.184061
0.183722
0.183331
0.182907
0.182451
0.181956
0.181343
0.180691
0.180428
0.181079
0.181693
0.182228
0.182684
0.183108
0.183499
0.183857
0.184140
0.184363
0.184562
0.184736
0.184885
0.185009
0.185109
0.185183
0.185233
0.185258
0.185258
0.185233
0.185183
0.185109
0.185009
0.184885
0.184736
0.184562
0.184363
0.184140
0.183857
0.183499
0.183108
0.182684
0.182228
0.181693
0.181079
0.180428
0.180126
0.180778
0.181392
0.181967
0.182428
0.182852
0.183243
0.183602
0.183928
0.184169
0.184367
0.184541
0.184690
0.184815
0.184914
0.184989
0.185038
0.185063
0.185063
0.185038
0.184989
0.184914
0.184815
0.184690
0.184541
0.184367
0.184169
0.183928
0.183602
0.183243
0.182852
0.182428
0.181967
0.181392
0.180778
0.180126
0.179759
0.180439
0.181053
0.181628
0.182140
0.182564
0.182955
0.183314
0.183640
0.183933
0.184148
0.184322
0.184471
0.184595
0.184695
0.184769
0.184819
0.184844
0.184844
0.184819
0.184769
0.184695
0.184595
0.184471
0.184322
0.184148
0.183933
0.183640
0.183314
0.182955
0.182564
0.182140
0.181628
0.181053
0.180439
0.179759
0.179332
0.180062
0.180675
0.181251
0.181788
0.182243
0.182635
0.182994
0.183320
0.183613
0.183874
0.184078
0.184227
0.184352
0.184451
0.184526
0.184575
0.184600
0.184600
0.184575
0.184526
0.184451
0.184352
0.184227
0.184078
0.183874
0.183613
0.183320
0.182994
0.182635
0.182243
0.181788
0.181251
0.180675
0.180062
0.179332
0.178861
0.179599
0.180260
0.180835
0.181372
0.181871
0.182282
0.182641
0.182967
0.183261
0.183522
0.183750
0.183946
0.184083
0.184182
0.184257
0.184307
0.184332
0.184332
0.184307
0.184257
0.184182
0.184083
0.183946
0.183750
0.183522
0.183261
0.182967
0.182641
0.182282
0.181871
0.181372
0.180835
0.180260
0.179599
0.178861
0.178348
0.179086
0.179781
0.180382
0.180919
0.181418
0.181879
0.182256
0.182582
0.182875
0.183137
0.183365
0.183561
0.183724
0.183854
0.183952
0.184013
0.184038
0.184038
0.184013
0.183952
0.183854
0.183724
0.183561
0.183365
0.183137
0.182875
0.182582
0.182256
0.181879
0.181418
0.180919
0.180382
0.179781
0.179086
0.178348
0.177768
0.178529
0.179224
0.179876
0.180428
0.180927
0.181387
0.181809
0.182164
0.182458
0.182719
0.182947
0.183143
0.183306
0.183437
0.183535
0.183600
0.183633
0.183633
0.183600
0.183535
0.183437
0.183306
0.183143
0.182947
0.182719
0.182458
0.182164
0.181809
0.181387
0.180927
0.180428
0.179876
0.179224
0.178529
0.177768
0.177101
0.177922
0.178625
0.179276
0.179885
0.180397
0.180858
0.181280
0.181664
0.182008
0.182269
0.182498
0.182693
0.182857
0.182987
0.183085
0.183150
0.183183
0.183183
0.183150
0.183085
0.182987
0.182857
0.182693
0.182498
0.182269
0.182008
0.181664
0.181280
0.180858
0.180397
0.179885
0.179276
0.178625
0.177922
0.177101
0.176387
0.177207
0.177980
0.178633
0.179242
0.179807
0.180290
0.180712
0.181096
0.181442
0.181749
0.182015
0.182211
0.182374
0.182505
0.182603
0.182668
0.182701
0.182701
0.182668
0.182603
0.182505
0.182374
0.182211
0.182015
0.181749
0.181442
0.181096
0.180712
0.180290
0.179807
0.179242
0.178633
0.177980
0.177207
0.176387
0.175588
0.176445
0.177217
0.177941
0.178556
0.179121
0.179642
0.180106
0.180490
0.180836
0.181143
0.181412
0.181643
0.181835
0.181988
0.182088
0.182153
0.182186
0.182186
0.182153
0.182088
0.181988
0.181835
0.181643
0.181412
0.181143
0.180836
0.180490
0.180106
0.179642
0.179121
0.178556
0.177941
0.177217
0.176445
0.175588
0.174701
0.175599
0.176407
0.177131
0.177807
0.178392
0.178913
0.179391
0.179826
0.180192
0.180499
0.180768
0.180999
0.181191
0.181344
0.181460
0.181536
0.181575
0.181575
0.181536
0.181460
0.181344
0.181191
0.180999
0.180768
0.180499
0.180192
0.179826
0.179391
0.178913
0.178392
0.177807
0.177131
0.176407
0.175599
0.174701
0.173742
0.174659
0.175505
0.176272
0.176949
0.177577
0.178141
0.178619
0.179054
0.179445
0.179793
0.180086
0.180316
0.180509
0.180662
0.180777
0.180854
0.180893
0.180893
0.180854
0.180777
0.180662
0.180509
0.180316
0.180086
0.179793
0.179445
0.179054
0.178619
0.178141
0.177577
0.176949
0.176272
0.175505
0.174659
0.173742
0.172672
0.173641
0.174512
0.175306
0.176042
0.176670
0.177250
0.177781
0.178238
0.178629
0.178977
0.179282
0.179543
0.179760
0.179934
0.180057
0.180134
0.180172
0.180172
0.180134
0.180057
0.179934
0.179760
0.179543
0.179282
0.178977
0.178629
0.178238
0.177781
0.177250
0.176670
0.176042
0.175306
0.174512
0.173641
0.172672
0.171521
0.172515
0.173426
0.174260
0.175001
0.175689
0.176295
0.176827
0.177310
0.177745
0.178119
0.178423
0.178684
0.178901
0.179075
0.179206
0.179293
0.179336
0.179336
0.179293
0.179206
0.179075
0.178901
0.178684
0.178423
0.178119
0.177745
0.177310
0.176827
0.176295
0.175689
0.175001
0.174260
0.173426
0.172515
0.171521
0.170272
0.171295
0.172243
0.173098
0.173895
0.174591
0.175226
0.175808
0.176308
0.176742
0.177129
0.177468
0.177758
0.177999
0.178173
0.178304
0.178391
0.178434
0.178434
0.178391
0.178304
0.178173
0.177999
0.177758
0.177468
0.177129
0.176742
0.176308
0.175808
0.175226
0.174591
0.173895
0.173098
0.172243
0.171295
0.170272
0.168930
0.169985
0.170948
0.171851
0.172656
0.173397
0.174075
0.174657
0.175186
0.175663
0.176078
0.176417
0.176707
0.176949
0.177142
0.177287
0.177384
0.177432
0.177432
0.177384
0.177287
0.177142
0.176949
0.176707
0.176417
0.176078
0.175663
0.175186
0.174657
0.174075
0.173397
0.172656
0.171851
0.170948
0.169985
0.168930
0.167513
0.168572
0.169566
0.170482
0.171324
0.172101
0.172785
0.173412
0.173982
0.174459
0.174883
0.175253
0.175571
0.175836
0.176043
0.176188
0.176285
0.176333
0.176333
0.176285
0.176188
0.176043
0.175836
0.175571
0.175253
0.174883
0.174459
0.173982
0.173412
0.172785
0.172101
0.171324
0.170482
0.169566
0.168572
0.167513
0.166028
0.167091
0.168091
0.169023
0.169893
0.170678
0.171400
0.172059
0.172629
0.173142
0.173598
0.173997
0.174315
0.174580
0.174792
0.174950
0.175056
0.175109
0.175109
0.175056
0.174950
0.174792
0.174580
0.174315
0.173997
0.173598
0.173142
0.172629
0.172059
0.171400
0.170678
0.169893
0.169023
0.168091
0.167091
0.166028
0.164507
0.165552
0.166544
0.167483
0.168356
0.169164
0.169909
0.170574
0.171176
0.171718
0.172189
0.172588
0.172930
0.173215
0.173443
0.173614
0.173728
0.173785
0.173785
0.173728
0.173614
0.173443
0.173215
0.172930
0.172588
0.172189
0.171718
0.171176
0.170574
0.169909
0.169164
0.168356
0.167483
0.166544
0.165552
0.164507
0.162968
0.163971
0.164953
0.165875
0.166749
0.167562
0.168311
0.168994
0.169616
0.170170
0.170651
0.171073
0.171434
0.171735
0.171976
0.172148
0.172262
0.172319
0.172319
0.172262
0.172148
0.171976
0.171735
0.171434
0.171073
0.170651
0.170170
0.169616
0.168994
0.168311
0.167562
0.166749
0.165875
0.164953
0.163971
0.162968
0.161425
0.162394
0.163338
0.164232
0.165093
0.165892
0.166641
0.167329
0.167955
0.168515
0.169012
0.169447
0.169820
0.170127
0.170368
0.170548
0.170669
0.170729
0.170729
0.170669
0.170548
0.170368
0.170127
0.169820
0.169447
0.169012
0.168515
0.167955
0.167329
0.166641
0.165892
0.165093
0.164232
0.163338
0.162394
0.161425
0.159888
0.160827
0.161718
0.162587
0.163413
0.164188
0.164926
0.165602
0.166221
0.166784
0.167285
0.167723
0.168098
0.168409
0.168658
0.168844
0.168968
0.169031
0.169031
0.168968
0.168844
0.168658
0.168409
0.168098
0.167723
0.167285
0.166784
0.166221
0.165602
0.164926
0.164188
0.163413
0.162587
0.161718
0.160827
0.159888
0.158389
0.159276
0.160118
0.160954
0.161734
0.162486
0.163194
0.163843
0.164452
0.165005
0.165497
0.165928
0.166302
0.166615
0.166865
0.167053
0.167179
0.167241
0.167241
0.167179
0.167053
0.166865
0.166615
0.166302
0.165928
0.165497
0.165005
0.164452
0.163843
0.163194
0.162486
0.161734
0.160954
0.160118
0.159276
0.158389
0.156908
0.157742
0.158560
0.159343
0.160078
0.160803
0.161471
0.162089
0.162680
0.163211
0.163684
0.164101
0.164470
0.164778
0.165024
0.165208
0.165331
0.165393
0.165393
0.165331
0.165208
0.165024
0.164778
0.164470
0.164101
0.163684
0.163211
0.162680
0.162089
0.161471
0.160803
0.160078
0.159343
0.158560
0.157742
0.156908
0.155426
0.156235
0.157020
0.157756
0.158471
0.159149
0.159775
0.160373
0.160931
0.161432
0.161878
0.162284
0.162639
0.162934
0.163170
0.163348
0.163466
0.163525
0.163525
0.163466
0.163348
0.163170
0.162934
0.162639
0.162284
0.161878
0.161432
0.160931
0.160373
0.159775
0.159149
0.158471
0.157756
0.157020
0.156235
0.155426
0.153937
0.154735
0.155487
0.156200
0.156887
0.157525
0.158121
0.158695
0.159217
0.159687
0.160112
0.160502
0.160836
0.161115
0.161338
0.161505
0.161617
0.161673
0.161673
0.161617
0.161505
0.161338
0.161115
0.160836
0.160502
0.160112
0.159687
0.159217
0.158695
0.158121
0.157525
0.156887
0.156200
0.155487
0.154735
0.153937
0.152420
0.153208
0.153950
0.154654
0.155312
0.155923
0.156509
0.157049
0.157540
0.157982
0.158398
0.158763
0.159077
0.159338
0.159547
0.159703
0.159808
0.159860
0.159860
0.159808
0.159703
0.159547
0.159338
0.159077
0.158763
0.158398
0.157982
0.157540
0.157049
0.156509
0.155923
0.155312
0.154654
0.153950
0.153208
0.152420
0.150831
0.151637
0.152387
0.153083
0.153732
0.154340
0.154904
0.155421
0.155891
0.156328
0.156721
0.157064
0.157359
0.157604
0.157801
0.157948
0.158049
0.158101
0.158101
0.158049
0.157948
0.157801
0.157604
0.157359
0.157064
0.156721
0.156328
0.155891
0.155421
0.154904
0.154340
0.153732
0.153083
0.152387
0.151637
0.150831
0.149136
0.149990
0.150750
0.151462
0.152123
0.152726
0.153283
0.153793
0.154260
0.154683
0.155059
0.155389
0.155671
0.155906
0.156098
0.156245
0.156343
0.156393
0.156393
0.156343
0.156245
0.156098
0.155906
0.155671
0.155389
0.155059
0.154683
0.154260
0.153793
0.153283
0.152726
0.152123
0.151462
0.150750
0.149990
0.149136
0.147283
0.148196
0.149000
0.149754
0.150432
0.151049
0.151619
0.152137
0.152601
0.153019
0.153390
0.153715
0.153993
0.154228
0.154416
0.154557
0.154651
0.154698
0.154698
0.154651
0.154557
0.154416
0.154228
0.153993
0.153715
0.153390
0.153019
0.152601
0.152137
0.151619
0.151049
0.150432
0.149754
0.149000
0.148196
0.147283
0.145198
0.146205
0.147080
0.147901
0.148613
0.149267
0.149870
0.150399
0.150874
0.151301
0.151681
0.152013
0.152292
0.152524
0.152709
0.152848
0.152941
0.152988
0.152988
0.152941
0.152848
0.152709
0.152524
0.152292
0.152013
0.151681
0.151301
0.150874
0.150399
0.149870
0.149267
0.148613
0.147901
0.147080
0.146205
0.145198
0.142794
0.143939
0.144914
0.145822
0.146605
0.147316
0.147973
0.148528
0.149031
0.149484
0.149886
0.150225
0.150510
0.150747
0.150937
0.151079
0.151174
0.151222
0.151222
0.151174
0.151079
0.150937
0.150747
0.150510
0.150225
0.149886
0.149484
0.149031
0.148528
0.147973
0.147316
0.146605
0.145822
0.144914
0.143939
0.142794
0.139985
0.141258
0.142410
0.143421
0.144327
0.145114
0.145841
0.146458
0.147005
0.147498
0.147936
0.148293
0.148595
0.148846
0.149048
0.149199
0.149299
0.149349
0.149349
0.149299
0.149199
0.149048
0.148846
0.148595
0.148293
0.147936
0.147498
0.147005
0.146458
0.145841
0.145114
0.144327
0.143421
0.142410
0.141258
0.139985
0.136591
0.138112
0.139433
0.140608
0.141656
0.142566
0.143375
0.144104
0.144710
0.145255
0.145739
0.146148
0.146476
0.146750
0.146969
0.147133
0.147242
0.147297
0.147297
0.147242
0.147133
0.146969
0.146750
0.146476
0.146148
0.145739
0.145255
0.144710
0.144104
0.143375
0.142566
0.141656
0.140608
0.139433
0.138112
0.136591
0.132589
0.134333
0.135890
0.137250
0.138468
0.139541
0.140482
0.141306
0.142049
0.142655
0.143195
0.143666
0.144064
0.144366
0.144609
0.144790
0.144912
0.144972
0.144972
0.144912
0.144790
0.144609
0.144366
0.144064
0.143666
0.143195
0.142655
0.142049
0.141306
0.140482
0.139541
0.138468
0.137250
0.135890
0.134333
0.132589
0.127942
0.129904
0.131668
0.133245
0.134655
0.135921
0.137008
0.137999
0.138825
0.139568
0.140207
0.140731
0.141181
0.141555
0.141854
0.142071
0.142206
0.142273
0.142273
0.142206
0.142071
0.141854
0.141555
0.141181
0.140731
0.140207
0.139568
0.138825
0.137999
0.137008
0.135921
0.134655
0.133245
0.131668
0.129904
0.127942
0.122664
0.124818
0.126779
0.128557
0.130163
0.131593
0.132862
0.134006
0.134979
0.135855
0.136587
0.137218
0.137759
0.138192
0.138522
0.138770
0.138935
0.139018
0.139018
0.138935
0.138770
0.138522
0.138192
0.137759
0.137218
0.136587
0.135855
0.134979
0.134006
0.132862
0.131593
0.130163
0.128557
0.126779
0.124818
0.122664
0.116816
0.119143
0.121274
0.123217
0.124981
0.126577
0.128018
0.129286
0.130419
0.131409
0.132273
0.133001
0.133625
0.134135
0.134525
0.134817
0.135012
0.135109
0.135109
0.135012
0.134817
0.134525
0.134135
0.133625
0.133001
0.132273
0.131409
0.130419
0.129286
0.128018
0.126577
0.124981
0.123217
0.121274
0.119143
0.116816
0.110375
0.112881
0.115177
0.117275
0.119186
0.120921
0.122489
0.123900
0.125146
0.126257
0.127217
0.128056
0.128748
0.129325
0.129786
0.130126
0.130346
0.130456
0.130456
0.130346
0.130126
0.129786
0.129325
0.128748
0.128056
0.127217
0.126257
0.125146
0.123900
0.122489
0.120921
0.119186
0.117275
0.115177
0.112881
0.110375
0.103255
0.105976
0.108455
0.110719
0.112782
0.114655
0.116350
0.117874
0.119230
0.120437
0.121491
0.122403
0.123173
0.123814
0.124317
0.124691
0.124939
0.125064
0.125064
0.124939
0.124691
0.124317
0.123814
0.123173
0.122403
0.121491
0.120437
0.119230
0.117874
0.116350
0.114655
0.112782
0.110719
0.108455
0.105976
0.103255
0.000000
0.098308
0.101006
0.103469
0.105708
0.107737
0.109568
0.111214
0.112684
0.113992
0.115128
0.116118
0.116950
0.117644
0.118193
0.118599
0.118870
0.119005
0.119005
0.118870
0.118599
0.118193
0.117644
0.116950
0.116118
0.115128
0.113992
0.112684
0.111214
0.109568
0.107737
0.105708
0.103469
0.101006
0.098308
0.000000
0.000000
0.000000
0.000000
0.000000
0.000000
0.100062
0.102057
0.103847
0.105442
0.106855
0.108098
0.109163
0.110074
0.110817
0.111412
0.111858
0.112152
0.112297
0.112297
0.112152
0.111858
0.111412
0.110817
0.110074
0.109163
0.108098
0.106855
0.105442
0.103847
0.102057
0.100062
0.000000
0.000000
0.000000
0.000000
0.000000
