0.129557
0.132322
0.134731
0.136823
0.138631
0.140198
0.141526
0.142670
0.143667
0.144507
0.145224
0.145851
0.146351
0.146756
0.147080
0.147324
0.147486
0.147567
0.147567
0.147486
0.147324
0.147080
0.146756
0.146351
0.145851
0.145224
0.144507
0.143667
0.142670
0.141526
0.140198
0.138631
0.136823
0.134731
0.132322
0.129557
0.132859
0.135378
0.137557
0.139426
0.141030
0.142423
0.143619
0.144644
0.145540
0.146313
0.146962
0.147529
0.148014
0.148386
0.148684
0.148907
0.149056
0.149131
0.149131
0.149056
0.148907
0.148684
0.148386
0.148014
0.147529
0.146962
0.146313
0.145540
0.144644
0.143619
0.142423
0.141030
0.139426
0.137557
0.135378
0.132859
0.135740
0.138023
0.139978
0.141642
0.143074
0.144333
0.145409
0.146357
0.147168
0.147897
0.148501
0.149023
0.149470
0.149842
0.150132
0.150343
0.150484
0.150554
0.150554
0.150484
0.150343
0.150132
0.149842
0.149470
0.149023
0.148501
0.147897
0.147168
0.146357
0.145409
0.144333
0.143074
0.141642
0.139978
0.138023
0.135740
0.138210
0.140260
0.142030
0.143527
0.144830
0.145996
0.146969
0.147861
0.148618
0.149288
0.149884
0.150383
0.150805
0.151157
0.151439
0.151650
0.151790
0.151861
0.151861
0.151790
0.151650
0.151439
0.151157
0.150805
0.150383
0.149884
0.149288
0.148618
0.147861
0.146969
0.145996
0.144830
0.143527
0.142030
0.140260
0.138210
0.140320
0.142184
0.143781
0.145149
0.146366
0.147421
0.148362
0.149182
0.149927
0.150565
0.151128
0.151620
0.152042
0.152386
0.152661
0.152867
0.153005
0.153074
0.153074
0.153005
0.152867
0.152661
0.152386
0.152042
0.151620
0.151128
0.150565
0.149927
0.149182
0.148362
0.147421
0.146366
0.145149
0.143781
0.142184
0.140320
0.142140
0.143838
0.145290
0.146575
0.147711
0.148703
0.149598
0.150395
0.151099
0.151732
0.152289
0.152771
0.153184
0.153528
0.153803
0.154010
0.154149
0.154219
0.154219
0.154149
0.154010
0.153803
0.153528
0.153184
0.152771
0.152289
0.151732
0.151099
0.150395
0.149598
0.148703
0.147711
0.146575
0.145290
0.143838
0.142140
0.143695
0.145252
0.146622
0.147839
0.148896
0.149866
0.150719
0.151493
0.152193
0.152813
0.153363
0.153845
0.154262
0.154611
0.154890
0.155099
0.155239
0.155309
0.155309
0.155239
0.155099
0.154890
0.154611
0.154262
0.153845
0.153363
0.152813
0.152193
0.151493
0.150719
0.149866
0.148896
0.147839
0.146622
0.145252
0.143695
0.145035
0.146508
0.147806
0.148941
0.149986
0.150902
0.151748
0.152511
0.153199
0.153819
0.154375
0.154864
0.155283
0.155632
0.155911
0.156126
0.156272
0.156345
0.156345
0.156272
0.156126
0.155911
0.155632
0.155283
0.154864
0.154375
0.153819
0.153199
0.152511
0.151748
0.150902
0.149986
0.148941
0.147806
0.146508
0.145035
0.146232
0.147612
0.148838
0.149957
0.150946
0.151862
0.152692
0.153449
0.154140
0.154769
0.155327
0.155816
0.156246
0.156610
0.156902
0.157121
0.157267
0.157340
0.157340
0.157267
0.157121
0.156902
0.156610
0.156246
0.155816
0.155327
0.154769
0.154140
0.153449
0.152692
0.151862
0.150946
0.149957
0.148838
0.147612
0.146232
0.147256
0.148585
0.149780
0.150849
0.151836
0.152736
0.153562
0.154325
0.155023
0.155652
0.156220
0.156731
0.157169
0.157534
0.157826
0.158048
0.158203
0.158280
0.158280
0.158203
0.158048
0.157826
0.157534
0.157169
0.156731
0.156220
0.155652
0.155023
0.154325
0.153562
0.152736
0.151836
0.150849
0.149780
0.148585
0.147256
0.148184
0.149454
0.150612
0.151670
0.152642
0.153538
0.154371
0.155139
0.155838
0.156488
0.157072
0.157583
0.158022
0.158410
0.158721
0.158953
0.159109
0.159186
0.159186
0.159109
0.158953
0.158721
0.158410
0.158022
0.157583
0.157072
0.156488
0.155838
0.155139
0.154371
0.153538
0.152642
0.151670
0.150612
0.149454
0.148184
0.148979
0.150235
0.151363
0.152412
0.153377
0.154277
0.155116
0.155885
0.156610
0.157267
0.157851
0.158385
0.158851
0.159240
0.159550
0.159783
0.159939
0.160017
0.160017
0.159939
0.159783
0.159550
0.159240
0.158851
0.158385
0.157851
0.157267
0.156610
0.155885
0.155116
0.154277
0.153377
0.152412
0.151363
0.150235
0.148979
0.149700
0.150916
0.152044
0.153078
0.154045
0.154954
0.155793
0.156587
0.157317
0.157975
0.158594
0.159138
0.159604
0.159993
0.160324
0.160573
0.160739
0.160822
0.160822
0.160739
0.160573
0.160324
0.159993
0.159604
0.159138
0.158594
0.157975
0.157317
0.156587
0.155793
0.154954
0.154045
0.153078
0.152044
0.150916
0.149700
0.150328
0.151528
0.152642
0.153677
0.154652
0.155561
0.156418
0.157222
0.157953
0.158649
0.159271
0.159815
0.160300
0.160715
0.161047
0.161296
0.161462
0.161545
0.161545
0.161462
0.161296
0.161047
0.160715
0.160300
0.159815
0.159271
0.158649
0.157953
0.157222
0.156418
0.155561
0.154652
0.153677
0.152642
0.151528
0.150328
0.150870
0.152069
0.153173
0.154211
0.155190
0.156104
0.156981
0.157785
0.158549
0.159249
0.159870
0.160443
0.160941
0.161356
0.161688
0.161938
0.162110
0.162198
0.162198
0.162110
0.161938
0.161688
0.161356
0.160941
0.160443
0.159870
0.159249
0.158549
0.157785
0.156981
0.156104
0.155190
0.154211
0.153173
0.152069
0.150870
0.151342
0.152531
0.153635
0.154680
0.155660
0.156595
0.157472
0.158294
0.159072
0.159771
0.160420
0.161002
0.161500
0.161916
0.162263
0.162527
0.162703
0.162791
0.162791
0.162703
0.162527
0.162263
0.161916
0.161500
0.161002
0.160420
0.159771
0.159072
0.158294
0.157472
0.156595
0.155660
0.154680
0.153635
0.152531
0.151342
0.151745
0.152925
0.154030
0.155080
0.156063
0.157014
0.157891
0.158740
0.159518
0.160233
0.160897
0.161479
0.161977
0.162416
0.162769
0.163033
0.163209
0.163297
0.163297
0.163209
0.163033
0.162769
0.162416
0.161977
0.161479
0.160897
0.160233
0.159518
0.158740
0.157891
0.157014
0.156063
0.155080
0.154030
0.152925
0.151745
0.152076
0.153251
0.154361
0.155411
0.156409
0.157360
0.158253
0.159109
0.159887
0.160627
0.161292
0.161874
0.162395
0.162835
0.163188
0.163452
0.163628
0.163716
0.163716
0.163628
0.163452
0.163188
0.162835
0.162395
0.161874
0.161292
0.160627
0.159887
0.159109
0.158253
0.157360
0.156409
0.155411
0.154361
0.153251
0.152076
0.152334
0.153508
0.154622
0.155673
0.156683
0.157634
0.158545
0.159401
0.160192
0.160940
0.161605
0.162198
0.162727
0.163167
0.163520
0.163784
0.163960
0.164050
0.164050
0.163960
0.163784
0.163520
0.163167
0.162727
0.162198
0.161605
0.160940
0.160192
0.159401
0.158545
0.157634
0.156683
0.155673
0.154622
0.153508
0.152334
0.152523
0.153698
0.154815
0.155866
0.156885
0.157836
0.158760
0.159616
0.160422
0.161170
0.161836
0.162443
0.162972
0.163412
0.163765
0.164030
0.164214
0.164306
0.164306
0.164214
0.164030
0.163765
0.163412
0.162972
0.162443
0.161836
0.161170
0.160422
0.159616
0.158760
0.157836
0.156885
0.155866
0.154815
0.153698
0.152523
0.152643
0.153819
0.154938
0.155989
0.157014
0.157966
0.158898
0.159755
0.160570
0.161319
0.161984
0.162600
0.163129
0.163570
0.163923
0.164195
0.164379
0.164471
0.164471
0.164379
0.164195
0.163923
0.163570
0.163129
0.162600
0.161984
0.161319
0.160570
0.159755
0.158898
0.157966
0.157014
0.155989
0.154938
0.153819
0.152643
0.152696
0.153872
0.154992
0.156045
0.157071
0.158024
0.158959
0.159816
0.160636
0.161385
0.162053
0.162671
0.163200
0.163641
0.163994
0.164269
0.164453
0.164544
0.164544
0.164453
0.164269
0.163994
0.163641
0.163200
0.162671
0.162053
0.161385
0.160636
0.159816
0.158959
0.158024
0.157071
0.156045
0.154992
0.153872
0.152696
0.152680
0.153856
0.154976
0.156029
0.157055
0.158008
0.158943
0.159800
0.160619
0.161368
0.162036
0.162654
0.163183
0.163624
0.163977
0.164252
0.164435
0.164527
0.164527
0.164435
0.164252
0.163977
0.163624
0.163183
0.162654
0.162036
0.161368
0.160619
0.159800
0.158943
0.158008
0.157055
0.156029
0.154976
0.153856
0.152680
0.152595
0.153772
0.154891
0.155943
0.156967
0.157920
0.158850
0.159707
0.160520
0.161269
0.161936
0.162549
0.163079
0.163520
0.163873
0.164144
0.164327
0.164419
0.164419
0.164327
0.164144
0.163873
0.163520
0.163079
0.162549
0.161936
0.161269
0.160520
0.159707
0.158850
0.157920
0.156967
0.155943
0.154891
0.153772
0.152595
0.152442
0.153619
0.154736
0.155789
0.156806
0.157759
0.158679
0.159537
0.160338
0.161088
0.161754
0.162358
0.162887
0.163329
0.163682
0.163947
0.164128
0.164220
0.164220
0.164128
0.163947
0.163682
0.163329
0.162887
0.162358
0.161754
0.161088
0.160338
0.159537
0.158679
0.157759
0.156806
0.155789
0.154736
0.153619
0.152442
0.152220
0.153397
0.154512
0.155565
0.156572
0.157526
0.158431
0.159289
0.160074
0.160824
0.161491
0.162078
0.162608
0.163050
0.163403
0.163668
0.163844
0.163933
0.163933
0.163844
0.163668
0.163403
0.163050
0.162608
0.162078
0.161491
0.160824
0.160074
0.159289
0.158431
0.157526
0.156572
0.155565
0.154512
0.153397
0.152220
0.151928
0.153107
0.154218
0.155272
0.156266
0.157220
0.158106
0.158964
0.159745
0.160477
0.161144
0.161728
0.162241
0.162683
0.163036
0.163301
0.163478
0.163566
0.163566
0.163478
0.163301
0.163036
0.162683
0.162241
0.161728
0.161144
0.160477
0.159745
0.158964
0.158106
0.157220
0.156266
0.155272
0.154218
0.153107
0.151928
0.151560
0.152748
0.153857
0.154908
0.155892
0.156841
0.157721
0.158562
0.159343
0.160048
0.160715
0.161299
0.161799
0.162229
0.162582
0.162847
0.163024
0.163112
0.163112
0.163024
0.162847
0.162582
0.162229
0.161799
0.161299
0.160715
0.160048
0.159343
0.158562
0.157721
0.156841
0.155892
0.154908
0.153857
0.152748
0.151560
0.151122
0.152320
0.153429
0.154475
0.155459
0.156389
0.157270
0.158082
0.158863
0.159565
0.160203
0.160787
0.161287
0.161704
0.162040
0.162305
0.162482
0.162570
0.162570
0.162482
0.162305
0.162040
0.161704
0.161287
0.160787
0.160203
0.159565
0.158863
0.158082
0.157270
0.156389
0.155459
0.154475
0.153429
0.152320
0.151122
0.150613
0.151819
0.152932
0.153973
0.154956
0.155870
0.156745
0.157553
0.158305
0.159008
0.159633
0.160192
0.160693
0.161110
0.161443
0.161694
0.161861
0.161944
0.161944
0.161861
0.161694
0.161443
0.161110
0.160693
0.160192
0.159633
0.159008
0.158305
0.157553
0.156745
0.155870
0.154956
0.153973
0.152932
0.151819
0.150613
0.150034
0.151240
0.152367
0.153407
0.154384
0.155298
0.156148
0.156956
0.157690
0.158374
0.158998
0.159545
0.160015
0.160432
0.160766
0.161016
0.161183
0.161267
0.161267
0.161183
0.161016
0.160766
0.160432
0.160015
0.159545
0.158998
0.158374
0.157690
0.156956
0.156148
0.155298
0.154384
0.153407
0.152367
0.151240
0.150034
0.149348
0.150591
0.151726
0.152773
0.153745
0.154655
0.155500
0.156285
0.157020
0.157681
0.158286
0.158833
0.159302
0.159693
0.160006
0.160256
0.160423
0.160507
0.160507
0.160423
0.160256
0.160006
0.159693
0.159302
0.158833
0.158286
0.157681
0.157020
0.156285
0.155500
0.154655
0.153745
0.152773
0.151726
0.150591
0.149348
0.148585
0.149863
0.151007
0.152070
0.153042
0.153944
0.154787
0.155561
0.156277
0.156938
0.157526
0.158043
0.158512
0.158903
0.159216
0.159450
0.159606
0.159685
0.159685
0.159606
0.159450
0.159216
0.158903
0.158512
0.158043
0.157526
0.156938
0.156277
0.155561
0.154787
0.153944
0.153042
0.152070
0.151007
0.149863
0.148585
0.147725
0.149026
0.150216
0.151282
0.152270
0.153172
0.154005
0.154779
0.155483
0.156122
0.156710
0.157225
0.157666
0.158035
0.158348
0.158583
0.158739
0.158817
0.158817
0.158739
0.158583
0.158348
0.158035
0.157666
0.157225
0.156710
0.156122
0.155483
0.154779
0.154005
0.153172
0.152270
0.151282
0.150216
0.149026
0.147725
0.146732
0.148113
0.149317
0.150421
0.151415
0.152331
0.153164
0.153928
0.154631
0.155265
0.155828
0.156335
0.156776
0.157144
0.157438
0.157659
0.157806
0.157880
0.157880
0.157806
0.157659
0.157438
0.157144
0.156776
0.156335
0.155828
0.155265
0.154631
0.153928
0.153164
0.152331
0.151415
0.150421
0.149317
0.148113
0.146732
0.145620
0.147049
0.148330
0.149459
0.150484
0.151407
0.152254
0.153018
0.153713
0.154343
0.154906
0.155399
0.155822
0.156182
0.156476
0.156697
0.156844
0.156917
0.156917
0.156844
0.156697
0.156476
0.156182
0.155822
0.155399
0.154906
0.154343
0.153713
0.153018
0.152254
0.151407
0.150484
0.149459
0.148330
0.147049
0.145620
0.144341
0.145881
0.147203
0.148397
0.149451
0.150405
0.151258
0.152039
0.152734
0.153360
0.153915
0.154407
0.154830
0.155182
0.155464
0.155675
0.155816
0.155887
0.155887
0.155816
0.155675
0.155464
0.155182
0.154830
0.154407
0.153915
0.153360
0.152734
0.152039
0.151258
0.150405
0.149451
0.148397
0.147203
0.145881
0.144341
0.142855
0.144511
0.145961
0.147194
0.148314
0.149293
0.150185
0.150967
0.151678
0.152311
0.152867
0.153354
0.153771
0.154120
0.154402
0.154613
0.154754
0.154825
0.154825
0.154754
0.154613
0.154402
0.154120
0.153771
0.153354
0.152867
0.152311
0.151678
0.150967
0.150185
0.149293
0.148314
0.147194
0.145961
0.144511
0.142855
0.141144
0.142944
0.144502
0.145862
0.147022
0.148081
0.148985
0.149813
0.150535
0.151175
0.151744
0.152237
0.152654
0.153001
0.153280
0.153488
0.153627
0.153697
0.153697
0.153627
0.153488
0.153280
0.153001
0.152654
0.152237
0.151744
0.151175
0.150535
0.149813
0.148985
0.148081
0.147022
0.145862
0.144502
0.142944
0.141144
0.139148
0.141132
0.142833
0.144312
0.145581
0.146687
0.147671
0.148527
0.149280
0.149958
0.150530
0.151028
0.151455
0.151810
0.152093
0.152302
0.152441
0.152510
0.152510
0.152441
0.152302
0.152093
0.151810
0.151455
0.151028
0.150530
0.149958
0.149280
0.148527
0.147671
0.146687
0.145581
0.144312
0.142833
0.141132
0.139148
0.136811
0.139012
0.140897
0.142521
0.143934
0.145120
0.146189
0.147091
0.147911
0.148597
0.149200
0.149727
0.150169
0.150525
0.150810
0.151023
0.151166
0.151237
0.151237
0.151166
0.151023
0.150810
0.150525
0.150169
0.149727
0.149200
0.148597
0.147911
0.147091
0.146189
0.145120
0.143934
0.142521
0.140897
0.139012
0.136811
0.134093
0.136528
0.138630
0.140439
0.142008
0.143321
0.144478
0.145476
0.146347
0.147085
0.147742
0.148290
0.148743
0.149120
0.149421
0.149648
0.149798
0.149874
0.149874
0.149798
0.149648
0.149421
0.149120
0.148743
0.148290
0.147742
0.147085
0.146347
0.145476
0.144478
0.143321
0.142008
0.140439
0.138630
0.136528
0.134093
0.130912
0.133618
0.135974
0.138001
0.139732
0.141215
0.142506
0.143617
0.144563
0.145380
0.146096
0.146670
0.147163
0.147573
0.147901
0.148136
0.148287
0.148362
0.148362
0.148287
0.148136
0.147901
0.147573
0.147163
0.146670
0.146096
0.145380
0.144563
0.143617
0.142506
0.141215
0.139732
0.138001
0.135974
0.133618
0.130912
0.127286
0.130238
0.132826
0.135088
0.137046
0.138734
0.140198
0.141432
0.142499
0.143409
0.144195
0.144830
0.145375
0.145829
0.146174
0.146420
0.146584
0.146666
0.146666
0.146584
0.146420
0.146174
0.145829
0.145375
0.144830
0.144195
0.143409
0.142499
0.141432
0.140198
0.138734
0.137046
0.135088
0.132826
0.130238
0.127286
0.123193
0.126371
0.129199
0.131708
0.133904
0.135807
0.137442
0.138850
0.140079
0.141090
0.141987
0.142696
0.143302
0.143808
0.144191
0.144463
0.144645
0.144735
0.144735
0.144645
0.144463
0.144191
0.143808
0.143302
0.142696
0.141987
0.141090
0.140079
0.138850
0.137442
0.135807
0.133904
0.131708
0.129199
0.126371
0.123193
0.118634
0.122025
0.125065
0.127796
0.130213
0.132336
0.134193
0.135798
0.137164
0.138348
0.139339
0.140186
0.140860
0.141421
0.141870
0.142186
0.142389
0.142490
0.142490
0.142389
0.142186
0.141870
0.141421
0.140860
0.140186
0.139339
0.138348
0.137164
0.135798
0.134193
0.132336
0.130213
0.127796
0.125065
0.122025
0.118634
0.113583
0.117179
0.120430
0.123355
0.125984
0.128312
0.130368
0.132172
0.133730
0.135061
0.136212
0.137158
0.137969
0.138591
0.139086
0.139457
0.139705
0.139829
0.139829
0.139705
0.139457
0.139086
0.138591
0.137969
0.137158
0.136212
0.135061
0.133730
0.132172
0.130368
0.128312
0.125984
0.123355
0.120430
0.117179
0.113583
0.107990
0.111821
0.115278
0.118400
0.121207
0.123728
0.125973
0.127955
0.129685
0.131184
0.132476
0.133567
0.134471
0.135201
0.135785
0.136206
0.136477
0.136612
0.136612
0.136477
0.136206
0.135785
0.135201
0.134471
0.133567
0.132476
0.131184
0.129685
0.127955
0.125973
0.123728
0.121207
0.118400
0.115278
0.111821
0.107990
0.101764
0.105871
0.109568
0.112899
0.115902
0.118591
0.120998
0.123141
0.125032
0.126686
0.128122
0.129332
0.130353
0.131178
0.131838
0.132314
0.132626
0.132782
0.132782
0.132626
0.132314
0.131838
0.131178
0.130353
0.129332
0.128122
0.126686
0.125032
0.123141
0.120998
0.118591
0.115902
0.112899
0.109568
0.105871
0.101764
0.000000
0.099235
0.103214
0.106791
0.110009
0.112886
0.115465
0.117764
0.119798
0.121582
0.123133
0.124465
0.125584
0.126499
0.127219
0.127760
0.128116
0.128289
0.128289
0.128116
0.127760
0.127219
0.126499
0.125584
0.124465
0.123133
0.121582
0.119798
0.117764
0.115465
0.112886
0.110009
0.106791
0.103214
0.099235
0.000000
0.000000
0.000000
0.000000
0.099983
0.103443
0.106544
0.109313
0.111781
0.113964
0.115881
0.117547
0.118978
0.120191
0.121180
0.121971
0.122549
0.122934
0.123126
0.123126
0.122934
0.122549
0.121971
0.121180
0.120191
0.118978
0.117547
0.115881
0.113964
0.111781
0.109313
0.106544
0.103443
0.099983
0.000000
0.000000
0.000000
0.185148
0.185783
0.000000
0.000000
0.000000
0.099459
0.102454
0.105113
0.107467
0.109532
0.111326
0.112867
0.114170
0.115235
0.116085
0.116709
0.117124
0.117332
0.117332
0.117124
0.116709
0.116085
0.115235
0.114170
0.112867
0.111326
0.109532
0.107467
0.105113
0.102454
0.099459
0.000000
0.000000
0.000000
0.185783
0.185148
0.184025
0.184660
0.185258
0.185818
0.000000
0.000000
0.000000
0.000000
0.100208
0.102444
0.104388
0.106057
0.107458
0.108611
0.109524
0.110204
0.110650
0.110873
0.110873
0.110650
0.110204
0.109524
0.108611
0.107458
0.106057
0.104388
0.102444
0.100208
0.000000
0.000000
0.000000
0.000000
0.185818
0.185258
0.184660
0.184025
0.182510
0.183343
0.184097
0.184658
0.185181
0.185667
0.000000
0.000000
0.000000
0.000000
0.000000
0.098417
0.099948
0.101197
0.102192
0.102924
0.103412
0.103657
0.103657
0.103412
0.102924
0.102192
0.101197
0.099948
0.098417
0.000000
0.000000
0.000000
0.000000
0.000000
0.185667
0.185181
0.184658
0.184097
0.183343
0.182510
0.180750
0.181731
0.182555
0.183291
0.183977
0.184469
0.184917
0.185328
0.185702
0.000000
0.000000
0.000000
0.000000
0.000000
0.000000
0.000000
0.000000
0.000000
0.000000
0.000000
0.000000
0.000000
0.000000
0.000000
0.000000
0.000000
0.000000
0.185702
0.185328
0.184917
0.184469
0.183977
0.183291
0.182555
0.181731
0.180750
0.178691
0.179801
0.180746
0.181612
0.182356
0.182994
0.183583
0.184093
0.184467
0.184803
0.185103
0.185364
0.185589
0.185776
0.185925
0.000000
0.000000
0.000000
0.000000
0.000000
0.000000
0.185925
0.185776
0.185589
0.185364
0.185103
0.184803
0.184467
0.184093
0.183583
0.182994
0.182356
0.181612
0.180746
0.179801
0.178691
0.176297
0.177530
0.178621
0.179600
0.180455
0.181205
0.181897
0.182452
0.182943
0.183384
0.183777
0.184092
0.184316
0.184503
0.184653
0.184765
0.184840
0.184877
0.184877
0.184840
0.184765
0.184653
0.184503
0.184316
0.184092
0.183777
0.183384
0.182943
0.182452
0.181897
0.181205
0.180455
0.179600
0.178621
0.177530
0.176297
0.173505
0.174890
0.176147
0.177235
0.178226
0.179074
0.179858
0.180509
0.181086
0.181606
0.182058
0.182401
0.182695
0.182941
0.183137
0.183284
0.183383
0.183432
0.183432
0.183383
0.183284
0.183137
0.182941
0.182695
0.182401
0.182058
0.181606
0.181086
0.180509
0.179858
0.179074
0.178226
0.177235
0.176147
0.174890
0.173505
0.170333
0.171867
0.173242
0.174488
0.175600
0.176578
0.177449
0.178222
0.178875
0.179463
0.179986
0.180392
0.180738
0.181027
0.181258
0.181431
0.181546
0.181604
0.181604
0.181546
0.181431
0.181258
0.181027
0.180738
0.180392
0.179986
0.179463
0.178875
0.178222
0.177449
0.176578
0.175600
0.174488
0.173242
0.171867
0.170333
0.166881
0.168473
0.169964
0.171319
0.172553
0.173665
0.174642
0.175516
0.176284
0.176937
0.177518
0.178023
0.178415
0.178742
0.179004
0.179200
0.179330
0.179396
0.179396
0.179330
0.179200
0.179004
0.178742
0.178415
0.178023
0.177518
0.176937
0.176284
0.175516
0.174642
0.173665
0.172553
0.171319
0.169964
0.168473
0.166881
0.163381
0.164922
0.166404
0.167812
0.169119
0.170321
0.171404
0.172377
0.173233
0.174003
0.174638
0.175195
0.175672
0.176063
0.176354
0.176571
0.176717
0.176789
0.176789
0.176717
0.176571
0.176354
0.176063
0.175672
0.175195
0.174638
0.174003
0.173233
0.172377
0.171404
0.170321
0.169119
0.167812
0.166404
0.164922
0.163381
0.160039
0.161459
0.162843
0.164178
0.165469
0.166680
0.167807
0.168834
0.169766
0.170587
0.171310
0.171942
0.172459
0.172887
0.173229
0.173486
0.173657
0.173743
0.173743
0.173657
0.173486
0.173229
0.172887
0.172459
0.171942
0.171310
0.170587
0.169766
0.168834
0.167807
0.166680
0.165469
0.164178
0.162843
0.161459
0.160039
0.156967
0.158231
0.159483
0.160701
0.161871
0.163014
0.164080
0.165095
0.166018
0.166863
0.167614
0.168270
0.168829
0.169296
0.169669
0.169949
0.170131
0.170222
0.170222
0.170131
0.169949
0.169669
0.169296
0.168829
0.168270
0.167614
0.166863
0.166018
0.165095
0.164080
0.163014
0.161871
0.160701
0.159483
0.158231
0.156967
0.154032
0.155230
0.156372
0.157476
0.158538
0.159555
0.160528
0.161448
0.162301
0.163098
0.163806
0.164444
0.164998
0.165459
0.165828
0.166107
0.166295
0.166389
0.166389
0.166295
0.166107
0.165828
0.165459
0.164998
0.164444
0.163806
0.163098
0.162301
0.161448
0.160528
0.159555
0.158538
0.157476
0.156372
0.155230
0.154032
0.151087
0.152289
0.153401
0.154449
0.155435
0.156367
0.157250
0.158063
0.158846
0.159551
0.160189
0.160774
0.161276
0.161694
0.162030
0.162296
0.162473
0.162562
0.162562
0.162473
0.162296
0.162030
0.161694
0.161276
0.160774
0.160189
0.159551
0.158846
0.158063
0.157250
0.156367
0.155435
0.154449
0.153401
0.152289
0.151087
0.147898
0.149186
0.150369
0.151436
0.152422
0.153326
0.154162
0.154937
0.155642
0.156289
0.156878
0.157393
0.157835
0.158216
0.158529
0.158764
0.158920
0.158999
0.158999
0.158920
0.158764
0.158529
0.158216
0.157835
0.157393
0.156878
0.156289
0.155642
0.154937
0.154162
0.153326
0.152422
0.151436
0.150369
0.149186
0.147898
0.144101
0.145643
0.146989
0.148201
0.149255
0.150222
0.151075
0.151858
0.152556
0.153182
0.153738
0.154228
0.154651
0.155004
0.155286
0.155497
0.155638
0.155709
0.155709
0.155638
0.155497
0.155286
0.155004
0.154651
0.154228
0.153738
0.153182
0.152556
0.151858
0.151075
0.150222
0.149255
0.148201
0.146989
0.145643
0.144101
0.139220
0.141198
0.142892
0.144365
0.145635
0.146736
0.147720
0.148571
0.149325
0.150003
0.150572
0.151070
0.151497
0.151853
0.152135
0.152343
0.152482
0.152552
0.152552
0.152482
0.152343
0.152135
0.151853
0.151497
0.151070
0.150572
0.150003
0.149325
0.148571
0.147720
0.146736
0.145635
0.144365
0.142892
0.141198
0.139220
0.132805
0.135358
0.137564
0.139455
0.141075
0.142480
0.143691
0.144720
0.145628
0.146402
0.147058
0.147632
0.148114
0.148491
0.148792
0.149019
0.149169
0.149245
0.149245
0.149169
0.149019
0.148792
0.148491
0.148114
0.147632
0.147058
0.146402
0.145628
0.144720
0.143691
0.142480
0.141075
0.139455
0.137564
0.135358
0.132805
0.124685
0.127786
0.130530
0.132945
0.135053
0.136877
0.138455
0.139815
0.140954
0.141963
0.142775
0.143482
0.144079
0.144532
0.144895
0.145168
0.145349
0.145440
0.145440
0.145349
0.145168
0.144895
0.144532
0.144079
0.143482
0.142775
0.141963
0.140954
0.139815
0.138455
0.136877
0.135053
0.132945
0.130530
0.127786
0.124685
0.115076
0.118609
0.121801
0.124665
0.127228
0.129503
0.131502
0.133242
0.134748
0.136056
0.137136
0.138074
0.138816
0.139435
0.139930
0.140273
0.140497
0.140609
0.140609
0.140497
0.140273
0.139930
0.139435
0.138816
0.138074
0.137136
0.136056
0.134748
0.133242
0.131502
0.129503
0.127228
0.124665
0.121801
0.118609
0.115076
0.103982
0.107985
0.111590
0.114840
0.117772
0.120400
0.122747
0.124834
0.126672
0.128279
0.129661
0.130830
0.131818
0.132607
0.133230
0.133697
0.134008
0.134154
0.134154
0.134008
0.133697
0.133230
0.132607
0.131818
0.130830
0.129661
0.128279
0.126672
0.124834
0.122747
0.120400
0.117772
0.114840
0.111590
0.107985
0.103982
0.000000
0.000000
0.099760
0.103466
0.106794
0.109781
0.112446
0.114819
0.116922
0.118771
0.120381
0.121763
0.122922
0.123883
0.124631
0.125190
0.125563
0.125749
0.125749
0.125563
0.125190
0.124631
0.123883
0.122922
0.121763
0.120381
0.118771
0.116922
0.114819
0.112446
0.109781
0.106794
0.103466
0.099760
0.000000
0.000000
0.184857
0.185491
0.000000
0.000000
0.000000
0.000000
0.100484
0.103197
0.105597
0.107702
0.109531
0.111099
0.112425
0.113513
0.114374
0.115012
0.115437
0.115649
0.115649
0.115437
0.115012
0.114374
0.113513
0.112425
0.111099
0.109531
0.107702
0.105597
0.103197
0.100484
0.000000
0.000000
0.000000
0.000000
0.185491
0.184857
0.182575
0.183406
0.184144
0.184703
0.185226
0.185710
0.000000
0.000000
0.000000
0.000000
0.000000
0.098686
0.100210
0.101455
0.102442
0.103173
0.103660
0.103904
0.103904
0.103660
0.103173
0.102442
0.101455
0.100210
0.098686
0.000000
0.000000
0.000000
0.000000
0.000000
0.185710
0.185226
0.184703
0.184144
0.183406
0.182575
0.179568
0.180597
0.181517
0.182324
0.183009
0.183645
0.184177
0.184587
0.184960
0.185296
0.185594
0.185856
0.000000
0.000000
0.000000
0.000000
0.000000
0.000000
0.000000
0.000000
0.000000
0.000000
0.000000
0.000000
0.185856
0.185594
0.185296
0.184960
0.184587
0.184177
0.183645
0.183009
0.182324
0.181517
0.180597
0.179568
0.175809
0.177055
0.178192
0.179168
0.180071
0.180819
0.181510
0.182122
0.182611
0.183052
0.183443
0.183786
0.184061
0.184247
0.184396
0.184508
0.184583
0.184620
0.184620
0.184583
0.184508
0.184396
0.184247
0.184061
0.183786
0.183443
0.183052
0.182611
0.182122
0.181510
0.180819
0.180071
0.179168
0.178192
0.177055
0.175809
0.171202
0.172694
0.174054
0.175242
0.176321
0.177262
0.178117
0.178834
0.179486
0.180064
0.180524
0.180927
0.181273
0.181560
0.181791
0.181964
0.182067
0.182116
0.182116
0.182067
0.181964
0.181791
0.181560
0.181273
0.180927
0.180524
0.180064
0.179486
0.178834
0.178117
0.177262
0.176321
0.175242
0.174054
0.172694
0.171202
0.166007
0.167598
0.169088
0.170467
0.171728
0.172852
0.173875
0.174756
0.175548
0.176239
0.176818
0.177325
0.177759
0.178109
0.178370
0.178565
0.178696
0.178761
0.178761
0.178696
0.178565
0.178370
0.178109
0.177759
0.177325
0.176818
0.176239
0.175548
0.174756
0.173875
0.172852
0.171728
0.170467
0.169088
0.167598
0.166007
0.160945
0.162382
0.163794
0.165165
0.166460
0.167677
0.168795
0.169818
0.170724
0.171535
0.172242
0.172840
0.173352
0.173779
0.174111
0.174349
0.174508
0.174587
0.174587
0.174508
0.174349
0.174111
0.173779
0.173352
0.172840
0.172242
0.171535
0.170724
0.169818
0.168795
0.167677
0.166460
0.165165
0.163794
0.162382
0.160945
0.156446
0.157693
0.158921
0.160097
0.161264
0.162368
0.163427
0.164415
0.165335
0.166165
0.166914
0.167570
0.168131
0.168596
0.168968
0.169247
0.169433
0.169526
0.169526
0.169433
0.169247
0.168968
0.168596
0.168131
0.167570
0.166914
0.166165
0.165335
0.164415
0.163427
0.162368
0.161264
0.160097
0.158921
0.157693
0.156446
0.152295
0.153473
0.154589
0.155642
0.156653
0.157607
0.158518
0.159376
0.160167
0.160917
0.161584
0.162177
0.162707
0.163149
0.163502
0.163767
0.163944
0.164033
0.164033
0.163944
0.163767
0.163502
0.163149
0.162707
0.162177
0.161584
0.160917
0.160167
0.159376
0.158518
0.157607
0.156653
0.155642
0.154589
0.153473
0.152295
0.147913
0.149196
0.150375
0.151438
0.152421
0.153321
0.154155
0.154928
0.155630
0.156274
0.156861
0.157375
0.157815
0.158193
0.158506
0.158740
0.158896
0.158974
0.158974
0.158896
0.158740
0.158506
0.158193
0.157815
0.157375
0.156861
0.156274
0.155630
0.154928
0.154155
0.153321
0.152421
0.151438
0.150375
0.149196
0.147913
0.142426
0.144122
0.145568
0.146835
0.147979
0.148956
0.149858
0.150645
0.151354
0.151992
0.152547
0.153032
0.153448
0.153795
0.154073
0.154284
0.154424
0.154495
0.154495
0.154424
0.154284
0.154073
0.153795
0.153448
0.153032
0.152547
0.151992
0.151354
0.150645
0.149858
0.148956
0.147979
0.146835
0.145568
0.144122
0.142426
0.134700
0.137082
0.139130
0.140886
0.142405
0.143713
0.144827
0.145821
0.146656
0.147391
0.148042
0.148567
0.149018
0.149393
0.149694
0.149919
0.150066
0.150137
0.150137
0.150066
0.149919
0.149694
0.149393
0.149018
0.148567
0.148042
0.147391
0.146656
0.145821
0.144827
0.143713
0.142405
0.140886
0.139130
0.137082
0.134700
0.124052
0.127163
0.129948
0.132389
0.134524
0.136382
0.137996
0.139351
0.140529
0.141535
0.142386
0.143090
0.143694
0.144177
0.144539
0.144810
0.144991
0.145081
0.145081
0.144991
0.144810
0.144539
0.144177
0.143694
0.143090
0.142386
0.141535
0.140529
0.139351
0.137996
0.136382
0.134524
0.132389
0.129948
0.127163
0.124052
0.110885
0.114578
0.117918
0.120921
0.123628
0.126049
0.128191
0.130080
0.131720
0.133132
0.134349
0.135366
0.136220
0.136893
0.137431
0.137835
0.138095
0.138218
0.138218
0.138095
0.137835
0.137431
0.136893
0.136220
0.135366
0.134349
0.133132
0.131720
0.130080
0.128191
0.126049
0.123628
0.120921
0.117918
0.114578
0.110885
0.000000
0.099478
0.103425
0.106974
0.110168
0.113026
0.115588
0.117872
0.119892
0.121665
0.123205
0.124528
0.125641
0.126549
0.127266
0.127804
0.128156
0.128328
0.128328
0.128156
0.127804
0.127266
0.126549
0.125641
0.124528
0.123205
0.121665
0.119892
0.117872
0.115588
0.113026
0.110168
0.106974
0.103425
0.099478
0.000000
0.184861
0.185492
0.000000
0.000000
0.000000
0.000000
0.100422
0.103126
0.105518
0.107617
0.109440
0.111005
0.112328
0.113411
0.114272
0.114907
0.115330
0.115542
0.115542
0.115330
0.114907
0.114272
0.113411
0.112328
0.111005
0.109440
0.107617
0.105518
0.103126
0.100422
0.000000
0.000000
0.000000
0.000000
0.185492
0.184861
0.181826
0.182681
0.183460
0.184146
0.184666
0.185149
0.185594
0.000000
0.000000
0.000000
0.000000
0.000000
0.000000
0.000000
0.098598
0.099359
0.099867
0.100118
0.100118
0.099867
0.099359
0.098598
0.000000
0.000000
0.000000
0.000000
0.000000
0.000000
0.000000
0.185594
0.185149
0.184666
0.184146
0.183460
0.182681
0.181826
0.177599
0.178742
0.179779
0.180665
0.181467
0.182181
0.182765
0.183302
0.183789
0.184174
0.184471
0.184731
0.184954
0.185140
0.185288
0.185400
0.185474
0.185511
0.185511
0.185474
0.185400
0.185288
0.185140
0.184954
0.184731
0.184471
0.184174
0.183789
0.183302
0.182765
0.182181
0.181467
0.180665
0.179779
0.178742
0.177599
0.172154
0.173598
0.174889
0.176066
0.177075
0.178011
0.178789
0.179503
0.180134
0.180650
0.181108
0.181510
0.181854
0.182119
0.182314
0.182461
0.182558
0.182607
0.182607
0.182558
0.182461
0.182314
0.182119
0.181854
0.181510
0.181108
0.180650
0.180134
0.179503
0.178789
0.178011
0.177075
0.176066
0.174889
0.173598
0.172154
0.165716
0.167295
0.168781
0.170164
0.171420
0.172555
0.173574
0.174472
0.175261
0.175972
0.176551
0.177055
0.177488
0.177848
0.178123
0.178318
0.178448
0.178513
0.178513
0.178448
0.178318
0.178123
0.177848
0.177488
0.177055
0.176551
0.175972
0.175261
0.174472
0.173574
0.172555
0.171420
0.170164
0.168781
0.167295
0.165716
0.159559
0.160939
0.162282
0.163600
0.164865
0.166056
0.167175
0.168199
0.169125
0.169958
0.170677
0.171305
0.171843
0.172276
0.172616
0.172871
0.173041
0.173126
0.173126
0.173041
0.172871
0.172616
0.172276
0.171843
0.171305
0.170677
0.169958
0.169125
0.168199
0.167175
0.166056
0.164865
0.163600
0.162282
0.160939
0.159559
0.154263
0.155451
0.156595
0.157690
0.158758
0.159768
0.160747
0.161660
0.162519
0.163310
0.164014
0.164655
0.165205
0.165662
0.166029
0.166309
0.166496
0.166589
0.166589
0.166496
0.166309
0.166029
0.165662
0.165205
0.164655
0.164014
0.163310
0.162519
0.161660
0.160747
0.159768
0.158758
0.157690
0.156595
0.155451
0.154263
0.149086
0.150337
0.151466
0.152512
0.153478
0.154380
0.155219
0.155988
0.156718
0.157375
0.157960
0.158501
0.158967
0.159356
0.159666
0.159900
0.160059
0.160142
0.160142
0.160059
0.159900
0.159666
0.159356
0.158967
0.158501
0.157960
0.157375
0.156718
0.155988
0.155219
0.154380
0.153478
0.152512
0.151466
0.150337
0.149086
0.142700
0.144361
0.145801
0.147040
0.148164
0.149136
0.150031
0.150807
0.151513
0.152145
0.152697
0.153180
0.153594
0.153939
0.154218
0.154428
0.154568
0.154638
0.154638
0.154568
0.154428
0.154218
0.153939
0.153594
0.153180
0.152697
0.152145
0.151513
0.150807
0.150031
0.149136
0.148164
0.147040
0.145801
0.144361
0.142700
0.133186
0.135694
0.137858
0.139709
0.141293
0.142665
0.143867
0.144870
0.145770
0.146524
0.147175
0.147745
0.148214
0.148588
0.148887
0.149111
0.149261
0.149336
0.149336
0.149261
0.149111
0.148887
0.148588
0.148214
0.147745
0.147175
0.146524
0.145770
0.144870
0.143867
0.142665
0.141293
0.139709
0.137858
0.135694
0.133186
0.119604
0.122915
0.125901
0.128556
0.130909
0.132975
0.134775
0.136338
0.137677
0.138808
0.139789
0.140588
0.141255
0.141811
0.142231
0.142531
0.142731
0.142832
0.142832
0.142731
0.142531
0.142231
0.141811
0.141255
0.140588
0.139789
0.138808
0.137677
0.136338
0.134775
0.132975
0.130909
0.128556
0.125901
0.122915
0.119604
0.102592
0.106623
0.110258
0.113532
0.116480
0.119127
0.121498
0.123606
0.125464
0.127087
0.128494
0.129693
0.130687
0.131504
0.132148
0.132612
0.132921
0.133075
0.133075
0.132921
0.132612
0.132148
0.131504
0.130687
0.129693
0.128494
0.127087
0.125464
0.123606
0.121498
0.119127
0.116480
0.113532
0.110258
0.106623
0.102592
0.185521
0.000000
0.000000
0.000000
0.098527
0.101769
0.104657
0.107226
0.109501
0.111498
0.113235
0.114728
0.115992
0.117021
0.117844
0.118450
0.118852
0.119053
0.119053
0.118852
0.118450
0.117844
0.117021
0.115992
0.114728
0.113235
0.111498
0.109501
0.107226
0.104657
0.101769
0.098527
0.000000
0.000000
0.000000
0.185521
0.182145
0.182970
0.183745
0.184360
0.184878
0.185359
0.185802
0.000000
0.000000
0.000000
0.000000
0.000000
0.000000
0.098935
0.099945
0.100687
0.101181
0.101428
0.101428
0.101181
0.100687
0.099945
0.098935
0.000000
0.000000
0.000000
0.000000
0.000000
0.000000
0.185802
0.185359
0.184878
0.184360
0.183745
0.182970
0.182145
0.177184
0.178363
0.179396
0.180322
0.181120
0.181862
0.182464
0.182998
0.183483
0.183920
0.184235
0.184493
0.184715
0.184900
0.185048
0.185159
0.185233
0.185270
0.185270
0.185233
0.185159
0.185048
0.184900
0.184715
0.184493
0.184235
0.183920
0.183483
0.182998
0.182464
0.181862
0.181120
0.180322
0.179396
0.178363
0.177184
0.170592
0.172103
0.173456
0.174672
0.175771
0.176723
0.177584
0.178335
0.178981
0.179562
0.180070
0.180469
0.180811
0.181097
0.181325
0.181496
0.181610
0.181667
0.181667
0.181610
0.181496
0.181325
0.181097
0.180811
0.180469
0.180070
0.179562
0.178981
0.178335
0.177584
0.176723
0.175771
0.174672
0.173456
0.172103
0.170592
0.163075
0.164585
0.166043
0.167434
0.168728
0.169925
0.170998
0.171980
0.172827
0.173588
0.174245
0.174795
0.175266
0.175659
0.175973
0.176190
0.176334
0.176406
0.176406
0.176334
0.176190
0.175973
0.175659
0.175266
0.174795
0.174245
0.173588
0.172827
0.171980
0.170998
0.169925
0.168728
0.167434
0.166043
0.164585
0.163075
0.156470
0.157705
0.158922
0.160087
0.161243
0.162335
0.163384
0.164361
0.165272
0.166094
0.166836
0.167485
0.168042
0.168502
0.168871
0.169147
0.169332
0.169424
0.169424
0.169332
0.169147
0.168871
0.168502
0.168042
0.167485
0.166836
0.166094
0.165272
0.164361
0.163384
0.162335
0.161243
0.160087
0.158922
0.157705
0.156470
0.150587
0.151781
0.152884
0.153913
0.154886
0.155790
0.156653
0.157452
0.158191
0.158886
0.159505
0.160049
0.160544
0.160957
0.161287
0.161535
0.161700
0.161783
0.161783
0.161700
0.161535
0.161287
0.160957
0.160544
0.160049
0.159505
0.158886
0.158191
0.157452
0.156653
0.155790
0.154886
0.153913
0.152884
0.151781
0.150587
0.143684
0.145237
0.146605
0.147819
0.148875
0.149842
0.150693
0.151465
0.152164
0.152782
0.153331
0.153812
0.154227
0.154574
0.154853
0.155062
0.155201
0.155270
0.155270
0.155201
0.155062
0.154853
0.154574
0.154227
0.153812
0.153331
0.152782
0.152164
0.151465
0.150693
0.149842
0.148875
0.147819
0.146605
0.145237
0.143684
