0.180298
0.181704
0.182873
0.183928
0.184696
0.185393
0.000000
0.000000
0.000000
0.000000
0.100312
0.102803
0.104886
0.106587
0.107928
0.108913
0.109568
0.109896
0.109896
0.109568
0.108913
0.107928
0.106587
0.104886
0.102803
0.100312
0.000000
0.000000
0.000000
0.000000
0.185393
0.184696
0.183928
0.182873
0.181704
0.180298
0.185879
0.000000
0.000000
0.102830
0.107621
0.111849
0.115575
0.118852
0.121726
0.124217
0.126351
0.128159
0.129653
0.130856
0.131806
0.132490
0.132939
0.133164
0.133164
0.132939
0.132490
0.131806
0.130856
0.129653
0.128159
0.126351
0.124217
0.121726
0.118852
0.115575
0.111849
0.107621
0.102830
0.000000
0.000000
0.185879
0.114382
0.119468
0.123979
0.127939
0.131362
0.134297
0.136760
0.138827
0.140555
0.142011
0.143177
0.144177
0.144963
0.145618
0.146129
0.146484
0.146721
0.146839
0.146839
0.146721
0.146484
0.146129
0.145618
0.144963
0.144177
0.143177
0.142011
0.140555
0.138827
0.136760
0.134297
0.131362
0.127939
0.123979
0.119468
0.114382
0.135800
0.139034
0.141715
0.143930
0.145773
0.147335
0.148696
0.149894
0.150929
0.151855
0.152663
0.153367
0.153970
0.154480
0.154887
0.155193
0.155397
0.155499
0.155499
0.155397
0.155193
0.154887
0.154480
0.153970
0.153367
0.152663
0.151855
0.150929
0.149894
0.148696
0.147335
0.145773
0.143930
0.141715
0.139034
0.135800
0.148064
0.149917
0.151568
0.153087
0.154502
0.155829
0.157100
0.158290
0.159424
0.160474
0.161443
0.162309
0.163079
0.163721
0.164244
0.164645
0.164913
0.165046
0.165046
0.164913
0.164645
0.164244
0.163721
0.163079
0.162309
0.161443
0.160474
0.159424
0.158290
0.157100
0.155829
0.154502
0.153087
0.151568
0.149917
0.148064
0.156380
0.158205
0.160021
0.161839
0.163627
0.165351
0.166974
0.168469
0.169822
0.171008
0.172054
0.172924
0.173669
0.174270
0.174731
0.175077
0.175308
0.175424
0.175424
0.175308
0.175077
0.174731
0.174270
0.173669
0.172924
0.172054
0.171008
0.169822
0.168469
0.166974
0.165351
0.163627
0.161839
0.160021
0.158205
0.156380
0.165924
0.168239
0.170392
0.172341
0.174075
0.175576
0.176879
0.178035
0.178985
0.179840
0.180530
0.181118
0.181621
0.182035
0.182320
0.182535
0.182677
0.182749
0.182749
0.182677
0.182535
0.182320
0.182035
0.181621
0.181118
0.180530
0.179840
0.178985
0.178035
0.176879
0.175576
0.174075
0.172341
0.170392
0.168239
0.165924
0.175961
0.177759
0.179303
0.180644
0.181820
0.182775
0.183632
0.184319
0.184863
0.185354
0.185790
0.000000
0.000000
0.000000
0.000000
0.000000
0.000000
0.000000
0.000000
0.000000
0.000000
0.000000
0.000000
0.000000
0.000000
0.185790
0.185354
0.184863
0.184319
0.183632
0.182775
0.181820
0.180644
0.179303
0.177759
0.175961
0.182945
0.184122
0.184994
0.185811
0.000000
0.000000
0.099376
0.103365
0.106844
0.109868
0.112464
0.114676
0.116529
0.118046
0.119231
0.120118
0.120696
0.120984
0.120984
0.120696
0.120118
0.119231
0.118046
0.116529
0.114676
0.112464
0.109868
0.106844
0.103365
0.099376
0.000000
0.000000
0.185811
0.184994
0.184122
0.182945
0.000000
0.101732
0.107334
0.112288
0.116666
0.120539
0.123953
0.126922
0.129495
0.131690
0.133532
0.135057
0.136314
0.137303
0.138087
0.138631
0.138993
0.139175
0.139175
0.138993
0.138631
0.138087
0.137303
0.136314
0.135057
0.133532
0.131690
0.129495
0.126922
0.123953
0.120539
0.116666
0.112288
0.107334
0.101732
0.000000
0.120674
0.125448
0.129617
0.133187
0.136214
0.138722
0.140815
0.142562
0.144039
0.145237
0.146274
0.147116
0.147839
0.148405
0.148848
0.149180
0.149401
0.149512
0.149512
0.149401
0.149180
0.148848
0.148405
0.147839
0.147116
0.146274
0.145237
0.144039
0.142562
0.140815
0.138722
0.136214
0.133187
0.129617
0.125448
0.120674
0.138633
0.141558
0.143974
0.145974
0.147663
0.149130
0.150433
0.151583
0.152614
0.153534
0.154357
0.155082
0.155704
0.156232
0.156665
0.156990
0.157207
0.157315
0.157315
0.157207
0.156990
0.156665
0.156232
0.155704
0.155082
0.154357
0.153534
0.152614
0.151583
0.150433
0.149130
0.147663
0.145974
0.143974
0.141558
0.138633
0.148970
0.150805
0.152468
0.154002
0.155454
0.156837
0.158146
0.159413
0.160604
0.161712
0.162739
0.163652
0.164453
0.165133
0.165676
0.166086
0.166363
0.166501
0.166501
0.166363
0.166086
0.165676
0.165133
0.164453
0.163652
0.162739
0.161712
0.160604
0.159413
0.158146
0.156837
0.155454
0.154002
0.152468
0.150805
0.148970
0.156577
0.158446
0.160311
0.162168
0.163995
0.165763
0.167420
0.168937
0.170302
0.171502
0.172538
0.173422
0.174167
0.174753
0.175222
0.175574
0.175809
0.175926
0.175926
0.175809
0.175574
0.175222
0.174753
0.174167
0.173422
0.172538
0.171502
0.170302
0.168937
0.167420
0.165763
0.163995
0.162168
0.160311
0.158446
0.156577
0.165306
0.167648
0.169852
0.171857
0.173633
0.175185
0.176542
0.177721
0.178714
0.179583
0.180314
0.180911
0.181423
0.181850
0.182163
0.182380
0.182525
0.182598
0.182598
0.182525
0.182380
0.182163
0.181850
0.181423
0.180911
0.180314
0.179583
0.178714
0.177721
0.176542
0.175185
0.173633
0.171857
0.169852
0.167648
0.165306
0.174678
0.176616
0.178299
0.179748
0.180972
0.182070
0.182941
0.183740
0.184355
0.184853
0.185296
0.185684
0.000000
0.000000
0.000000
0.000000
0.000000
0.000000
0.000000
0.000000
0.000000
0.000000
0.000000
0.000000
0.185684
0.185296
0.184853
0.184355
0.183740
0.182941
0.182070
0.180972
0.179748
0.178299
0.176616
0.174678
0.181632
0.182922
0.184064
0.184895
0.185670
0.000000
0.000000
0.000000
0.101273
0.104535
0.107338
0.109723
0.111715
0.113338
0.114617
0.115565
0.116193
0.116502
0.116502
0.116193
0.115565
0.114617
0.113338
0.111715
0.109723
0.107338
0.104535
0.101273
0.000000
0.000000
0.000000
0.185670
0.184895
0.184064
0.182922
0.181632
0.000000
0.000000
0.098949
0.104461
0.109315
0.113598
0.117369
0.120682
0.123576
0.126081
0.128215
0.130014
0.131486
0.132673
0.133601
0.134278
0.134712
0.134929
0.134929
0.134712
0.134278
0.133601
0.132673
0.131486
0.130014
0.128215
0.126081
0.123576
0.120682
0.117369
0.113598
0.109315
0.104461
0.098949
0.000000
0.000000
0.111254
0.116695
0.121512
0.125760
0.129459
0.132637
0.135331
0.137594
0.139472
0.141026
0.142328
0.143382
0.144257
0.144933
0.145475
0.145881
0.146137
0.146259
0.146259
0.146137
0.145881
0.145475
0.144933
0.144257
0.143382
0.142328
0.141026
0.139472
0.137594
0.135331
0.132637
0.129459
0.125760
0.121512
0.116695
0.111254
0.130674
0.134649
0.137970
0.140670
0.142912
0.144782
0.146368
0.147715
0.148864
0.149877
0.150734
0.151478
0.152113
0.152632
0.153048
0.153360
0.153568
0.153672
0.153672
0.153568
0.153360
0.153048
0.152632
0.152113
0.151478
0.150734
0.149877
0.148864
0.147715
0.146368
0.144782
0.142912
0.140670
0.137970
0.134649
0.130674
0.143498
0.145852
0.147826
0.149529
0.151044
0.152417
0.153664
0.154819
0.155873
0.156859
0.157740
0.158543
0.159246
0.159832
0.160321
0.160696
0.160946
0.161072
0.161072
0.160946
0.160696
0.160321
0.159832
0.159246
0.158543
0.157740
0.156859
0.155873
0.154819
0.153664
0.152417
0.151044
0.149529
0.147826
0.145852
0.143498
0.151356
0.153138
0.154814
0.156413
0.157956
0.159476
0.160943
0.162340
0.163667
0.164897
0.166003
0.166988
0.167833
0.168533
0.169092
0.169512
0.169791
0.169931
0.169931
0.169791
0.169512
0.169092
0.168533
0.167833
0.166988
0.166003
0.164897
0.163667
0.162340
0.160943
0.159476
0.157956
0.156413
0.154814
0.153138
0.151356
0.158184
0.160189
0.162205
0.164205
0.166144
0.167974
0.169653
0.171155
0.172484
0.173640
0.174620
0.175455
0.176156
0.176701
0.177137
0.177464
0.177682
0.177791
0.177791
0.177682
0.177464
0.177137
0.176701
0.176156
0.175455
0.174620
0.173640
0.172484
0.171155
0.169653
0.167974
0.166144
0.164205
0.162205
0.160189
0.158184
0.166286
0.168677
0.170888
0.172874
0.174625
0.176161
0.177470
0.178603
0.179585
0.180414
0.181108
0.181716
0.182201
0.182570
0.182866
0.183087
0.183235
0.183309
0.183309
0.183235
0.183087
0.182866
0.182570
0.182201
0.181716
0.181108
0.180414
0.179585
0.178603
0.177470
0.176161
0.174625
0.172874
0.170888
0.168677
0.166286
0.174631
0.176604
0.178315
0.179788
0.181028
0.182134
0.183020
0.183832
0.184435
0.184942
0.185393
0.185787
0.000000
0.000000
0.000000
0.000000
0.000000
0.000000
0.000000
0.000000
0.000000
0.000000
0.000000
0.000000
0.185787
0.185393
0.184942
0.184435
0.183832
0.183020
0.182134
0.181028
0.179788
0.178315
0.176604
0.174631
0.180949
0.182362
0.183545
0.184498
0.185287
0.000000
0.000000
0.000000
0.098980
0.102383
0.105300
0.107782
0.109853
0.111539
0.112866
0.113853
0.114499
0.114820
0.114820
0.114499
0.113853
0.112866
0.111539
0.109853
0.107782
0.105300
0.102383
0.098980
0.000000
0.000000
0.000000
0.185287
0.184498
0.183545
0.182362
0.180949
0.185181
0.000000
0.000000
0.099038
0.104276
0.108875
0.112921
0.116472
0.119575
0.122269
0.124577
0.126532
0.128160
0.129468
0.130491
0.131239
0.131738
0.131988
0.131988
0.131738
0.131239
0.130491
0.129468
0.128160
0.126532
0.124577
0.122269
0.119575
0.116472
0.112921
0.108875
0.104276
0.099038
0.000000
0.000000
0.185181
0.103237
0.109279
0.114612
0.119326
0.123488
0.127132
0.130293
0.132982
0.135257
0.137154
0.138726
0.140035
0.141056
0.141906
0.142528
0.142988
0.143294
0.143448
0.143448
0.143294
0.142988
0.142528
0.141906
0.141056
0.140035
0.138726
0.137154
0.135257
0.132982
0.130293
0.127132
0.123488
0.119326
0.114612
0.109279
0.103237
0.122383
0.127189
0.131345
0.134865
0.137816
0.140246
0.142259
0.143945
0.145328
0.146514
0.147510
0.148351
0.149038
0.149611
0.150065
0.150389
0.150606
0.150714
0.150714
0.150606
0.150389
0.150065
0.149611
0.149038
0.148351
0.147510
0.146514
0.145328
0.143945
0.142259
0.140246
0.137816
0.134865
0.131345
0.127189
0.122383
0.136841
0.140117
0.142758
0.144951
0.146796
0.148383
0.149757
0.150961
0.152042
0.152993
0.153840
0.154588
0.155231
0.155768
0.156205
0.156541
0.156766
0.156878
0.156878
0.156766
0.156541
0.156205
0.155768
0.155231
0.154588
0.153840
0.152993
0.152042
0.150961
0.149757
0.148383
0.146796
0.144951
0.142758
0.140117
0.136841
0.146083
0.148186
0.150019
0.151642
0.153132
0.154514
0.155802
0.157026
0.158156
0.159229
0.160195
0.161087
0.161851
0.162518
0.163058
0.163463
0.163733
0.163868
0.163868
0.163733
0.163463
0.163058
0.162518
0.161851
0.161087
0.160195
0.159229
0.158156
0.157026
0.155802
0.154514
0.153132
0.151642
0.150019
0.148186
0.146083
0.152424
0.154227
0.155944
0.157624
0.159270
0.160877
0.162430
0.163916
0.165320
0.166597
0.167743
0.168741
0.169595
0.170297
0.170849
0.171263
0.171539
0.171677
0.171677
0.171539
0.171263
0.170849
0.170297
0.169595
0.168741
0.167743
0.166597
0.165320
0.163916
0.162430
0.160877
0.159270
0.157624
0.155944
0.154227
0.152424
0.158357
0.160412
0.162479
0.164528
0.166508
0.168369
0.170075
0.171593
0.172922
0.174091
0.175063
0.175913
0.176586
0.177141
0.177585
0.177918
0.178126
0.178226
0.178226
0.178126
0.177918
0.177585
0.177141
0.176586
0.175913
0.175063
0.174091
0.172922
0.171593
0.170075
0.168369
0.166508
0.164528
0.162479
0.160412
0.158357
0.165285
0.167711
0.169992
0.172060
0.173891
0.175478
0.176855
0.178069
0.179068
0.179968
0.180678
0.181297
0.181827
0.182229
0.182529
0.182755
0.182905
0.182980
0.182980
0.182905
0.182755
0.182529
0.182229
0.181827
0.181297
0.180678
0.179968
0.179068
0.178069
0.176855
0.175478
0.173891
0.172060
0.169992
0.167711
0.165285
0.172638
0.174801
0.176681
0.178313
0.179713
0.180895
0.181956
0.182790
0.183541
0.184166
0.184625
0.185026
0.185370
0.185657
0.185886
0.000000
0.000000
0.000000
0.000000
0.000000
0.000000
0.185886
0.185657
0.185370
0.185026
0.184625
0.184166
0.183541
0.182790
0.181956
0.180895
0.179713
0.178313
0.176681
0.174801
0.172638
0.178658
0.180317
0.181732
0.182900
0.183954
0.184710
0.185399
0.000000
0.000000
0.000000
0.000000
0.099671
0.101978
0.103853
0.105324
0.106414
0.107132
0.107490
0.107490
0.107132
0.106414
0.105324
0.103853
0.101978
0.099671
0.000000
0.000000
0.000000
0.000000
0.185399
0.184710
0.183954
0.182900
0.181732
0.180317
0.178658
0.183088
0.184280
0.185198
0.000000
0.000000
0.000000
0.101798
0.105886
0.109443
0.112529
0.115183
0.117440
0.119327
0.120865
0.122080
0.122968
0.123560
0.123856
0.123856
0.123560
0.122968
0.122080
0.120865
0.119327
0.117440
0.115183
0.112529
0.109443
0.105886
0.101798
0.000000
0.000000
0.000000
0.185198
0.184280
0.183088
0.000000
0.000000
0.100086
0.105719
0.110673
0.115037
0.118878
0.122248
0.125174
0.127699
0.129842
0.131629
0.133091
0.134274
0.135174
0.135849
0.136277
0.136485
0.136485
0.136277
0.135849
0.135174
0.134274
0.133091
0.131629
0.129842
0.127699
0.125174
0.122248
0.118878
0.115037
0.110673
0.105719
0.100086
0.000000
0.000000
0.105922
0.111895
0.117162
0.121822
0.125916
0.129467
0.132513
0.135084
0.137237
0.139020
0.140498
0.141711
0.142676
0.143456
0.144072
0.144493
0.144773
0.144913
0.144913
0.144773
0.144493
0.144072
0.143456
0.142676
0.141711
0.140498
0.139020
0.137237
0.135084
0.132513
0.129467
0.125916
0.121822
0.117162
0.111895
0.105922
0.121696
0.126639
0.130916
0.134546
0.137574
0.140086
0.142150
0.143867
0.145283
0.146494
0.147509
0.148365
0.149065
0.149648
0.150108
0.150439
0.150659
0.150769
0.150769
0.150659
0.150439
0.150108
0.149648
0.149065
0.148365
0.147509
0.146494
0.145283
0.143867
0.142150
0.140086
0.137574
0.134546
0.130916
0.126639
0.121696
0.134235
0.137914
0.140889
0.143343
0.145375
0.147085
0.148559
0.149842
0.150953
0.151945
0.152808
0.153562
0.154211
0.154758
0.155195
0.155522
0.155741
0.155850
0.155850
0.155741
0.155522
0.155195
0.154758
0.154211
0.153562
0.152808
0.151945
0.150953
0.149842
0.148559
0.147085
0.145375
0.143343
0.140889
0.137914
0.134235
0.142976
0.145467
0.147550
0.149338
0.150918
0.152343
0.153637
0.154834
0.155927
0.156951
0.157865
0.158706
0.159435
0.160045
0.160564
0.160953
0.161213
0.161343
0.161343
0.161213
0.160953
0.160564
0.160045
0.159435
0.158706
0.157865
0.156951
0.155927
0.154834
0.153637
0.152343
0.150918
0.149338
0.147550
0.145467
0.142976
0.148950
0.150884
0.152634
0.154255
0.155786
0.157262
0.158673
0.160010
0.161308
0.162505
0.163606
0.164593
0.165453
0.166173
0.166757
0.167195
0.167487
0.167633
0.167633
0.167487
0.167195
0.166757
0.166173
0.165453
0.164593
0.163606
0.162505
0.161308
0.160010
0.158673
0.157262
0.155786
0.154255
0.152634
0.150884
0.148950
0.153790
0.155646
0.157459
0.159248
0.161015
0.162746
0.164415
0.165992
0.167453
0.168762
0.169922
0.170909
0.171752
0.172431
0.172964
0.173363
0.173630
0.173763
0.173763
0.173630
0.173363
0.172964
0.172431
0.171752
0.170909
0.169922
0.168762
0.167453
0.165992
0.164415
0.162746
0.161015
0.159248
0.157459
0.155646
0.153790
0.158609
0.160724
0.162851
0.164955
0.166982
0.168875
0.170598
0.172137
0.173470
0.174621
0.175611
0.176437
0.177115
0.177681
0.178120
0.178425
0.178629
0.178731
0.178731
0.178629
0.178425
0.178120
0.177681
0.177115
0.176437
0.175611
0.174621
0.173470
0.172137
0.170598
0.168875
0.166982
0.164955
0.162851
0.160724
0.158609
0.164062
0.166512
0.168845
0.170991
0.172911
0.174598
0.176077
0.177321
0.178408
0.179325
0.180124
0.180754
0.181294
0.181744
0.182089
0.182319
0.182472
0.182549
0.182549
0.182472
0.182319
0.182089
0.181744
0.181294
0.180754
0.180124
0.179325
0.178408
0.177321
0.176077
0.174598
0.172911
0.170991
0.168845
0.166512
0.164062
0.169978
0.172352
0.174452
0.176284
0.177869
0.179207
0.180380
0.181371
0.182231
0.182921
0.183534
0.184054
0.184404
0.184696
0.184930
0.185106
0.185222
0.185281
0.185281
0.185222
0.185106
0.184930
0.184696
0.184404
0.184054
0.183534
0.182921
0.182231
0.181371
0.180380
0.179207
0.177869
0.176284
0.174452
0.172352
0.169978
0.175299
0.177285
0.178988
0.180457
0.181719
0.182758
0.183678
0.184397
0.184982
0.185508
0.185976
0.000000
0.000000
0.000000
0.000000
0.000000
0.000000
0.000000
0.000000
0.000000
0.000000
0.000000
0.000000
0.000000
0.000000
0.185976
0.185508
0.184982
0.184397
0.183678
0.182758
0.181719
0.180457
0.178988
0.177285
0.175299
0.179585
0.181167
0.182518
0.183669
0.184567
0.185327
0.000000
0.000000
0.000000
0.098333
0.101497
0.104181
0.106415
0.108238
0.109669
0.110725
0.111424
0.111773
0.111773
0.111424
0.110725
0.109669
0.108238
0.106415
0.104181
0.101497
0.098333
0.000000
0.000000
0.000000
0.185327
0.184567
0.183669
0.182518
0.181167
0.179585
0.182894
0.184151
0.185088
0.185966
0.000000
0.000000
0.101471
0.105654
0.109291
0.112444
0.115151
0.117454
0.119377
0.120945
0.122181
0.123087
0.123691
0.123993
0.123993
0.123691
0.123087
0.122181
0.120945
0.119377
0.117454
0.115151
0.112444
0.109291
0.105654
0.101471
0.000000
0.000000
0.185966
0.185088
0.184151
0.182894
0.185317
0.000000
0.000000
0.100667
0.106009
0.110690
0.114804
0.118412
0.121557
0.124279
0.126601
0.128559
0.130181
0.131477
0.132486
0.133221
0.133711
0.133956
0.133956
0.133711
0.133221
0.132486
0.131477
0.130181
0.128559
0.126601
0.124279
0.121557
0.118412
0.114804
0.110690
0.106009
0.100667
0.000000
0.000000
0.185317
0.000000
0.102592
0.108546
0.113787
0.118405
0.122470
0.126032
0.129101
0.131736
0.133957
0.135797
0.137301
0.138528
0.139503
0.140256
0.140786
0.141139
0.141316
0.141316
0.141139
0.140786
0.140256
0.139503
0.138528
0.137301
0.135797
0.133957
0.131736
0.129101
0.126032
0.122470
0.118405
0.113787
0.108546
0.102592
0.000000
0.109253
0.115123
0.120306
0.124861
0.128831
0.132244
0.135112
0.137518
0.139508
0.141145
0.142504
0.143619
0.144516
0.145232
0.145804
0.146211
0.146470
0.146599
0.146599
0.146470
0.146211
0.145804
0.145232
0.144516
0.143619
0.142504
0.141145
0.139508
0.137518
0.135112
0.132244
0.128831
0.124861
0.120306
0.115123
0.109253
0.120617
0.125743
0.130186
0.133967
0.137099
0.139710
0.141860
0.143626
0.145096
0.146348
0.147384
0.148267
0.148981
0.149576
0.150049
0.150386
0.150611
0.150723
0.150723
0.150611
0.150386
0.150049
0.149576
0.148981
0.148267
0.147384
0.146348
0.145096
0.143626
0.141860
0.139710
0.137099
0.133967
0.130186
0.125743
0.120617
0.130193
0.134437
0.137960
0.140808
0.143158
0.145105
0.146746
0.148157
0.149347
0.150396
0.151295
0.152081
0.152740
0.153290
0.153730
0.154061
0.154284
0.154395
0.154395
0.154284
0.154061
0.153730
0.153290
0.152740
0.152081
0.151295
0.150396
0.149347
0.148157
0.146746
0.145105
0.143158
0.140808
0.137960
0.134437
0.130193
0.137758
0.140995
0.143647
0.145833
0.147663
0.149239
0.150631
0.151869
0.152972
0.153962
0.154854
0.155634
0.156317
0.156900
0.157366
0.157715
0.157948
0.158069
0.158069
0.157948
0.157715
0.157366
0.156900
0.156317
0.155634
0.154854
0.153962
0.152972
0.151869
0.150631
0.149239
0.147663
0.145833
0.143647
0.140995
0.137758
0.143340
0.145845
0.147935
0.149728
0.151319
0.152765
0.154087
0.155314
0.156449
0.157498
0.158458
0.159326
0.160075
0.160738
0.161268
0.161665
0.161930
0.162067
0.162067
0.161930
0.161665
0.161268
0.160738
0.160075
0.159326
0.158458
0.157498
0.156449
0.155314
0.154087
0.152765
0.151319
0.149728
0.147935
0.145845
0.143340
0.147559
0.149622
0.151445
0.153109
0.154659
0.156116
0.157515
0.158849
0.160096
0.161289
0.162371
0.163354
0.164205
0.164937
0.165522
0.165962
0.166259
0.166408
0.166408
0.166259
0.165962
0.165522
0.164937
0.164205
0.163354
0.162371
0.161289
0.160096
0.158849
0.157515
0.156116
0.154659
0.153109
0.151445
0.149622
0.147559
0.151009
0.152903
0.154675
0.156366
0.158000
0.159614
0.161179
0.162676
0.164085
0.165403
0.166585
0.167629
0.168520
0.169261
0.169853
0.170289
0.170576
0.170719
0.170719
0.170576
0.170289
0.169853
0.169261
0.168520
0.167629
0.166585
0.165403
0.164085
0.162676
0.161179
0.159614
0.158000
0.156366
0.154675
0.152903
0.151009
0.154134
0.156035
0.157903
0.159760
0.161601
0.163406
0.165139
0.166764
0.168254
0.169588
0.170750
0.171755
0.172584
0.173265
0.173809
0.174202
0.174454
0.174581
0.174581
0.174454
0.174202
0.173809
0.173265
0.172584
0.171755
0.170750
0.169588
0.168254
0.166764
0.165139
0.163406
0.161601
0.159760
0.157903
0.156035
0.154134
0.157223
0.159286
0.161361
0.163433
0.165462
0.167393
0.169176
0.170782
0.172207
0.173432
0.174484
0.175370
0.176117
0.176695
0.177157
0.177504
0.177735
0.177850
0.177850
0.177735
0.177504
0.177157
0.176695
0.176117
0.175370
0.174484
0.173432
0.172207
0.170782
0.169176
0.167393
0.165462
0.163433
0.161361
0.159286
0.157223
0.160458
0.162759
0.165054
0.167276
0.169358
0.171247
0.172921
0.174389
0.175654
0.176724
0.177649
0.178413
0.179037
0.179558
0.179974
0.180253
0.180437
0.180529
0.180529
0.180437
0.180253
0.179974
0.179558
0.179037
0.178413
0.177649
0.176724
0.175654
0.174389
0.172921
0.171247
0.169358
0.167276
0.165054
0.162759
0.160458
0.163916
0.166414
0.168800
0.170994
0.172955
0.174675
0.176177
0.177449
0.178545
0.179483
0.180279
0.180923
0.181476
0.181936
0.182259
0.182494
0.182650
0.182729
0.182729
0.182650
0.182494
0.182259
0.181936
0.181476
0.180923
0.180279
0.179483
0.178545
0.177449
0.176177
0.174675
0.172955
0.170994
0.168800
0.166414
0.163916
0.167497
0.170024
0.172309
0.174329
0.176093
0.177597
0.178888
0.180030
0.180951
0.181780
0.182439
0.182987
0.183458
0.183849
0.184124
0.184303
0.184423
0.184482
0.184482
0.184423
0.184303
0.184124
0.183849
0.183458
0.182987
0.182439
0.181780
0.180951
0.180030
0.178888
0.177597
0.176093
0.174329
0.172309
0.170024
0.167497
0.170925
0.173300
0.175377
0.177168
0.178710
0.180058
0.181163
0.182150
0.182934
0.183639
0.184203
0.184621
0.184980
0.185279
0.185518
0.185697
0.185817
0.185877
0.185877
0.185817
0.185697
0.185518
0.185279
0.184980
0.184621
0.184203
0.183639
0.182934
0.182150
0.181163
0.180058
0.178710
0.177168
0.175377
0.173300
0.170925
0.174020
0.176160
0.178012
0.179576
0.180916
0.182097
0.183038
0.183901
0.184522
0.185060
0.185539
0.185957
0.000000
0.000000
0.000000
0.000000
0.000000
0.000000
0.000000
0.000000
0.000000
0.000000
0.000000
0.000000
0.185957
0.185539
0.185060
0.184522
0.183901
0.183038
0.182097
0.180916
0.179576
0.178012
0.176160
0.174020
0.176658
0.178566
0.180208
0.181592
0.182751
0.183771
0.184543
0.185201
0.185800
0.000000
0.000000
0.000000
0.000000
0.099082
0.100701
0.101901
0.102685
0.103076
0.103076
0.102685
0.101901
0.100701
0.099082
0.000000
0.000000
0.000000
0.000000
0.185800
0.185201
0.184543
0.183771
0.182751
0.181592
0.180208
0.178566
0.176658
0.178913
0.180608
0.182072
0.183249
0.184265
0.185043
0.185762
0.000000
0.000000
0.000000
0.100057
0.102838
0.105160
0.107050
0.108535
0.109632
0.110356
0.110714
0.110714
0.110356
0.109632
0.108535
0.107050
0.105160
0.102838
0.100057
0.000000
0.000000
0.000000
0.185762
0.185043
0.184265
0.183249
0.182072
0.180608
0.178913
0.180824
0.182335
0.183591
0.184587
0.185425
0.000000
0.000000
0.000000
0.101016
0.104549
0.107577
0.110145
0.112286
0.114034
0.115401
0.116416
0.117083
0.117417
0.117417
0.117083
0.116416
0.115401
0.114034
0.112286
0.110145
0.107577
0.104549
0.101016
0.000000
0.000000
0.000000
0.185425
0.184587
0.183591
0.182335
0.180824
0.182442
0.183778
0.184789
0.185688
0.000000
0.000000
0.099979
0.104325
0.108105
0.111370
0.114180
0.116560
0.118550
0.120175
0.121446
0.122389
0.123007
0.123316
0.123316
0.123007
0.122389
0.121446
0.120175
0.118550
0.116560
0.114180
0.111370
0.108105
0.104325
0.099979
0.000000
0.000000
0.185688
0.184789
0.183778
0.182442
0.183808
0.184872
0.185832
0.000000
0.000000
0.102146
0.106769
0.110809
0.114329
0.117375
0.119999
0.122218
0.124072
0.125572
0.126745
0.127614
0.128186
0.128464
0.128464
0.128186
0.127614
0.126745
0.125572
0.124072
0.122218
0.119999
0.117375
0.114329
0.110809
0.106769
0.102146
0.000000
0.000000
0.185832
0.184872
0.183808
0.184837
0.185856
0.000000
0.000000
0.103491
0.108423
0.112742
0.116523
0.119821
0.122670
0.125111
0.127170
0.128873
0.130253
0.131315
0.132106
0.132608
0.132859
0.132859
0.132608
0.132106
0.131315
0.130253
0.128873
0.127170
0.125111
0.122670
0.119821
0.116523
0.112742
0.108423
0.103491
0.000000
0.000000
0.185856
0.184837
0.185761
0.000000
0.098045
0.104056
0.109322
0.113953
0.118015
0.121565
0.124653
0.127309
0.129564
0.131444
0.132982
0.134223
0.135163
0.135869
0.136315
0.136532
0.136532
0.136315
0.135869
0.135163
0.134223
0.132982
0.131444
0.129564
0.127309
0.124653
0.121565
0.118015
0.113953
0.109322
0.104056
0.098045
0.000000
0.185761
0.000000
0.000000
0.103843
0.109490
0.114456
0.118822
0.122654
0.125999
0.128865
0.131310
0.133358
0.135046
0.136425
0.137515
0.138354
0.138953
0.139353
0.139552
0.139552
0.139353
0.138953
0.138354
0.137515
0.136425
0.135046
0.133358
0.131310
0.128865
0.125999
0.122654
0.118822
0.114456
0.109490
0.103843
0.000000
0.000000
0.000000
0.102846
0.108929
0.114277
0.118980
0.123116
0.126724
0.129841
0.132480
0.134696
0.136537
0.138058
0.139257
0.140233
0.140957
0.141501
0.141864
0.142040
0.142040
0.141864
0.141501
0.140957
0.140233
0.139257
0.138058
0.136537
0.134696
0.132480
0.129841
0.126724
0.123116
0.118980
0.114277
0.108929
0.102846
0.000000
0.101046
0.107627
0.113402
0.118488
0.122961
0.126871
0.130251
0.133114
0.135526
0.137525
0.139164
0.140511
0.141599
0.142455
0.143108
0.143598
0.143925
0.144079
0.144079
0.143925
0.143598
0.143108
0.142455
0.141599
0.140511
0.139164
0.137525
0.135526
0.133114
0.130251
0.126871
0.122961
0.118488
0.113402
0.107627
0.101046
0.105545
0.111816
0.117328
0.122189
0.126440
0.130124
0.133247
0.135887
0.138072
0.139872
0.141335
0.142545
0.143525
0.144308
0.144895
0.145336
0.145629
0.145776
0.145776
0.145629
0.145336
0.144895
0.144308
0.143525
0.142545
0.141335
0.139872
0.138072
0.135887
0.133247
0.130124
0.126440
0.122189
0.117328
0.111816
0.105545
0.109469
0.115476
0.120765
0.125410
0.129441
0.132879
0.135780
0.138182
0.140166
0.141800
0.143127
0.144244
0.145126
0.145860
0.146405
0.146804
0.147069
0.147202
0.147202
0.147069
0.146804
0.146405
0.145860
0.145126
0.144244
0.143127
0.141800
0.140166
0.138182
0.135780
0.132879
0.129441
0.125410
0.120765
0.115476
0.109469
0.112881
0.118665
0.123757
0.128195
0.132009
0.135203
0.137884
0.140087
0.141903
0.143385
0.144623
0.145652
0.146483
0.147147
0.147679
0.148072
0.148316
0.148438
0.148438
0.148316
0.148072
0.147679
0.147147
0.146483
0.145652
0.144623
0.143385
0.141903
0.140087
0.137884
0.135203
0.132009
0.128195
0.123757
0.118665
0.112881
0.115836
0.121424
0.126326
0.130558
0.134155
0.137134
0.139610
0.141645
0.143317
0.144709
0.145886
0.146828
0.147626
0.148267
0.148756
0.149123
0.149367
0.149490
0.149490
0.149367
0.149123
0.148756
0.148267
0.147626
0.146828
0.145886
0.144709
0.143317
0.141645
0.139610
0.137134
0.134155
0.130558
0.126326
0.121424
0.115836
0.118362
0.123786
0.128505
0.132544
0.135943
0.138725
0.141025
0.142923
0.144503
0.145827
0.146908
0.147840
0.148587
0.149198
0.149687
0.150051
0.150282
0.150398
0.150398
0.150282
0.150051
0.149687
0.149198
0.148587
0.147840
0.146908
0.145827
0.144503
0.142923
0.141025
0.138725
0.135943
0.132544
0.128505
0.123786
0.118362
0.120499
0.125771
0.130328
0.134191
0.137389
0.140042
0.142202
0.144004
0.145476
0.146724
0.147789
0.148663
0.149397
0.150008
0.150470
0.150817
0.151048
0.151164
0.151164
0.151048
0.150817
0.150470
0.150008
0.149397
0.148663
0.147789
0.146724
0.145476
0.144004
0.142202
0.140042
0.137389
0.134191
0.130328
0.125771
0.120499
0.122271
0.127404
0.131819
0.135513
0.138563
0.141062
0.143122
0.144831
0.146275
0.147473
0.148495
0.149352
0.150082
0.150660
0.151123
0.151469
0.151701
0.151816
0.151816
0.151701
0.151469
0.151123
0.150660
0.150082
0.149352
0.148495
0.147473
0.146275
0.144831
0.143122
0.141062
0.138563
0.135513
0.131819
0.127404
0.122271
0.123697
0.128713
0.132989
0.136557
0.139488
0.141903
0.143880
0.145513
0.146892
0.148084
0.149064
0.149922
0.150620
0.151198
0.151661
0.152008
0.152234
0.152347
0.152347
0.152234
0.152008
0.151661
0.151198
0.150620
0.149922
0.149064
0.148084
0.146892
0.145513
0.143880
0.141903
0.139488
0.136557
0.132989
0.128713
0.123697
0.124791
0.129721
0.133901
0.137350
0.140196
0.142508
0.144428
0.146045
0.147378
0.148532
0.149512
0.150349
0.151044
0.151622
0.152083
0.152423
0.152649
0.152762
0.152762
0.152649
0.152423
0.152083
0.151622
0.151044
0.150349
0.149512
0.148532
0.147378
0.146045
0.144428
0.142508
0.140196
0.137350
0.133901
0.129721
0.124791
0.125578
0.130433
0.134528
0.137926
0.140676
0.142941
0.144819
0.146399
0.147733
0.148858
0.149839
0.150658
0.151353
0.151932
0.152386
0.152726
0.152953
0.153066
0.153066
0.152953
0.152726
0.152386
0.151932
0.151353
0.150658
0.149839
0.148858
0.147733
0.146399
0.144819
0.142941
0.140676
0.137926
0.134528
0.130433
0.125578
0.126064
0.130867
0.134914
0.138262
0.140976
0.143213
0.145063
0.146621
0.147956
0.149063
0.150042
0.150853
0.151548
0.152125
0.152578
0.152918
0.153144
0.153257
0.153257
0.153144
0.152918
0.152578
0.152125
0.151548
0.150853
0.150042
0.149063
0.147956
0.146621
0.145063
0.143213
0.140976
0.138262
0.134914
0.130867
0.126064
0.126247
0.131037
0.135067
0.138393
0.141096
0.143322
0.145162
0.146711
0.148043
0.149147
0.150122
0.150933
0.151629
0.152204
0.152657
0.152997
0.153224
0.153337
0.153337
0.153224
0.152997
0.152657
0.152204
0.151629
0.150933
0.150122
0.149147
0.148043
0.146711
0.145162
0.143322
0.141096
0.138393
0.135067
0.131037
0.126247
0.126140
0.130942
0.134984
0.138324
0.141035
0.143268
0.145115
0.146669
0.148005
0.149110
0.150087
0.150899
0.151595
0.152171
0.152624
0.152964
0.153191
0.153305
0.153305
0.153191
0.152964
0.152624
0.152171
0.151595
0.150899
0.150087
0.149110
0.148005
0.146669
0.145115
0.143268
0.141035
0.138324
0.134984
0.130942
0.126140
0.125735
0.130581
0.134667
0.138056
0.140794
0.143052
0.144921
0.146495
0.147832
0.148951
0.149934
0.150750
0.151446
0.152025
0.152479
0.152819
0.153046
0.153160
0.153160
0.153046
0.152819
0.152479
0.152025
0.151446
0.150750
0.149934
0.148951
0.147832
0.146495
0.144921
0.143052
0.140794
0.138056
0.134667
0.130581
0.125735
0.125024
0.129953
0.134114
0.137551
0.140371
0.142672
0.144581
0.146188
0.147525
0.148670
0.149653
0.150485
0.151182
0.151762
0.152221
0.152562
0.152789
0.152902
0.152902
0.152789
0.152562
0.152221
0.151762
0.151182
0.150485
0.149653
0.148670
0.147525
0.146188
0.144581
0.142672
0.140371
0.137551
0.134114
0.129953
0.125024
0.124013
0.129017
0.133280
0.136823
0.139743
0.142129
0.144094
0.145722
0.147086
0.148267
0.149251
0.150106
0.150802
0.151383
0.151848
0.152192
0.152419
0.152532
0.152532
0.152419
0.152192
0.151848
0.151383
0.150802
0.150106
0.149251
0.148267
0.147086
0.145722
0.144094
0.142129
0.139743
0.136823
0.133280
0.129017
0.124013
0.122660
0.127793
0.132186
0.135866
0.138877
0.141359
0.143399
0.145088
0.146514
0.147719
0.148726
0.149587
0.150308
0.150889
0.151353
0.151702
0.151934
0.152050
0.152050
0.151934
0.151702
0.151353
0.150889
0.150308
0.149587
0.148726
0.147719
0.146514
0.145088
0.143399
0.141359
0.138877
0.135866
0.132186
0.127793
0.122660
0.120967
0.126236
0.130773
0.134607
0.137792
0.140392
0.142530
0.144308
0.145789
0.147014
0.148079
0.148941
0.149679
0.150279
0.150744
0.151092
0.151325
0.151441
0.151441
0.151325
0.151092
0.150744
0.150279
0.149679
0.148941
0.148079
0.147014
0.145789
0.144308
0.142530
0.140392
0.137792
0.134607
0.130773
0.126236
0.120967
0.118908
0.124331
0.129037
0.133051
0.136408
0.139166
0.141440
0.143310
0.144861
0.146176
0.147248
0.148171
0.148910
0.149526
0.150018
0.150367
0.150600
0.150716
0.150716
0.150600
0.150367
0.150018
0.149526
0.148910
0.148171
0.147248
0.146176
0.144861
0.143310
0.141440
0.139166
0.136408
0.133051
0.129037
0.124331
0.118908
0.116459
0.122055
0.126941
0.131154
0.134710
0.137671
0.140110
0.142113
0.143762
0.145121
0.146277
0.147216
0.148019
0.148635
0.149128
0.149498
0.149744
0.149867
0.149867
0.149744
0.149498
0.149128
0.148635
0.148019
0.147216
0.146277
0.145121
0.143762
0.142113
0.140110
0.137671
0.134710
0.131154
0.126941
0.122055
0.116459
0.113583
0.119370
0.124457
0.128877
0.132656
0.135836
0.138453
0.140613
0.142401
0.143887
0.145085
0.146112
0.146916
0.147587
0.148114
0.148484
0.148730
0.148854
0.148854
0.148730
0.148484
0.148114
0.147587
0.146916
0.146112
0.145085
0.143887
0.142401
0.140613
0.138453
0.135836
0.132656
0.128877
0.124457
0.119370
0.113583
0.110245
0.116259
0.121550
0.126190
0.130201
0.133606
0.136454
0.138807
0.140752
0.142362
0.143683
0.144754
0.145645
0.146350
0.146886
0.147289
0.147558
0.147692
0.147692
0.147558
0.147289
0.146886
0.146350
0.145645
0.144754
0.143683
0.142362
0.140752
0.138807
0.136454
0.133606
0.130201
0.126190
0.121550
0.116259
0.110245
0.106391
0.112668
0.118193
0.123046
0.127288
0.130940
0.134049
0.136621
0.138759
0.140525
0.141993
0.143150
0.144127
0.144870
0.145464
0.145909
0.146186
0.146321
0.146321
0.146186
0.145909
0.145464
0.144870
0.144127
0.143150
0.141993
0.140525
0.138759
0.136621
0.134049
0.130940
0.127288
0.123046
0.118193
0.112668
0.106391
0.101966
0.108553
0.114338
0.119428
0.123906
0.127802
0.131143
0.133991
0.136348
0.138308
0.139927
0.141218
0.142288
0.143114
0.143776
0.144244
0.144541
0.144690
0.144690
0.144541
0.144244
0.143776
0.143114
0.142288
0.141218
0.139927
0.138308
0.136348
0.133991
0.131143
0.127802
0.123906
0.119428
0.114338
0.108553
0.101966
0.000000
0.103845
0.109940
0.115289
0.120006
0.124138
0.127731
0.130810
0.133423
0.135607
0.137404
0.138871
0.140078
0.140996
0.141730
0.142253
0.142584
0.142749
0.142749
0.142584
0.142253
0.141730
0.140996
0.140078
0.138871
0.137404
0.135607
0.133423
0.130810
0.127731
0.124138
0.120006
0.115289
0.109940
0.103845
0.000000
0.000000
0.098453
0.104912
0.110575
0.115549
0.119925
0.123753
0.127074
0.129937
0.132347
0.134361
0.136030
0.137357
0.138423
0.139234
0.139841
0.140224
0.140407
0.140407
0.140224
0.139841
0.139234
0.138423
0.137357
0.136030
0.134361
0.132347
0.129937
0.127074
0.123753
0.119925
0.115549
0.110575
0.104912
0.098453
0.000000
0.185897
0.000000
0.099175
0.105202
0.110484
0.115118
0.119184
0.122738
0.125825
0.128462
0.130691
0.132547
0.134073
0.135267
0.136206
0.136869
0.137312
0.137533
0.137533
0.137312
0.136869
0.136206
0.135267
0.134073
0.132547
0.130691
0.128462
0.125825
0.122738
0.119184
0.115118
0.110484
0.105202
0.099175
0.000000
0.185897
0.184966
0.000000
0.000000
0.099070
0.104716
0.109661
0.113993
0.117777
0.121071
0.123927
0.126357
0.128402
0.130095
0.131445
0.132496
0.133261
0.133772
0.134025
0.134025
0.133772
0.133261
0.132496
0.131445
0.130095
0.128402
0.126357
0.123927
0.121071
0.117777
0.113993
0.109661
0.104716
0.099070
0.000000
0.000000
0.184966
0.183966
0.185010
0.185986
0.000000
0.098135
0.103442
0.108085
0.112133
0.115656
0.118706
0.121326
0.123547
0.125392
0.126886
0.128062
0.128912
0.129478
0.129761
0.129761
0.129478
0.128912
0.128062
0.126886
0.125392
0.123547
0.121326
0.118706
0.115656
0.112133
0.108085
0.103442
0.098135
0.000000
0.185986
0.185010
0.183966
0.182584
0.183945
0.184934
0.185849
0.000000
0.000000
0.101343
0.105707
0.109494
0.112769
0.115582
0.117973
0.119965
0.121584
0.122855
0.123799
0.124416
0.124721
0.124721
0.124416
0.123799
0.122855
0.121584
0.119965
0.117973
0.115582
0.112769
0.109494
0.105707
0.101343
0.000000
0.000000
0.185849
0.184934
0.183945
0.182584
0.180968
0.182483
0.183764
0.184735
0.185590
0.000000
0.000000
0.098361
0.102466
0.106013
0.109043
0.111618
0.113765
0.115512
0.116885
0.117906
0.118572
0.118904
0.118904
0.118572
0.117906
0.116885
0.115512
0.113765
0.111618
0.109043
0.106013
0.102466
0.098361
0.000000
0.000000
0.185590
0.184735
0.183764
0.182483
0.180968
0.179043
0.180755
0.182222
0.183424
0.184416
0.185209
0.185943
0.000000
0.000000
0.098272
0.101575
0.104371
0.106698
0.108594
0.110086
0.111181
0.111911
0.112269
0.112269
0.111911
0.111181
0.110086
0.108594
0.106698
0.104371
0.101575
0.098272
0.000000
0.000000
0.185943
0.185209
0.184416
0.183424
0.182222
0.180755
0.179043
