0.119065
0.121984
0.124617
0.126992
0.129119
0.131007
0.132674
0.134143
0.135401
0.136494
0.137427
0.138222
0.138863
0.139396
0.139824
0.140130
0.140324
0.140421
0.140421
0.140324
0.140130
0.139824
0.139396
0.138863
0.138222
0.137427
0.136494
0.135401
0.134143
0.132674
0.131007
0.129119
0.126992
0.124617
0.121984
0.119065
0.130184
0.132568
0.134673
0.136520
0.138139
0.139528
0.140734
0.141799
0.142691
0.143476
0.144156
0.144705
0.145175
0.145567
0.145880
0.146104
0.146246
0.146317
0.146317
0.146246
0.146104
0.145880
0.145567
0.145175
0.144705
0.144156
0.143476
0.142691
0.141799
0.140734
0.139528
0.138139
0.136520
0.134673
0.132568
0.130184
0.138805
0.140563
0.142102
0.143411
0.144568
0.145587
0.146477
0.147257
0.147965
0.148554
0.149075
0.149531
0.149922
0.150234
0.150480
0.150664
0.150787
0.150849
0.150849
0.150787
0.150664
0.150480
0.150234
0.149922
0.149531
0.149075
0.148554
0.147965
0.147257
0.146477
0.145587
0.144568
0.143411
0.142102
0.140563
0.138805
0.144981
0.146283
0.147418
0.148442
0.149354
0.150190
0.150928
0.151605
0.152215
0.152756
0.153237
0.153658
0.154019
0.154324
0.154568
0.154751
0.154873
0.154934
0.154934
0.154873
0.154751
0.154568
0.154324
0.154019
0.153658
0.153237
0.152756
0.152215
0.151605
0.150928
0.150190
0.149354
0.148442
0.147418
0.146283
0.144981
0.149634
0.150700
0.151685
0.152594
0.153436
0.154221
0.154953
0.155624
0.156244
0.156817
0.157327
0.157772
0.158164
0.158503
0.158774
0.158977
0.159113
0.159180
0.159180
0.159113
0.158977
0.158774
0.158503
0.158164
0.157772
0.157327
0.156817
0.156244
0.155624
0.154953
0.154221
0.153436
0.152594
0.151685
0.150700
0.149634
0.153636
0.154668
0.155644
0.156584
0.157475
0.158323
0.159136
0.159881
0.160597
0.161249
0.161828
0.162354
0.162814
0.163198
0.163505
0.163735
0.163888
0.163965
0.163965
0.163888
0.163735
0.163505
0.163198
0.162814
0.162354
0.161828
0.161249
0.160597
0.159881
0.159136
0.158323
0.157475
0.156584
0.155644
0.154668
0.153636
0.157625
0.158753
0.159838
0.160913
0.161926
0.162919
0.163840
0.164712
0.165511
0.166235
0.166886
0.167455
0.167944
0.168348
0.168671
0.168914
0.169075
0.169156
0.169156
0.169075
0.168914
0.168671
0.168348
0.167944
0.167455
0.166886
0.166235
0.165511
0.164712
0.163840
0.162919
0.161926
0.160913
0.159838
0.158753
0.157625
0.162027
0.163332
0.164583
0.165782
0.166918
0.167976
0.168946
0.169835
0.170623
0.171328
0.171955
0.172476
0.172922
0.173293
0.173589
0.173812
0.173960
0.174032
0.174032
0.173960
0.173812
0.173589
0.173293
0.172922
0.172476
0.171955
0.171328
0.170623
0.169835
0.168946
0.167976
0.166918
0.165782
0.164583
0.163332
0.162027
0.166950
0.168332
0.169626
0.170812
0.171909
0.172879
0.173769
0.174544
0.175233
0.175853
0.176370
0.176811
0.177188
0.177503
0.177755
0.177944
0.178063
0.178120
0.178120
0.178063
0.177944
0.177755
0.177503
0.177188
0.176811
0.176370
0.175853
0.175233
0.174544
0.173769
0.172879
0.171909
0.170812
0.169626
0.168332
0.166950
0.171864
0.173133
0.174298
0.175332
0.176272
0.177091
0.177846
0.178485
0.179052
0.179563
0.180014
0.180365
0.180666
0.180916
0.181117
0.181267
0.181367
0.181417
0.181417
0.181367
0.181267
0.181117
0.180916
0.180666
0.180365
0.180014
0.179563
0.179052
0.178485
0.177846
0.177091
0.176272
0.175332
0.174298
0.173133
0.171864
0.176175
0.177246
0.178228
0.179079
0.179873
0.180539
0.181141
0.181692
0.182164
0.182548
0.182889
0.183187
0.183443
0.183656
0.183826
0.183954
0.184030
0.184062
0.184062
0.184030
0.183954
0.183826
0.183656
0.183443
0.183187
0.182889
0.182548
0.182164
0.181692
0.181141
0.180539
0.179873
0.179079
0.178228
0.177246
0.176175
0.179730
0.180614
0.181416
0.182143
0.182739
0.183294
0.183805
0.184209
0.184534
0.184826
0.185086
0.185314
0.185509
0.185671
0.185801
0.185899
0.185964
0.185996
0.185996
0.185964
0.185899
0.185801
0.185671
0.185509
0.185314
0.185086
0.184826
0.184534
0.184209
0.183805
0.183294
0.182739
0.182143
0.181416
0.180614
0.179730
0.182590
0.183315
0.183998
0.184486
0.184941
0.185363
0.185754
0.000000
0.000000
0.000000
0.000000
0.000000
0.000000
0.000000
0.000000
0.098448
0.098892
0.099114
0.099114
0.098892
0.098448
0.000000
0.000000
0.000000
0.000000
0.000000
0.000000
0.000000
0.000000
0.185754
0.185363
0.184941
0.184486
0.183998
0.183315
0.182590
0.184796
0.185348
0.185869
0.000000
0.000000
0.000000
0.000000
0.099682
0.101861
0.103776
0.105443
0.106877
0.108094
0.109087
0.109881
0.110466
0.110854
0.111048
0.111048
0.110854
0.110466
0.109881
0.109087
0.108094
0.106877
0.105443
0.103776
0.101861
0.099682
0.000000
0.000000
0.000000
0.000000
0.185869
0.185348
0.184796
0.000000
0.000000
0.000000
0.101116
0.104108
0.106791
0.109202
0.111356
0.113268
0.114953
0.116426
0.117694
0.118762
0.119645
0.120343
0.120860
0.121205
0.121377
0.121377
0.121205
0.120860
0.120343
0.119645
0.118762
0.117694
0.116426
0.114953
0.113268
0.111356
0.109202
0.106791
0.104108
0.101116
0.000000
0.000000
0.000000
0.102747
0.106301
0.109518
0.112432
0.115065
0.117441
0.119576
0.121482
0.123172
0.124660
0.125961
0.127061
0.128003
0.128757
0.129360
0.129812
0.130109
0.130252
0.130252
0.130109
0.129812
0.129360
0.128757
0.128003
0.127061
0.125961
0.124660
0.123172
0.121482
0.119576
0.117441
0.115065
0.112432
0.109518
0.106301
0.102747
0.113686
0.116827
0.119685
0.122271
0.124599
0.126689
0.128551
0.130200
0.131638
0.132882
0.133970
0.134863
0.135627
0.136244
0.136716
0.137070
0.137305
0.137423
0.137423
0.137305
0.137070
0.136716
0.136244
0.135627
0.134863
0.133970
0.132882
0.131638
0.130200
0.128551
0.126689
0.124599
0.122271
0.119685
0.116827
0.113686
0.123215
0.126004
0.128496
0.130724
0.132698
0.134437
0.135965
0.137265
0.138407
0.139380
0.140222
0.140908
0.141496
0.141986
0.142340
0.142605
0.142781
0.142869
0.142869
0.142781
0.142605
0.142340
0.141986
0.141496
0.140908
0.140222
0.139380
0.138407
0.137265
0.135965
0.134437
0.132698
0.130724
0.128496
0.126004
0.123215
0.131394
0.133740
0.135795
0.137580
0.139129
0.140484
0.141660
0.142665
0.143548
0.144307
0.144942
0.145497
0.145973
0.146334
0.146621
0.146836
0.146980
0.147052
0.147052
0.146980
0.146836
0.146621
0.146334
0.145973
0.145497
0.144942
0.144307
0.143548
0.142665
0.141660
0.140484
0.139129
0.137580
0.135795
0.133740
0.131394
0.138013
0.139851
0.141434
0.142815
0.144045
0.145077
0.146026
0.146815
0.147533
0.148164
0.148691
0.149153
0.149548
0.149878
0.150134
0.150320
0.150445
0.150507
0.150507
0.150445
0.150320
0.150134
0.149878
0.149548
0.149153
0.148691
0.148164
0.147533
0.146815
0.146026
0.145077
0.144045
0.142815
0.141434
0.139851
0.138013
0.143053
0.144498
0.145768
0.146867
0.147871
0.148739
0.149530
0.150241
0.150864
0.151424
0.151923
0.152350
0.152716
0.153020
0.153263
0.153446
0.153568
0.153629
0.153629
0.153568
0.153446
0.153263
0.153020
0.152716
0.152350
0.151923
0.151424
0.150864
0.150241
0.149530
0.148739
0.147871
0.146867
0.145768
0.144498
0.143053
0.146991
0.148194
0.149249
0.150225
0.151097
0.151907
0.152640
0.153309
0.153918
0.154472
0.154966
0.155398
0.155769
0.156081
0.156338
0.156532
0.156661
0.156725
0.156725
0.156661
0.156532
0.156338
0.156081
0.155769
0.155398
0.154966
0.154472
0.153918
0.153309
0.152640
0.151907
0.151097
0.150225
0.149249
0.148194
0.146991
0.150272
0.151331
0.152321
0.153234
0.154088
0.154890
0.155631
0.156324
0.156969
0.157549
0.158069
0.158549
0.158961
0.159304
0.159578
0.159784
0.159921
0.159990
0.159990
0.159921
0.159784
0.159578
0.159304
0.158961
0.158549
0.158069
0.157549
0.156969
0.156324
0.155631
0.154890
0.154088
0.153234
0.152321
0.151331
0.150272
0.153220
0.154259
0.155247
0.156181
0.157084
0.157923
0.158741
0.159496
0.160194
0.160854
0.161440
0.161953
0.162416
0.162805
0.163115
0.163348
0.163503
0.163581
0.163581
0.163503
0.163348
0.163115
0.162805
0.162416
0.161953
0.161440
0.160854
0.160194
0.159496
0.158741
0.157923
0.157084
0.156181
0.155247
0.154259
0.153220
0.156104
0.157201
0.158248
0.159277
0.160254
0.161207
0.162092
0.162946
0.163723
0.164440
0.165087
0.165653
0.166141
0.166553
0.166883
0.167130
0.167295
0.167377
0.167377
0.167295
0.167130
0.166883
0.166553
0.166141
0.165653
0.165087
0.164440
0.163723
0.162946
0.162092
0.161207
0.160254
0.159277
0.158248
0.157201
0.156104
0.159127
0.160314
0.161488
0.162622
0.163710
0.164750
0.165722
0.166623
0.167447
0.168187
0.168842
0.169415
0.169906
0.170305
0.170622
0.170860
0.171019
0.171098
0.171098
0.171019
0.170860
0.170622
0.170305
0.169906
0.169415
0.168842
0.168187
0.167447
0.166623
0.165722
0.164750
0.163710
0.162622
0.161488
0.160314
0.159127
0.162377
0.163698
0.164981
0.166199
0.167353
0.168422
0.169404
0.170295
0.171088
0.171802
0.172413
0.172939
0.173390
0.173766
0.174062
0.174271
0.174411
0.174480
0.174480
0.174411
0.174271
0.174062
0.173766
0.173390
0.172939
0.172413
0.171802
0.171088
0.170295
0.169404
0.168422
0.167353
0.166199
0.164981
0.163698
0.162377
0.165861
0.167260
0.168575
0.169803
0.170920
0.171951
0.172856
0.173683
0.174403
0.175031
0.175590
0.176072
0.176454
0.176773
0.177028
0.177220
0.177347
0.177411
0.177411
0.177347
0.177220
0.177028
0.176773
0.176454
0.176072
0.175590
0.175031
0.174403
0.173683
0.172856
0.171951
0.170920
0.169803
0.168575
0.167260
0.165861
0.169384
0.170753
0.172021
0.173149
0.174187
0.175095
0.175933
0.176640
0.177278
0.177852
0.178326
0.178728
0.179073
0.179360
0.179589
0.179762
0.179877
0.179934
0.179934
0.179877
0.179762
0.179589
0.179360
0.179073
0.178728
0.178326
0.177852
0.177278
0.176640
0.175933
0.175095
0.174187
0.173149
0.172021
0.170753
0.169384
0.172691
0.173969
0.175089
0.176125
0.177018
0.177847
0.178552
0.179184
0.179758
0.180243
0.180649
0.181004
0.181309
0.181563
0.181766
0.181918
0.182017
0.182060
0.182060
0.182017
0.181918
0.181766
0.181563
0.181309
0.181004
0.180649
0.180243
0.179758
0.179184
0.178552
0.177847
0.177018
0.176125
0.175089
0.173969
0.172691
0.175642
0.176758
0.177780
0.178663
0.179468
0.180190
0.180799
0.181357
0.181865
0.182274
0.182619
0.182921
0.183180
0.183396
0.183569
0.183699
0.183785
0.183828
0.183828
0.183785
0.183699
0.183569
0.183396
0.183180
0.182921
0.182619
0.182274
0.181865
0.181357
0.180799
0.180190
0.179468
0.178663
0.177780
0.176758
0.175642
0.178201
0.179178
0.180086
0.180848
0.181559
0.182186
0.182704
0.183179
0.183611
0.184000
0.184263
0.184494
0.184691
0.184856
0.184988
0.185086
0.185152
0.185185
0.185185
0.185152
0.185086
0.184988
0.184856
0.184691
0.184494
0.184263
0.184000
0.183611
0.183179
0.182704
0.182186
0.181559
0.180848
0.180086
0.179178
0.178201
0.180389
0.181253
0.182056
0.182704
0.183308
0.183870
0.184296
0.184658
0.184988
0.185284
0.185547
0.185778
0.185976
0.000000
0.000000
0.000000
0.000000
0.000000
0.000000
0.000000
0.000000
0.000000
0.000000
0.185976
0.185778
0.185547
0.185284
0.184988
0.184658
0.184296
0.183870
0.183308
0.182704
0.182056
0.181253
0.180389
0.182271
0.183006
0.183697
0.184263
0.184724
0.185153
0.185548
0.185910
0.000000
0.000000
0.000000
0.000000
0.000000
0.000000
0.000000
0.000000
0.000000
0.000000
0.000000
0.000000
0.000000
0.000000
0.000000
0.000000
0.000000
0.000000
0.000000
0.000000
0.185910
0.185548
0.185153
0.184724
0.184263
0.183697
0.183006
0.182271
0.183871
0.184461
0.184989
0.185483
0.185944
0.000000
0.000000
0.000000
0.000000
0.098141
0.099941
0.101483
0.102786
0.103862
0.104707
0.105339
0.105760
0.105970
0.105970
0.105760
0.105339
0.104707
0.103862
0.102786
0.101483
0.099941
0.098141
0.000000
0.000000
0.000000
0.000000
0.185944
0.185483
0.184989
0.184461
0.183871
0.185088
0.185649
0.000000
0.000000
0.000000
0.000000
0.099503
0.101936
0.104088
0.105984
0.107631
0.109049
0.110251
0.111234
0.112021
0.112598
0.112982
0.113175
0.113175
0.112982
0.112598
0.112021
0.111234
0.110251
0.109049
0.107631
0.105984
0.104088
0.101936
0.099503
0.000000
0.000000
0.000000
0.000000
0.185649
0.185088
0.000000
0.000000
0.000000
0.098617
0.101730
0.104524
0.107029
0.109265
0.111250
0.112998
0.114525
0.115840
0.116945
0.117863
0.118583
0.119120
0.119479
0.119658
0.119658
0.119479
0.119120
0.118583
0.117863
0.116945
0.115840
0.114525
0.112998
0.111250
0.109265
0.107029
0.104524
0.101730
0.098617
0.000000
0.000000
0.000000
0.000000
0.099309
0.102830
0.106016
0.108880
0.111465
0.113786
0.115858
0.117698
0.119318
0.120732
0.121955
0.122976
0.123825
0.124490
0.124984
0.125314
0.125478
0.125478
0.125314
0.124984
0.124490
0.123825
0.122976
0.121955
0.120732
0.119318
0.117698
0.115858
0.113786
0.111465
0.108880
0.106016
0.102830
0.099309
0.000000
0.102849
0.106447
0.109705
0.112651
0.115314
0.117718
0.119875
0.121800
0.123505
0.125004
0.126311
0.127426
0.128366
0.129130
0.129742
0.130191
0.130483
0.130628
0.130628
0.130483
0.130191
0.129742
0.129130
0.128366
0.127426
0.126311
0.125004
0.123505
0.121800
0.119875
0.117718
0.115314
0.112651
0.109705
0.106447
0.102849
0.109526
0.112865
0.115900
0.118642
0.121123
0.123357
0.125355
0.127129
0.128693
0.130066
0.131232
0.132239
0.133067
0.133756
0.134288
0.134675
0.134934
0.135063
0.135063
0.134934
0.134675
0.134288
0.133756
0.133067
0.132239
0.131232
0.130066
0.128693
0.127129
0.125355
0.123357
0.121123
0.118642
0.115900
0.112865
0.109526
0.115548
0.118666
0.121496
0.124059
0.126355
0.128409
0.130233
0.131838
0.133226
0.134438
0.135471
0.136347
0.137065
0.137663
0.138129
0.138458
0.138677
0.138787
0.138787
0.138677
0.138458
0.138129
0.137663
0.137065
0.136347
0.135471
0.134438
0.133226
0.131838
0.130233
0.128409
0.126355
0.124059
0.121496
0.118666
0.115548
0.120997
0.123916
0.126539
0.128892
0.130986
0.132835
0.134459
0.135880
0.137086
0.138149
0.139025
0.139793
0.140408
0.140905
0.141303
0.141601
0.141800
0.141899
0.141899
0.141800
0.141601
0.141303
0.140905
0.140408
0.139793
0.139025
0.138149
0.137086
0.135880
0.134459
0.132835
0.130986
0.128892
0.126539
0.123916
0.120997
0.125925
0.128612
0.131011
0.133135
0.134999
0.136629
0.138060
0.139265
0.140328
0.141223
0.142016
0.142643
0.143180
0.143628
0.143986
0.144229
0.144390
0.144470
0.144470
0.144390
0.144229
0.143986
0.143628
0.143180
0.142643
0.142016
0.141223
0.140328
0.139265
0.138060
0.136629
0.134999
0.133135
0.131011
0.128612
0.125925
0.130308
0.132747
0.134895
0.136772
0.138410
0.139836
0.141044
0.142124
0.143020
0.143826
0.144487
0.145051
0.145534
0.145936
0.146233
0.146451
0.146597
0.146670
0.146670
0.146597
0.146451
0.146233
0.145936
0.145534
0.145051
0.144487
0.143826
0.143020
0.142124
0.141044
0.139836
0.138410
0.136772
0.134895
0.132747
0.130308
0.134145
0.136317
0.138213
0.139859
0.141265
0.142502
0.143577
0.144505
0.145310
0.146032
0.146614
0.147123
0.147560
0.147924
0.148198
0.148398
0.148532
0.148599
0.148599
0.148532
0.148398
0.148198
0.147924
0.147560
0.147123
0.146614
0.146032
0.145310
0.144505
0.143577
0.142502
0.141265
0.139859
0.138213
0.136317
0.134145
0.137420
0.139334
0.140988
0.142433
0.143687
0.144766
0.145732
0.146559
0.147287
0.147942
0.148482
0.148950
0.149351
0.149686
0.149954
0.150146
0.150272
0.150335
0.150335
0.150272
0.150146
0.149954
0.149686
0.149351
0.148950
0.148482
0.147942
0.147287
0.146559
0.145732
0.144766
0.143687
0.142433
0.140988
0.139334
0.137420
0.140215
0.141907
0.143351
0.144625
0.145752
0.146723
0.147596
0.148365
0.149034
0.149637
0.150163
0.150605
0.150984
0.151300
0.151553
0.151742
0.151869
0.151932
0.151932
0.151869
0.151742
0.151553
0.151300
0.150984
0.150605
0.150163
0.149637
0.149034
0.148365
0.147596
0.146723
0.145752
0.144625
0.143351
0.141907
0.140215
0.142566
0.144081
0.145370
0.146523
0.147543
0.148450
0.149253
0.149990
0.150622
0.151191
0.151697
0.152136
0.152507
0.152816
0.153063
0.153248
0.153372
0.153434
0.153434
0.153372
0.153248
0.153063
0.152816
0.152507
0.152136
0.151697
0.151191
0.150622
0.149990
0.149253
0.148450
0.147543
0.146523
0.145370
0.144081
0.142566
0.144586
0.145956
0.147126
0.148201
0.149138
0.150008
0.150767
0.151462
0.152093
0.152649
0.153143
0.153576
0.153947
0.154259
0.154510
0.154698
0.154823
0.154886
0.154886
0.154823
0.154698
0.154510
0.154259
0.153947
0.153576
0.153143
0.152649
0.152093
0.151462
0.150767
0.150008
0.149138
0.148201
0.147126
0.145956
0.144586
0.146345
0.147584
0.148689
0.149694
0.150596
0.151418
0.152173
0.152853
0.153472
0.154028
0.154530
0.154968
0.155344
0.155658
0.155908
0.156101
0.156232
0.156297
0.156297
0.156232
0.156101
0.155908
0.155658
0.155344
0.154968
0.154530
0.154028
0.153472
0.152853
0.152173
0.151418
0.150596
0.149694
0.148689
0.147584
0.146345
0.147897
0.149044
0.150110
0.151059
0.151944
0.152749
0.153491
0.154174
0.154801
0.155365
0.155866
0.156319
0.156712
0.157039
0.157301
0.157497
0.157628
0.157694
0.157694
0.157628
0.157497
0.157301
0.157039
0.156712
0.156319
0.155866
0.155365
0.154801
0.154174
0.153491
0.152749
0.151944
0.151059
0.150110
0.149044
0.147897
0.149266
0.150383
0.151395
0.152337
0.153203
0.154007
0.154759
0.155449
0.156079
0.156669
0.157193
0.157651
0.158047
0.158395
0.158674
0.158883
0.159022
0.159092
0.159092
0.159022
0.158883
0.158674
0.158395
0.158047
0.157651
0.157193
0.156669
0.156079
0.155449
0.154759
0.154007
0.153203
0.152337
0.151395
0.150383
0.149266
0.150530
0.151606
0.152605
0.153533
0.154405
0.155220
0.155973
0.156692
0.157347
0.157937
0.158490
0.158978
0.159396
0.159745
0.160025
0.160248
0.160397
0.160471
0.160471
0.160397
0.160248
0.160025
0.159745
0.159396
0.158978
0.158490
0.157937
0.157347
0.156692
0.155973
0.155220
0.154405
0.153533
0.152605
0.151606
0.150530
0.151691
0.152750
0.153740
0.154678
0.155556
0.156388
0.157175
0.157896
0.158586
0.159213
0.159771
0.160276
0.160723
0.161095
0.161393
0.161617
0.161766
0.161840
0.161840
0.161766
0.161617
0.161393
0.161095
0.160723
0.160276
0.159771
0.159213
0.158586
0.157896
0.157175
0.156388
0.155556
0.154678
0.153740
0.152750
0.151691
0.152772
0.153825
0.154826
0.155768
0.156675
0.157527
0.158334
0.159101
0.159798
0.160454
0.161050
0.161572
0.162020
0.162414
0.162730
0.162967
0.163124
0.163203
0.163203
0.163124
0.162967
0.162730
0.162414
0.162020
0.161572
0.161050
0.160454
0.159798
0.159101
0.158334
0.157527
0.156675
0.155768
0.154826
0.153825
0.152772
0.153786
0.154850
0.155854
0.156831
0.157749
0.158640
0.159477
0.160261
0.161006
0.161676
0.162288
0.162841
0.163315
0.163709
0.164026
0.164273
0.164437
0.164520
0.164520
0.164437
0.164273
0.164026
0.163709
0.163315
0.162841
0.162288
0.161676
0.161006
0.160261
0.159477
0.158640
0.157749
0.156831
0.155854
0.154850
0.153786
0.154749
0.155816
0.156857
0.157841
0.158808
0.159715
0.160589
0.161409
0.162163
0.162874
0.163506
0.164061
0.164555
0.164966
0.165295
0.165542
0.165706
0.165788
0.165788
0.165706
0.165542
0.165295
0.164966
0.164555
0.164061
0.163506
0.162874
0.162163
0.161409
0.160589
0.159715
0.158808
0.157841
0.156857
0.155816
0.154749
0.155653
0.156753
0.157803
0.158837
0.159814
0.160770
0.161664
0.162513
0.163303
0.164014
0.164673
0.165248
0.165742
0.166156
0.166491
0.166743
0.166910
0.166994
0.166994
0.166910
0.166743
0.166491
0.166156
0.165742
0.165248
0.164673
0.164014
0.163303
0.162513
0.161664
0.160770
0.159814
0.158837
0.157803
0.156753
0.155653
0.156518
0.157633
0.158727
0.159774
0.160802
0.161771
0.162706
0.163575
0.164380
0.165121
0.165779
0.166362
0.166864
0.167283
0.167619
0.167870
0.168037
0.168120
0.168120
0.168037
0.167870
0.167619
0.167283
0.166864
0.166362
0.165779
0.165121
0.164380
0.163575
0.162706
0.161771
0.160802
0.159774
0.158727
0.157633
0.156518
0.157333
0.158478
0.159595
0.160686
0.161730
0.162741
0.163690
0.164582
0.165405
0.166149
0.166819
0.167406
0.167909
0.168326
0.168659
0.168908
0.169075
0.169158
0.169158
0.169075
0.168908
0.168659
0.168326
0.167909
0.167406
0.166819
0.166149
0.165405
0.164582
0.163690
0.162741
0.161730
0.160686
0.159595
0.158478
0.157333
0.158090
0.159277
0.160421
0.161540
0.162619
0.163647
0.164620
0.165526
0.166356
0.167110
0.167781
0.168366
0.168865
0.169281
0.169615
0.169864
0.170030
0.170111
0.170111
0.170030
0.169864
0.169615
0.169281
0.168865
0.168366
0.167781
0.167110
0.166356
0.165526
0.164620
0.163647
0.162619
0.161540
0.160421
0.159277
0.158090
0.158820
0.160008
0.161202
0.162340
0.163447
0.164495
0.165483
0.166396
0.167235
0.167990
0.168656
0.169239
0.169739
0.170150
0.170473
0.170715
0.170877
0.170957
0.170957
0.170877
0.170715
0.170473
0.170150
0.169739
0.169239
0.168656
0.167990
0.167235
0.166396
0.165483
0.164495
0.163447
0.162340
0.161202
0.160008
0.158820
0.159481
0.160714
0.161909
0.163090
0.164205
0.165276
0.166270
0.167192
0.168031
0.168781
0.169447
0.170030
0.170514
0.170918
0.171241
0.171483
0.171644
0.171725
0.171725
0.171644
0.171483
0.171241
0.170918
0.170514
0.170030
0.169447
0.168781
0.168031
0.167192
0.166270
0.165276
0.164205
0.163090
0.161909
0.160714
0.159481
0.160078
0.161348
0.162575
0.163761
0.164905
0.165977
0.166983
0.167906
0.168740
0.169490
0.170152
0.170717
0.171202
0.171605
0.171928
0.172162
0.172315
0.172391
0.172391
0.172315
0.172162
0.171928
0.171605
0.171202
0.170717
0.170152
0.169490
0.168740
0.167906
0.166983
0.165977
0.164905
0.163761
0.162575
0.161348
0.160078
0.160638
0.161907
0.163168
0.164370
0.165524
0.166606
0.167614
0.168533
0.169367
0.170113
0.170760
0.171325
0.171810
0.172202
0.172508
0.172738
0.172891
0.172967
0.172967
0.172891
0.172738
0.172508
0.172202
0.171810
0.171325
0.170760
0.170113
0.169367
0.168533
0.167614
0.166606
0.165524
0.164370
0.163168
0.161907
0.160638
0.161123
0.162417
0.163683
0.164907
0.166063
0.167154
0.168160
0.169078
0.169911
0.170641
0.171288
0.171853
0.172320
0.172703
0.173009
0.173238
0.173391
0.173468
0.173468
0.173391
0.173238
0.173009
0.172703
0.172320
0.171853
0.171288
0.170641
0.169911
0.169078
0.168160
0.167154
0.166063
0.164907
0.163683
0.162417
0.161123
0.161535
0.162854
0.164126
0.165363
0.166527
0.167619
0.168622
0.169540
0.170362
0.171089
0.171736
0.172286
0.172745
0.173128
0.173434
0.173664
0.173817
0.173893
0.173893
0.173817
0.173664
0.173434
0.173128
0.172745
0.172286
0.171736
0.171089
0.170362
0.169540
0.168622
0.167619
0.166527
0.165363
0.164126
0.162854
0.161535
0.161873
0.163212
0.164500
0.165737
0.166908
0.168001
0.169002
0.169919
0.170730
0.171458
0.172099
0.172635
0.173094
0.173477
0.173784
0.174012
0.174155
0.174226
0.174226
0.174155
0.174012
0.173784
0.173477
0.173094
0.172635
0.172099
0.171458
0.170730
0.169919
0.169002
0.168001
0.166908
0.165737
0.164500
0.163212
0.161873
0.162146
0.163493
0.164792
0.166031
0.167207
0.168297
0.169299
0.170210
0.171019
0.171746
0.172372
0.172909
0.173368
0.173751
0.174053
0.174267
0.174409
0.174480
0.174480
0.174409
0.174267
0.174053
0.173751
0.173368
0.172909
0.172372
0.171746
0.171019
0.170210
0.169299
0.168297
0.167207
0.166031
0.164792
0.163493
0.162146
0.162348
0.163695
0.165003
0.166246
0.167423
0.168512
0.169513
0.170418
0.171227
0.171955
0.172570
0.173107
0.173566
0.173949
0.174238
0.174451
0.174593
0.174665
0.174665
0.174593
0.174451
0.174238
0.173949
0.173566
0.173107
0.172570
0.171955
0.171227
0.170418
0.169513
0.168512
0.167423
0.166246
0.165003
0.163695
0.162348
0.162471
0.163819
0.165133
0.166378
0.167555
0.168643
0.169645
0.170546
0.171355
0.172079
0.172692
0.173229
0.173689
0.174067
0.174351
0.174565
0.174707
0.174778
0.174778
0.174707
0.174565
0.174351
0.174067
0.173689
0.173229
0.172692
0.172079
0.171355
0.170546
0.169645
0.168643
0.167555
0.166378
0.165133
0.163819
0.162471
0.162516
0.163864
0.165180
0.166427
0.167604
0.168693
0.169695
0.170595
0.171404
0.172125
0.172738
0.173275
0.173735
0.174110
0.174395
0.174608
0.174751
0.174822
0.174822
0.174751
0.174608
0.174395
0.174110
0.173735
0.173275
0.172738
0.172125
0.171404
0.170595
0.169695
0.168693
0.167604
0.166427
0.165180
0.163864
0.162516
0.162483
0.163831
0.165146
0.166392
0.167570
0.168659
0.169662
0.170563
0.171372
0.172095
0.172709
0.173246
0.173706
0.174083
0.174368
0.174581
0.174724
0.174795
0.174795
0.174724
0.174581
0.174368
0.174083
0.173706
0.173246
0.172709
0.172095
0.171372
0.170563
0.169662
0.168659
0.167570
0.166392
0.165146
0.163831
0.162483
0.162371
0.163720
0.165030
0.166275
0.167453
0.168543
0.169546
0.170450
0.171260
0.171989
0.172603
0.173140
0.173600
0.173984
0.174270
0.174484
0.174626
0.174697
0.174697
0.174626
0.174484
0.174270
0.173984
0.173600
0.173140
0.172603
0.171989
0.171260
0.170450
0.169546
0.168543
0.167453
0.166275
0.165030
0.163720
0.162371
0.162180
0.163529
0.164832
0.166074
0.167252
0.168344
0.169347
0.170258
0.171068
0.171797
0.172422
0.172959
0.173419
0.173803
0.174102
0.174315
0.174458
0.174529
0.174529
0.174458
0.174315
0.174102
0.173803
0.173419
0.172959
0.172422
0.171797
0.171068
0.170258
0.169347
0.168344
0.167252
0.166074
0.164832
0.163529
0.162180
0.161916
0.163260
0.164553
0.165793
0.166968
0.168062
0.169065
0.169985
0.170796
0.171525
0.172164
0.172701
0.173161
0.173545
0.173852
0.174077
0.174219
0.174290
0.174290
0.174219
0.174077
0.173852
0.173545
0.173161
0.172701
0.172164
0.171525
0.170796
0.169985
0.169065
0.168062
0.166968
0.165793
0.164553
0.163260
0.161916
0.161587
0.162913
0.164191
0.165431
0.166600
0.167695
0.168701
0.169621
0.170443
0.171172
0.171820
0.172367
0.172828
0.173212
0.173519
0.173749
0.173903
0.173979
0.173979
0.173903
0.173749
0.173519
0.173212
0.172828
0.172367
0.171820
0.171172
0.170443
0.169621
0.168701
0.167695
0.166600
0.165431
0.164191
0.162913
0.161587
0.161184
0.162486
0.163757
0.164988
0.166149
0.167244
0.168253
0.169173
0.170009
0.170739
0.171388
0.171955
0.172418
0.172802
0.173109
0.173339
0.173493
0.173570
0.173570
0.173493
0.173339
0.173109
0.172802
0.172418
0.171955
0.171388
0.170739
0.170009
0.169173
0.168253
0.167244
0.166149
0.164988
0.163757
0.162486
0.161184
0.160707
0.161982
0.163252
0.164462
0.165620
0.166709
0.167720
0.168643
0.169479
0.170225
0.170874
0.171442
0.171928
0.172316
0.172623
0.172854
0.173007
0.173084
0.173084
0.173007
0.172854
0.172623
0.172316
0.171928
0.171442
0.170874
0.170225
0.169479
0.168643
0.167720
0.166709
0.165620
0.164462
0.163252
0.161982
0.160707
0.160155
0.161430
0.162668
0.163860
0.165013
0.166091
0.167102
0.168029
0.168866
0.169619
0.170280
0.170848
0.171334
0.171740
0.172061
0.172292
0.172445
0.172522
0.172522
0.172445
0.172292
0.172061
0.171740
0.171334
0.170848
0.170280
0.169619
0.168866
0.168029
0.167102
0.166091
0.165013
0.163860
0.162668
0.161430
0.160155
0.159559
0.160804
0.162005
0.163197
0.164323
0.165399
0.166400
0.167327
0.168169
0.168923
0.169593
0.170173
0.170660
0.171066
0.171390
0.171634
0.171796
0.171877
0.171877
0.171796
0.171634
0.171390
0.171066
0.170660
0.170173
0.169593
0.168923
0.168169
0.167327
0.166400
0.165399
0.164323
0.163197
0.162005
0.160804
0.159559
0.158902
0.160103
0.161304
0.162455
0.163568
0.164627
0.165621
0.166542
0.167385
0.168143
0.168813
0.169399
0.169902
0.170311
0.170635
0.170879
0.171041
0.171122
0.171122
0.171041
0.170879
0.170635
0.170311
0.169902
0.169399
0.168813
0.168143
0.167385
0.166542
0.165621
0.164627
0.163568
0.162455
0.161304
0.160103
0.158902
0.158176
0.159371
0.160529
0.161655
0.162748
0.163782
0.164767
0.165678
0.166516
0.167275
0.167950
0.168537
0.169039
0.169458
0.169793
0.170043
0.170206
0.170287
0.170287
0.170206
0.170043
0.169793
0.169458
0.169039
0.168537
0.167950
0.167275
0.166516
0.165678
0.164767
0.163782
0.162748
0.161655
0.160529
0.159371
0.158176
0.157417
0.158575
0.159699
0.160805
0.161856
0.162882
0.163837
0.164741
0.165570
0.166322
0.166997
0.167588
0.168093
0.168512
0.168847
0.169099
0.169266
0.169350
0.169350
0.169266
0.169099
0.168847
0.168512
0.168093
0.167588
0.166997
0.166322
0.165570
0.164741
0.163837
0.162882
0.161856
0.160805
0.159699
0.158575
0.157417
0.156602
0.157726
0.158834
0.159888
0.160932
0.161908
0.162858
0.163733
0.164551
0.165297
0.165961
0.166551
0.167057
0.167479
0.167817
0.168069
0.168237
0.168321
0.168321
0.168237
0.168069
0.167817
0.167479
0.167057
0.166551
0.165961
0.165297
0.164551
0.163733
0.162858
0.161908
0.160932
0.159888
0.158834
0.157726
0.156602
0.155734
0.156846
0.157904
0.158953
0.159937
0.160910
0.161811
0.162676
0.163472
0.164196
0.164859
0.165440
0.165937
0.166358
0.166696
0.166949
0.167118
0.167203
0.167203
0.167118
0.166949
0.166696
0.166358
0.165937
0.165440
0.164859
0.164196
0.163472
0.162676
0.161811
0.160910
0.159937
0.158953
0.157904
0.156846
0.155734
0.154828
0.155904
0.156958
0.157950
0.158932
0.159847
0.160738
0.161564
0.162335
0.163051
0.163688
0.164256
0.164754
0.165168
0.165500
0.165749
0.165915
0.165998
0.165998
0.165915
0.165749
0.165500
0.165168
0.164754
0.164256
0.163688
0.163051
0.162335
0.161564
0.160738
0.159847
0.158932
0.157950
0.156958
0.155904
0.154828
0.153861
0.154935
0.155949
0.156939
0.157865
0.158771
0.159616
0.160416
0.161168
0.161844
0.162472
0.163030
0.163508
0.163906
0.164234
0.164483
0.164649
0.164732
0.164732
0.164649
0.164483
0.164234
0.163906
0.163508
0.163030
0.162472
0.161844
0.161168
0.160416
0.159616
0.158771
0.157865
0.156939
0.155949
0.154935
0.153861
0.152842
0.153905
0.154917
0.155867
0.156788
0.157648
0.158470
0.159244
0.159948
0.160621
0.161223
0.161749
0.162212
0.162611
0.162929
0.163168
0.163328
0.163407
0.163407
0.163328
0.163168
0.162929
0.162611
0.162212
0.161749
0.161223
0.160621
0.159948
0.159244
0.158470
0.157648
0.156788
0.155867
0.154917
0.153905
0.152842
0.151756
0.152824
0.153824
0.154772
0.155659
0.156505
0.157299
0.158029
0.158733
0.159367
0.159930
0.160452
0.160903
0.161279
0.161580
0.161805
0.161956
0.162033
0.162033
0.161956
0.161805
0.161580
0.161279
0.160903
0.160452
0.159930
0.159367
0.158733
0.158029
0.157299
0.156505
0.155659
0.154772
0.153824
0.152824
0.151756
0.150586
0.151673
0.152681
0.153619
0.154501
0.155325
0.156090
0.156818
0.157480
0.158081
0.158644
0.159137
0.159560
0.159912
0.160207
0.160433
0.160583
0.160658
0.160658
0.160583
0.160433
0.160207
0.159912
0.159560
0.159137
0.158644
0.158081
0.157480
0.156818
0.156090
0.155325
0.154501
0.153619
0.152681
0.151673
0.150586
0.149314
0.150440
0.151464
0.152414
0.153290
0.154104
0.154865
0.155562
0.156205
0.156801
0.157331
0.157795
0.158204
0.158557
0.158838
0.159050
0.159191
0.159261
0.159261
0.159191
0.159050
0.158838
0.158557
0.158204
0.157795
0.157331
0.156801
0.156205
0.155562
0.154865
0.154104
0.153290
0.152414
0.151464
0.150440
0.149314
0.147934
0.149092
0.150166
0.151126
0.152022
0.152835
0.153586
0.154278
0.154912
0.155483
0.155991
0.156454
0.156851
0.157183
0.157448
0.157646
0.157779
0.157845
0.157845
0.157779
0.157646
0.157448
0.157183
0.156851
0.156454
0.155991
0.155483
0.154912
0.154278
0.153586
0.152835
0.152022
0.151126
0.150166
0.149092
0.147934
0.146365
0.147619
0.148735
0.149752
0.150662
0.151494
0.152256
0.152945
0.153571
0.154136
0.154643
0.155087
0.155468
0.155785
0.156041
0.156240
0.156372
0.156438
0.156438
0.156372
0.156240
0.156041
0.155785
0.155468
0.155087
0.154643
0.154136
0.153571
0.152945
0.152256
0.151494
0.150662
0.149752
0.148735
0.147619
0.146365
0.144585
0.145973
0.147157
0.148242
0.149192
0.150069
0.150838
0.151542
0.152178
0.152742
0.153243
0.153681
0.154057
0.154375
0.154628
0.154819
0.154946
0.155009
0.155009
0.154946
0.154819
0.154628
0.154375
0.154057
0.153681
0.153243
0.152742
0.152178
0.151542
0.150838
0.150069
0.149192
0.148242
0.147157
0.145973
0.144585
0.142538
0.144074
0.145380
0.146547
0.147581
0.148496
0.149311
0.150054
0.150694
0.151271
0.151783
0.152226
0.152602
0.152915
0.153166
0.153353
0.153479
0.153541
0.153541
0.153479
0.153353
0.153166
0.152915
0.152602
0.152226
0.151783
0.151271
0.150694
0.150054
0.149311
0.148496
0.147581
0.146547
0.145380
0.144074
0.142538
0.140148
0.141864
0.143332
0.144625
0.145768
0.146750
0.147636
0.148412
0.149091
0.149702
0.150231
0.150679
0.151064
0.151384
0.151640
0.151833
0.151961
0.152024
0.152024
0.151961
0.151833
0.151640
0.151384
0.151064
0.150679
0.150231
0.149702
0.149091
0.148412
0.147636
0.146750
0.145768
0.144625
0.143332
0.141864
0.140148
0.137293
0.139244
0.140930
0.142400
0.143673
0.144768
0.145748
0.146585
0.147324
0.147988
0.148532
0.149007
0.149415
0.149754
0.150024
0.150217
0.150345
0.150409
0.150409
0.150345
0.150217
0.150024
0.149754
0.149415
0.149007
0.148532
0.147988
0.147324
0.146585
0.145748
0.144768
0.143673
0.142400
0.140930
0.139244
0.137293
0.133946
0.136168
0.138103
0.139773
0.141208
0.142469
0.143560
0.144504
0.145321
0.146051
0.146642
0.147159
0.147603
0.147972
0.148246
0.148449
0.148585
0.148653
0.148653
0.148585
0.148449
0.148246
0.147972
0.147603
0.147159
0.146642
0.146051
0.145321
0.144504
0.143560
0.142469
0.141208
0.139773
0.138103
0.136168
0.133946
0.130017
0.132509
0.134704
0.136624
0.138299
0.139747
0.140982
0.142084
0.142994
0.143812
0.144485
0.145057
0.145548
0.145957
0.146256
0.146478
0.146626
0.146700
0.146700
0.146626
0.146478
0.146256
0.145957
0.145548
0.145057
0.144485
0.143812
0.142994
0.142084
0.140982
0.139747
0.138299
0.136624
0.134704
0.132509
0.130017
0.125509
0.128268
0.130722
0.132895
0.134804
0.136473
0.137933
0.139164
0.140252
0.141162
0.141970
0.142610
0.143156
0.143611
0.143975
0.144222
0.144386
0.144468
0.144468
0.144386
0.144222
0.143975
0.143611
0.143156
0.142610
0.141970
0.141162
0.140252
0.139164
0.137933
0.136473
0.134804
0.132895
0.130722
0.128268
0.125509
0.120455
0.123437
0.126134
0.128541
0.130686
0.132581
0.134248
0.135693
0.136932
0.138025
0.138916
0.139697
0.140331
0.140837
0.141241
0.141544
0.141746
0.141847
0.141847
0.141746
0.141544
0.141241
0.140837
0.140331
0.139697
0.138916
0.138025
0.136932
0.135693
0.134248
0.132581
0.130686
0.128541
0.126134
0.123437
0.120455
0.114846
0.118050
0.120945
0.123569
0.125931
0.128038
0.129906
0.131543
0.132971
0.134219
0.135270
0.136176
0.136906
0.137514
0.138001
0.138335
0.138558
0.138670
0.138670
0.138558
0.138335
0.138001
0.137514
0.136906
0.136176
0.135270
0.134219
0.132971
0.131543
0.129906
0.128038
0.125931
0.123569
0.120945
0.118050
0.114846
0.108636
0.112074
0.115182
0.118006
0.120547
0.122836
0.124885
0.126707
0.128315
0.129716
0.130916
0.131956
0.132800
0.133502
0.134060
0.134454
0.134717
0.134848
0.134848
0.134717
0.134454
0.134060
0.133502
0.132800
0.131956
0.130916
0.129716
0.128315
0.126707
0.124885
0.122836
0.120547
0.118006
0.115182
0.112074
0.108636
0.101734
0.105439
0.108792
0.111827
0.114562
0.117027
0.119242
0.121218
0.122971
0.124513
0.125856
0.126996
0.127969
0.128748
0.129371
0.129838
0.130143
0.130291
0.130291
0.130143
0.129838
0.129371
0.128748
0.127969
0.126996
0.125856
0.124513
0.122971
0.121218
0.119242
0.117027
0.114562
0.111827
0.108792
0.105439
0.101734
0.000000
0.098045
0.101679
0.104958
0.107921
0.110578
0.112963
0.115094
0.116986
0.118654
0.120112
0.121358
0.122414
0.123280
0.123973
0.124478
0.124813
0.124981
0.124981
0.124813
0.124478
0.123973
0.123280
0.122414
0.121358
0.120112
0.118654
0.116986
0.115094
0.112963
0.110578
0.107921
0.104958
0.101679
0.098045
0.000000
0.000000
0.000000
0.000000
0.000000
0.100504
0.103392
0.105983
0.108287
0.110332
0.112135
0.113704
0.115053
0.116198
0.117133
0.117882
0.118433
0.118798
0.118981
0.118981
0.118798
0.118433
0.117882
0.117133
0.116198
0.115053
0.113704
0.112135
0.110332
0.108287
0.105983
0.103392
0.100504
0.000000
0.000000
0.000000
0.000000
0.184835
0.185407
0.185945
0.000000
0.000000
0.000000
0.098168
0.100679
0.102904
0.104862
0.106568
0.108038
0.109270
0.110290
0.111093
0.111695
0.112094
0.112291
0.112291
0.112094
0.111695
0.111093
0.110290
0.109270
0.108038
0.106568
0.104862
0.102904
0.100679
0.098168
0.000000
0.000000
0.000000
0.185945
0.185407
0.184835
