0.107817
0.110627
0.113194
0.115536
0.117664
0.119591
0.121328
0.122886
0.124277
0.125498
0.126564
0.127482
0.128257
0.128887
0.129390
0.129768
0.130019
0.130139
0.130139
0.130019
0.129768
0.129390
0.128887
0.128257
0.127482
0.126564
0.125498
0.124277
0.122886
0.121328
0.119591
0.117664
0.115536
0.113194
0.110627
0.107817
0.117716
0.120227
0.122515
0.124597
0.126480
0.128177
0.129688
0.131024
0.132212
0.133234
0.134133
0.134877
0.135515
0.136043
0.136437
0.136732
0.136929
0.137028
0.137028
0.136929
0.136732
0.136437
0.136043
0.135515
0.134877
0.134133
0.133234
0.132212
0.131024
0.129688
0.128177
0.126480
0.124597
0.122515
0.120227
0.117716
0.126398
0.128602
0.130589
0.132369
0.133959
0.135344
0.136574
0.137657
0.138588
0.139400
0.140110
0.140683
0.141173
0.141582
0.141910
0.142140
0.142287
0.142361
0.142361
0.142287
0.142140
0.141910
0.141582
0.141173
0.140683
0.140110
0.139400
0.138588
0.137657
0.136574
0.135344
0.133959
0.132369
0.130589
0.128602
0.126398
0.133776
0.135599
0.137204
0.138624
0.139887
0.140962
0.141943
0.142760
0.143496
0.144143
0.144673
0.145136
0.145534
0.145865
0.146117
0.146297
0.146416
0.146476
0.146476
0.146416
0.146297
0.146117
0.145865
0.145534
0.145136
0.144673
0.144143
0.143496
0.142760
0.141943
0.140962
0.139887
0.138624
0.137204
0.135599
0.133776
0.139654
0.141078
0.142349
0.143454
0.144437
0.145297
0.146083
0.146742
0.147341
0.147879
0.148329
0.148714
0.149045
0.149320
0.149540
0.149705
0.149815
0.149870
0.149870
0.149815
0.149705
0.149540
0.149320
0.149045
0.148714
0.148329
0.147879
0.147341
0.146742
0.146083
0.145297
0.144437
0.143454
0.142349
0.141078
0.139654
0.144201
0.145327
0.146350
0.147248
0.148079
0.148795
0.149455
0.150057
0.150577
0.151044
0.151460
0.151824
0.152132
0.152386
0.152589
0.152742
0.152843
0.152894
0.152894
0.152843
0.152742
0.152589
0.152386
0.152132
0.151824
0.151460
0.151044
0.150577
0.150057
0.149455
0.148795
0.148079
0.147248
0.146350
0.145327
0.144201
0.147815
0.148765
0.149646
0.150445
0.151173
0.151849
0.152462
0.153020
0.153529
0.153986
0.154398
0.154758
0.155067
0.155324
0.155530
0.155685
0.155788
0.155839
0.155839
0.155788
0.155685
0.155530
0.155324
0.155067
0.154758
0.154398
0.153986
0.153529
0.153020
0.152462
0.151849
0.151173
0.150445
0.149646
0.148765
0.147815
0.150886
0.151770
0.152588
0.153351
0.154063
0.154732
0.155351
0.155917
0.156451
0.156936
0.157366
0.157743
0.158070
0.158356
0.158585
0.158756
0.158871
0.158928
0.158928
0.158871
0.158756
0.158585
0.158356
0.158070
0.157743
0.157366
0.156936
0.156451
0.155917
0.155351
0.154732
0.154063
0.153351
0.152588
0.151770
0.150886
0.153732
0.154604
0.155429
0.156210
0.156964
0.157663
0.158329
0.158958
0.159531
0.160049
0.160538
0.160966
0.161333
0.161638
0.161883
0.162070
0.162200
0.162265
0.162265
0.162200
0.162070
0.161883
0.161638
0.161333
0.160966
0.160538
0.160049
0.159531
0.158958
0.158329
0.157663
0.156964
0.156210
0.155429
0.154604
0.153732
0.156562
0.157477
0.158360
0.159218
0.160021
0.160816
0.161550
0.162236
0.162884
0.163467
0.163985
0.164457
0.164862
0.165199
0.165469
0.165672
0.165807
0.165874
0.165874
0.165807
0.165672
0.165469
0.165199
0.164862
0.164457
0.163985
0.163467
0.162884
0.162236
0.161550
0.160816
0.160021
0.159218
0.158360
0.157477
0.156562
0.159536
0.160544
0.161523
0.162467
0.163374
0.164226
0.165036
0.165778
0.166462
0.167080
0.167630
0.168110
0.168520
0.168861
0.169134
0.169339
0.169475
0.169544
0.169544
0.169475
0.169339
0.169134
0.168861
0.168520
0.168110
0.167630
0.167080
0.166462
0.165778
0.165036
0.164226
0.163374
0.162467
0.161523
0.160544
0.159536
0.162763
0.163865
0.164940
0.165953
0.166914
0.167808
0.168629
0.169380
0.170061
0.170656
0.171185
0.171648
0.172043
0.172356
0.172607
0.172795
0.172920
0.172983
0.172983
0.172920
0.172795
0.172607
0.172356
0.172043
0.171648
0.171185
0.170656
0.170061
0.169380
0.168629
0.167808
0.166914
0.165953
0.164940
0.163865
0.162763
0.166199
0.167368
0.168465
0.169490
0.170432
0.171292
0.172081
0.172771
0.173398
0.173962
0.174430
0.174837
0.175187
0.175478
0.175711
0.175885
0.176002
0.176055
0.176055
0.176002
0.175885
0.175711
0.175478
0.175187
0.174837
0.174430
0.173962
0.173398
0.172771
0.172081
0.171292
0.170432
0.169490
0.168465
0.167368
0.166199
0.169669
0.170804
0.171863
0.172810
0.173688
0.174467
0.175166
0.175806
0.176355
0.176833
0.177259
0.177631
0.177950
0.178195
0.178386
0.178530
0.178626
0.178674
0.178674
0.178626
0.178530
0.178386
0.178195
0.177950
0.177631
0.177259
0.176833
0.176355
0.175806
0.175166
0.174467
0.173688
0.172810
0.171863
0.170804
0.169669
0.172913
0.173979
0.174912
0.175786
0.176549
0.177241
0.177879
0.178418
0.178897
0.179328
0.179711
0.180041
0.180295
0.180506
0.180676
0.180803
0.180887
0.180929
0.180929
0.180887
0.180803
0.180676
0.180506
0.180295
0.180041
0.179711
0.179328
0.178897
0.178418
0.177879
0.177241
0.176549
0.175786
0.174912
0.173979
0.172913
0.175824
0.176744
0.177596
0.178354
0.179025
0.179648
0.180197
0.180662
0.181085
0.181466
0.181805
0.182086
0.182302
0.182482
0.182626
0.182734
0.182806
0.182842
0.182842
0.182806
0.182734
0.182626
0.182482
0.182302
0.182086
0.181805
0.181466
0.181085
0.180662
0.180197
0.179648
0.179025
0.178354
0.177596
0.176744
0.175824
0.178339
0.179154
0.179920
0.180565
0.181157
0.181708
0.182183
0.182579
0.182939
0.183263
0.183551
0.183803
0.184015
0.184152
0.184262
0.184344
0.184399
0.184426
0.184426
0.184399
0.184344
0.184262
0.184152
0.184015
0.183803
0.183551
0.183263
0.182939
0.182579
0.182183
0.181708
0.181157
0.180565
0.179920
0.179154
0.178339
0.180510
0.181230
0.181907
0.182461
0.182965
0.183433
0.183866
0.184199
0.184474
0.184721
0.184940
0.185133
0.185297
0.185435
0.185544
0.185627
0.185682
0.185709
0.185709
0.185682
0.185627
0.185544
0.185435
0.185297
0.185133
0.184940
0.184721
0.184474
0.184199
0.183866
0.183433
0.182965
0.182461
0.181907
0.181230
0.180510
0.182379
0.182991
0.183568
0.184082
0.184467
0.184824
0.185153
0.185455
0.185730
0.185977
0.000000
0.000000
0.000000
0.000000
0.000000
0.000000
0.000000
0.000000
0.000000
0.000000
0.000000
0.000000
0.000000
0.000000
0.000000
0.000000
0.185977
0.185730
0.185455
0.185153
0.184824
0.184467
0.184082
0.183568
0.182991
0.182379
0.183991
0.184460
0.184899
0.185311
0.185696
0.000000
0.000000
0.000000
0.000000
0.000000
0.000000
0.000000
0.098318
0.099256
0.100006
0.100556
0.100923
0.101106
0.101106
0.100923
0.100556
0.100006
0.099256
0.098318
0.000000
0.000000
0.000000
0.000000
0.000000
0.000000
0.000000
0.185696
0.185311
0.184899
0.184460
0.183991
0.185195
0.185662
0.000000
0.000000
0.000000
0.000000
0.000000
0.099029
0.100884
0.102523
0.103959
0.105188
0.106236
0.107093
0.107780
0.108288
0.108623
0.108791
0.108791
0.108623
0.108288
0.107780
0.107093
0.106236
0.105188
0.103959
0.102523
0.100884
0.099029
0.000000
0.000000
0.000000
0.000000
0.000000
0.185662
0.185195
0.000000
0.000000
0.000000
0.000000
0.100297
0.102667
0.104803
0.106717
0.108424
0.109933
0.111247
0.112386
0.113347
0.114145
0.114771
0.115241
0.115554
0.115711
0.115711
0.115554
0.115241
0.114771
0.114145
0.113347
0.112386
0.111247
0.109933
0.108424
0.106717
0.104803
0.102667
0.100297
0.000000
0.000000
0.000000
0.000000
0.000000
0.099705
0.102633
0.105297
0.107716
0.109903
0.111874
0.113640
0.115214
0.116609
0.117833
0.118882
0.119778
0.120511
0.121093
0.121530
0.121821
0.121966
0.121966
0.121821
0.121530
0.121093
0.120511
0.119778
0.118882
0.117833
0.116609
0.115214
0.113640
0.111874
0.109903
0.107716
0.105297
0.102633
0.099705
0.000000
0.104037
0.106999
0.109707
0.112171
0.114406
0.116432
0.118261
0.119904
0.121362
0.122654
0.123786
0.124754
0.125578
0.126255
0.126786
0.127183
0.127449
0.127581
0.127581
0.127449
0.127183
0.126786
0.126255
0.125578
0.124754
0.123786
0.122654
0.121362
0.119904
0.118261
0.116432
0.114406
0.112171
0.109707
0.106999
0.104037
0.110836
0.113589
0.116103
0.118389
0.120468
0.122351
0.124048
0.125559
0.126901
0.128091
0.129110
0.130001
0.130730
0.131337
0.131823
0.132177
0.132407
0.132522
0.132522
0.132407
0.132177
0.131823
0.131337
0.130730
0.130001
0.129110
0.128091
0.126901
0.125559
0.124048
0.122351
0.120468
0.118389
0.116103
0.113589
0.110836
0.117000
0.119564
0.121904
0.124031
0.125954
0.127680
0.129222
0.130594
0.131809
0.132854
0.133773
0.134540
0.135186
0.135723
0.136142
0.136441
0.136640
0.136740
0.136740
0.136640
0.136441
0.136142
0.135723
0.135186
0.134540
0.133773
0.132854
0.131809
0.130594
0.129222
0.127680
0.125954
0.124031
0.121904
0.119564
0.117000
0.122598
0.124976
0.127135
0.129081
0.130825
0.132382
0.133761
0.134960
0.136033
0.136930
0.137727
0.138389
0.138936
0.139393
0.139758
0.140029
0.140194
0.140277
0.140277
0.140194
0.140029
0.139758
0.139393
0.138936
0.138389
0.137727
0.136930
0.136033
0.134960
0.133761
0.132382
0.130825
0.129081
0.127135
0.124976
0.122598
0.127652
0.129833
0.131785
0.133521
0.135058
0.136423
0.137619
0.138655
0.139568
0.140354
0.141016
0.141596
0.142083
0.142456
0.142754
0.142978
0.143127
0.143201
0.143201
0.143127
0.142978
0.142754
0.142456
0.142083
0.141596
0.141016
0.140354
0.139568
0.138655
0.137619
0.136423
0.135058
0.133521
0.131785
0.129833
0.127652
0.132132
0.134081
0.135803
0.137313
0.138649
0.139836
0.140845
0.141756
0.142526
0.143197
0.143794
0.144284
0.144686
0.145021
0.145289
0.145490
0.145624
0.145691
0.145691
0.145624
0.145490
0.145289
0.145021
0.144686
0.144284
0.143794
0.143197
0.142526
0.141756
0.140845
0.139836
0.138649
0.137313
0.135803
0.134081
0.132132
0.136011
0.137706
0.139192
0.140509
0.141669
0.142672
0.143567
0.144348
0.145018
0.145621
0.146142
0.146567
0.146930
0.147233
0.147476
0.147657
0.147779
0.147839
0.147839
0.147779
0.147657
0.147476
0.147233
0.146930
0.146567
0.146142
0.145621
0.145018
0.144348
0.143567
0.142672
0.141669
0.140509
0.139192
0.137706
0.136011
0.139279
0.140754
0.142072
0.143191
0.144212
0.145083
0.145888
0.146565
0.147171
0.147717
0.148185
0.148575
0.148909
0.149188
0.149411
0.149578
0.149689
0.149745
0.149745
0.149689
0.149578
0.149411
0.149188
0.148909
0.148575
0.148185
0.147717
0.147171
0.146565
0.145888
0.145083
0.144212
0.143191
0.142072
0.140754
0.139279
0.142070
0.143338
0.144478
0.145484
0.146382
0.147170
0.147898
0.148519
0.149076
0.149577
0.150022
0.150390
0.150706
0.150969
0.151179
0.151337
0.151442
0.151495
0.151495
0.151442
0.151337
0.151179
0.150969
0.150706
0.150390
0.150022
0.149577
0.149076
0.148519
0.147898
0.147170
0.146382
0.145484
0.144478
0.143338
0.142070
0.144410
0.145551
0.146564
0.147473
0.148296
0.149021
0.149689
0.150285
0.150811
0.151285
0.151706
0.152073
0.152381
0.152638
0.152844
0.152998
0.153101
0.153153
0.153153
0.153101
0.152998
0.152844
0.152638
0.152381
0.152073
0.151706
0.151285
0.150811
0.150285
0.149689
0.149021
0.148296
0.147473
0.146564
0.145551
0.144410
0.146443
0.147474
0.148408
0.149244
0.150023
0.150707
0.151339
0.151918
0.152434
0.152897
0.153309
0.153669
0.153977
0.154238
0.154446
0.154603
0.154707
0.154759
0.154759
0.154707
0.154603
0.154446
0.154238
0.153977
0.153669
0.153309
0.152897
0.152434
0.151918
0.151339
0.150707
0.150023
0.149244
0.148408
0.147474
0.146443
0.148242
0.149190
0.150078
0.150867
0.151604
0.152282
0.152899
0.153465
0.153980
0.154449
0.154866
0.155231
0.155544
0.155805
0.156014
0.156178
0.156287
0.156341
0.156341
0.156287
0.156178
0.156014
0.155805
0.155544
0.155231
0.154866
0.154449
0.153980
0.153465
0.152899
0.152282
0.151604
0.150867
0.150078
0.149190
0.148242
0.149861
0.150764
0.151606
0.152387
0.153108
0.153777
0.154400
0.154974
0.155495
0.155965
0.156399
0.156781
0.157107
0.157380
0.157598
0.157761
0.157870
0.157925
0.157925
0.157870
0.157761
0.157598
0.157380
0.157107
0.156781
0.156399
0.155965
0.155495
0.154974
0.154400
0.153777
0.153108
0.152387
0.151606
0.150764
0.149861
0.151346
0.152236
0.153059
0.153832
0.154560
0.155238
0.155864
0.156458
0.157003
0.157493
0.157929
0.158331
0.158678
0.158968
0.159200
0.159374
0.159490
0.159548
0.159548
0.159490
0.159374
0.159200
0.158968
0.158678
0.158331
0.157929
0.157493
0.157003
0.156458
0.155864
0.155238
0.154560
0.153832
0.153059
0.152236
0.151346
0.152754
0.153630
0.154460
0.155242
0.155973
0.156681
0.157335
0.157935
0.158510
0.159032
0.159496
0.159902
0.160267
0.160576
0.160824
0.161010
0.161134
0.161196
0.161196
0.161134
0.161010
0.160824
0.160576
0.160267
0.159902
0.159496
0.159032
0.158510
0.157935
0.157335
0.156681
0.155973
0.155242
0.154460
0.153630
0.152754
0.154099
0.154986
0.155822
0.156631
0.157395
0.158110
0.158806
0.159444
0.160026
0.160583
0.161079
0.161513
0.161884
0.162206
0.162468
0.162665
0.162796
0.162862
0.162862
0.162796
0.162665
0.162468
0.162206
0.161884
0.161513
0.161079
0.160583
0.160026
0.159444
0.158806
0.158110
0.157395
0.156631
0.155822
0.154986
0.154099
0.155409
0.156310
0.157183
0.158001
0.158813
0.159567
0.160281
0.160963
0.161582
0.162148
0.162674
0.163133
0.163527
0.163856
0.164123
0.164328
0.164465
0.164533
0.164533
0.164465
0.164328
0.164123
0.163856
0.163527
0.163133
0.162674
0.162148
0.161582
0.160963
0.160281
0.159567
0.158813
0.158001
0.157183
0.156310
0.155409
0.156698
0.157626
0.158530
0.159401
0.160227
0.161033
0.161777
0.162486
0.163143
0.163734
0.164270
0.164749
0.165159
0.165501
0.165775
0.165980
0.166119
0.166189
0.166189
0.166119
0.165980
0.165775
0.165501
0.165159
0.164749
0.164270
0.163734
0.163143
0.162486
0.161777
0.161033
0.160227
0.159401
0.158530
0.157626
0.156698
0.157960
0.158944
0.159873
0.160794
0.161662
0.162496
0.163284
0.164007
0.164691
0.165307
0.165854
0.166339
0.166757
0.167106
0.167384
0.167593
0.167733
0.167802
0.167802
0.167733
0.167593
0.167384
0.167106
0.166757
0.166339
0.165854
0.165307
0.164691
0.164007
0.163284
0.162496
0.161662
0.160794
0.159873
0.158944
0.157960
0.159243
0.160246
0.161238
0.162178
0.163098
0.163952
0.164771
0.165524
0.166212
0.166839
0.167397
0.167884
0.168300
0.168646
0.168923
0.169131
0.169269
0.169338
0.169338
0.169269
0.169131
0.168923
0.168646
0.168300
0.167884
0.167397
0.166839
0.166212
0.165524
0.164771
0.163952
0.163098
0.162178
0.161238
0.160246
0.159243
0.160504
0.161558
0.162583
0.163569
0.164510
0.165399
0.166225
0.166992
0.167689
0.168314
0.168867
0.169352
0.169767
0.170110
0.170378
0.170579
0.170713
0.170780
0.170780
0.170713
0.170579
0.170378
0.170110
0.169767
0.169352
0.168867
0.168314
0.167689
0.166992
0.166225
0.165399
0.164510
0.163569
0.162583
0.161558
0.160504
0.161755
0.162858
0.163910
0.164933
0.165892
0.166796
0.167633
0.168397
0.169089
0.169712
0.170258
0.170727
0.171130
0.171465
0.171733
0.171935
0.172065
0.172129
0.172129
0.172065
0.171935
0.171733
0.171465
0.171130
0.170727
0.170258
0.169712
0.169089
0.168397
0.167633
0.166796
0.165892
0.164933
0.163910
0.162858
0.161755
0.163002
0.164125
0.165221
0.166253
0.167229
0.168134
0.168965
0.169727
0.170406
0.171010
0.171547
0.172016
0.172397
0.172715
0.172969
0.173160
0.173287
0.173350
0.173350
0.173287
0.173160
0.172969
0.172715
0.172397
0.172016
0.171547
0.171010
0.170406
0.169727
0.168965
0.168134
0.167229
0.166253
0.165221
0.164125
0.163002
0.164208
0.165372
0.166477
0.167523
0.168496
0.169396
0.170220
0.170959
0.171630
0.172221
0.172730
0.173175
0.173556
0.173874
0.174119
0.174296
0.174414
0.174473
0.174473
0.174414
0.174296
0.174119
0.173874
0.173556
0.173175
0.172730
0.172221
0.171630
0.170959
0.170220
0.169396
0.168496
0.167523
0.166477
0.165372
0.164208
0.165387
0.166562
0.167678
0.168720
0.169690
0.170572
0.171377
0.172110
0.172746
0.173318
0.173826
0.174252
0.174606
0.174902
0.175138
0.175315
0.175433
0.175492
0.175492
0.175433
0.175315
0.175138
0.174902
0.174606
0.174252
0.173826
0.173318
0.172746
0.172110
0.171377
0.170572
0.169690
0.168720
0.167678
0.166562
0.165387
0.166509
0.167695
0.168806
0.169845
0.170790
0.171663
0.172444
0.173143
0.173779
0.174327
0.174799
0.175213
0.175567
0.175862
0.176090
0.176252
0.176360
0.176414
0.176414
0.176360
0.176252
0.176090
0.175862
0.175567
0.175213
0.174799
0.174327
0.173779
0.173143
0.172444
0.171663
0.170790
0.169845
0.168806
0.167695
0.166509
0.167573
0.168754
0.169863
0.170875
0.171815
0.172652
0.173415
0.174106
0.174697
0.175229
0.175702
0.176105
0.176429
0.176699
0.176915
0.177077
0.177185
0.177239
0.177239
0.177185
0.177077
0.176915
0.176699
0.176429
0.176105
0.175702
0.175229
0.174697
0.174106
0.173415
0.172652
0.171815
0.170875
0.169863
0.168754
0.167573
0.168564
0.169743
0.170826
0.171833
0.172733
0.173560
0.174300
0.174950
0.175541
0.176067
0.176499
0.176877
0.177200
0.177470
0.177686
0.177848
0.177956
0.178009
0.178009
0.177956
0.177848
0.177686
0.177470
0.177200
0.176877
0.176499
0.176067
0.175541
0.174950
0.174300
0.173560
0.172733
0.171833
0.170826
0.169743
0.168564
0.169485
0.170643
0.171718
0.172687
0.173578
0.174377
0.175086
0.175736
0.176299
0.176785
0.177217
0.177595
0.177919
0.178170
0.178364
0.178510
0.178607
0.178656
0.178656
0.178607
0.178510
0.178364
0.178170
0.177919
0.177595
0.177217
0.176785
0.176299
0.175736
0.175086
0.174377
0.173578
0.172687
0.171718
0.170643
0.169485
0.170326
0.171469
0.172515
0.173470
0.174335
0.175104
0.175813
0.176424
0.176964
0.177450
0.177882
0.178234
0.178526
0.178769
0.178963
0.179109
0.179206
0.179255
0.179255
0.179206
0.179109
0.178963
0.178769
0.178526
0.178234
0.177882
0.177450
0.176964
0.176424
0.175813
0.175104
0.174335
0.173470
0.172515
0.171469
0.170326
0.171085
0.172216
0.173235
0.174176
0.175004
0.175773
0.176441
0.177035
0.177575
0.178056
0.178445
0.178785
0.179077
0.179320
0.179514
0.179660
0.179758
0.179806
0.179806
0.179758
0.179660
0.179514
0.179320
0.179077
0.178785
0.178445
0.178056
0.177575
0.177035
0.176441
0.175773
0.175004
0.174176
0.173235
0.172216
0.171085
0.171779
0.172873
0.173892
0.174787
0.175615
0.176351
0.176999
0.177594
0.178121
0.178558
0.178947
0.179288
0.179580
0.179823
0.180016
0.180144
0.180230
0.180273
0.180273
0.180230
0.180144
0.180016
0.179823
0.179580
0.179288
0.178947
0.178558
0.178121
0.177594
0.176999
0.176351
0.175615
0.174787
0.173892
0.172873
0.171779
0.172384
0.173467
0.174452
0.175339
0.176153
0.176856
0.177504
0.178089
0.178575
0.179013
0.179402
0.179743
0.180031
0.180246
0.180418
0.180547
0.180633
0.180676
0.180676
0.180633
0.180547
0.180418
0.180246
0.180031
0.179743
0.179402
0.179013
0.178575
0.178089
0.177504
0.176856
0.176153
0.175339
0.174452
0.173467
0.172384
0.172915
0.173998
0.174945
0.175833
0.176604
0.177307
0.177956
0.178496
0.178982
0.179420
0.179809
0.180133
0.180391
0.180606
0.180778
0.180907
0.180993
0.181036
0.181036
0.180993
0.180907
0.180778
0.180606
0.180391
0.180133
0.179809
0.179420
0.178982
0.178496
0.177956
0.177307
0.176604
0.175833
0.174945
0.173998
0.172915
0.173383
0.174434
0.175381
0.176245
0.177002
0.177705
0.178319
0.178854
0.179341
0.179779
0.180149
0.180450
0.180708
0.180923
0.181095
0.181224
0.181310
0.181353
0.181353
0.181310
0.181224
0.181095
0.180923
0.180708
0.180450
0.180149
0.179779
0.179341
0.178854
0.178319
0.177705
0.177002
0.176245
0.175381
0.174434
0.173383
0.173789
0.174810
0.175758
0.176590
0.177347
0.178045
0.178629
0.179165
0.179652
0.180079
0.180424
0.180725
0.180983
0.181198
0.181370
0.181499
0.181585
0.181628
0.181628
0.181585
0.181499
0.181370
0.181198
0.180983
0.180725
0.180424
0.180079
0.179652
0.179165
0.178629
0.178045
0.177347
0.176590
0.175758
0.174810
0.173789
0.174122
0.175128
0.176069
0.176881
0.177638
0.178307
0.178892
0.179427
0.179914
0.180312
0.180656
0.180957
0.181215
0.181430
0.181603
0.181732
0.181818
0.181861
0.181861
0.181818
0.181732
0.181603
0.181430
0.181215
0.180957
0.180656
0.180312
0.179914
0.179427
0.178892
0.178307
0.177638
0.176881
0.176069
0.175128
0.174122
0.174381
0.175388
0.176307
0.177119
0.177876
0.178522
0.179106
0.179642
0.180114
0.180501
0.180846
0.181147
0.181405
0.181620
0.181793
0.181922
0.182007
0.182043
0.182043
0.182007
0.181922
0.181793
0.181620
0.181405
0.181147
0.180846
0.180501
0.180114
0.179642
0.179106
0.178522
0.177876
0.177119
0.176307
0.175388
0.174381
0.174582
0.175589
0.176491
0.177303
0.178054
0.178688
0.179272
0.179808
0.180261
0.180649
0.180993
0.181294
0.181553
0.181768
0.181940
0.182059
0.182132
0.182169
0.182169
0.182132
0.182059
0.181940
0.181768
0.181553
0.181294
0.180993
0.180649
0.180261
0.179808
0.179272
0.178688
0.178054
0.177303
0.176491
0.175589
0.174582
0.174725
0.175732
0.176621
0.177433
0.178172
0.178806
0.179390
0.179927
0.180366
0.180753
0.181098
0.181399
0.181658
0.181873
0.182038
0.182148
0.182221
0.182258
0.182258
0.182221
0.182148
0.182038
0.181873
0.181658
0.181399
0.181098
0.180753
0.180366
0.179927
0.179390
0.178806
0.178172
0.177433
0.176621
0.175732
0.174725
0.174808
0.175816
0.176698
0.177511
0.178242
0.178875
0.179460
0.179997
0.180428
0.180815
0.181160
0.181461
0.181720
0.181935
0.182091
0.182201
0.182274
0.182311
0.182311
0.182274
0.182201
0.182091
0.181935
0.181720
0.181461
0.181160
0.180815
0.180428
0.179997
0.179460
0.178875
0.178242
0.177511
0.176698
0.175816
0.174808
0.174834
0.175841
0.176722
0.177534
0.178263
0.178897
0.179482
0.180016
0.180447
0.180835
0.181179
0.181481
0.181739
0.181955
0.182108
0.182218
0.182291
0.182328
0.182328
0.182291
0.182218
0.182108
0.181955
0.181739
0.181481
0.181179
0.180835
0.180447
0.180016
0.179482
0.178897
0.178263
0.177534
0.176722
0.175841
0.174834
0.174800
0.175808
0.176691
0.177504
0.178236
0.178870
0.179455
0.179992
0.180424
0.180811
0.181156
0.181458
0.181716
0.181932
0.182089
0.182199
0.182272
0.182309
0.182309
0.182272
0.182199
0.182089
0.181932
0.181716
0.181458
0.181156
0.180811
0.180424
0.179992
0.179455
0.178870
0.178236
0.177504
0.176691
0.175808
0.174800
0.174708
0.175716
0.176608
0.177420
0.178161
0.178795
0.179380
0.179917
0.180358
0.180746
0.181090
0.181392
0.181651
0.181866
0.182033
0.182143
0.182216
0.182253
0.182253
0.182216
0.182143
0.182033
0.181866
0.181651
0.181392
0.181090
0.180746
0.180358
0.179917
0.179380
0.178795
0.178161
0.177420
0.176608
0.175716
0.174708
0.174557
0.175565
0.176470
0.177283
0.178038
0.178672
0.179257
0.179794
0.180249
0.180637
0.180982
0.181284
0.181542
0.181758
0.181930
0.182051
0.182124
0.182161
0.182161
0.182124
0.182051
0.181930
0.181758
0.181542
0.181284
0.180982
0.180637
0.180249
0.179794
0.179257
0.178672
0.178038
0.177283
0.176470
0.175565
0.174557
0.174347
0.175355
0.176279
0.177092
0.177851
0.178500
0.179086
0.179622
0.180098
0.180486
0.180831
0.181132
0.181391
0.181607
0.181779
0.181909
0.181995
0.182032
0.182032
0.181995
0.181909
0.181779
0.181607
0.181391
0.181132
0.180831
0.180486
0.180098
0.179622
0.179086
0.178500
0.177851
0.177092
0.176279
0.175355
0.174347
0.174078
0.175087
0.176033
0.176847
0.177606
0.178280
0.178866
0.179402
0.179891
0.180292
0.180637
0.180938
0.181197
0.181413
0.181585
0.181715
0.181801
0.181844
0.181844
0.181801
0.181715
0.181585
0.181413
0.181197
0.180938
0.180637
0.180292
0.179891
0.179402
0.178866
0.178280
0.177606
0.176847
0.176033
0.175087
0.174078
0.173731
0.174759
0.175709
0.176548
0.177307
0.178011
0.178597
0.179134
0.179622
0.180055
0.180400
0.180702
0.180961
0.181176
0.181349
0.181478
0.181565
0.181608
0.181608
0.181565
0.181478
0.181349
0.181176
0.180961
0.180702
0.180400
0.180055
0.179622
0.179134
0.178597
0.178011
0.177307
0.176548
0.175709
0.174759
0.173731
0.173315
0.174373
0.175323
0.176196
0.176955
0.177660
0.178280
0.178817
0.179306
0.179745
0.180120
0.180422
0.180681
0.180897
0.181069
0.181199
0.181285
0.181328
0.181328
0.181285
0.181199
0.181069
0.180897
0.180681
0.180422
0.180120
0.179745
0.179306
0.178817
0.178280
0.177660
0.176955
0.176196
0.175323
0.174373
0.173315
0.172835
0.173922
0.174878
0.175769
0.176549
0.177254
0.177905
0.178452
0.178940
0.179380
0.179771
0.180100
0.180359
0.180574
0.180747
0.180877
0.180963
0.181006
0.181006
0.180963
0.180877
0.180747
0.180574
0.180359
0.180100
0.179771
0.179380
0.178940
0.178452
0.177905
0.177254
0.176549
0.175769
0.174878
0.173922
0.172835
0.172292
0.173379
0.174374
0.175265
0.176089
0.176794
0.177445
0.178038
0.178527
0.178966
0.179357
0.179699
0.179992
0.180209
0.180382
0.180511
0.180598
0.180641
0.180641
0.180598
0.180511
0.180382
0.180209
0.179992
0.179699
0.179357
0.178966
0.178527
0.178038
0.177445
0.176794
0.176089
0.175265
0.174374
0.173379
0.172292
0.171667
0.172772
0.173796
0.174702
0.175534
0.176280
0.176932
0.177529
0.178064
0.178504
0.178895
0.179237
0.179530
0.179775
0.179970
0.180103
0.180190
0.180233
0.180233
0.180190
0.180103
0.179970
0.179775
0.179530
0.179237
0.178895
0.178504
0.178064
0.177529
0.176932
0.176280
0.175534
0.174702
0.173796
0.172772
0.171667
0.170959
0.172102
0.173126
0.174080
0.174912
0.175685
0.176364
0.176961
0.177504
0.177993
0.178384
0.178727
0.179020
0.179264
0.179460
0.179606
0.179704
0.179753
0.179753
0.179704
0.179606
0.179460
0.179264
0.179020
0.178727
0.178384
0.177993
0.177504
0.176961
0.176364
0.175685
0.174912
0.174080
0.173126
0.172102
0.170959
0.170184
0.171333
0.172392
0.173353
0.174231
0.175004
0.175717
0.176339
0.176882
0.177371
0.177806
0.178167
0.178461
0.178705
0.178901
0.179047
0.179145
0.179194
0.179194
0.179145
0.179047
0.178901
0.178705
0.178461
0.178167
0.177806
0.177371
0.176882
0.176339
0.175717
0.175004
0.174231
0.173353
0.172392
0.171333
0.170184
0.169321
0.170491
0.171572
0.172555
0.173452
0.174264
0.174977
0.175632
0.176207
0.176696
0.177130
0.177510
0.177836
0.178097
0.178293
0.178440
0.178537
0.178586
0.178586
0.178537
0.178440
0.178293
0.178097
0.177836
0.177510
0.177130
0.176696
0.176207
0.175632
0.174977
0.174264
0.173452
0.172555
0.171572
0.170491
0.169321
0.168382
0.169568
0.170663
0.171677
0.172591
0.173423
0.174178
0.174833
0.175427
0.175963
0.176401
0.176781
0.177107
0.177379
0.177596
0.177759
0.177868
0.177922
0.177922
0.177868
0.177759
0.177596
0.177379
0.177107
0.176781
0.176401
0.175963
0.175427
0.174833
0.174178
0.173423
0.172591
0.171677
0.170663
0.169568
0.168382
0.167369
0.168560
0.169676
0.170701
0.171648
0.172499
0.173268
0.173972
0.174569
0.175105
0.175581
0.175997
0.176323
0.176595
0.176813
0.176976
0.177084
0.177139
0.177139
0.177084
0.176976
0.176813
0.176595
0.176323
0.175997
0.175581
0.175105
0.174569
0.173972
0.173268
0.172499
0.171648
0.170701
0.169676
0.168560
0.167369
0.166283
0.167478
0.168599
0.169646
0.170604
0.171483
0.172280
0.172984
0.173625
0.174187
0.174663
0.175080
0.175437
0.175735
0.175973
0.176138
0.176247
0.176301
0.176301
0.176247
0.176138
0.175973
0.175735
0.175437
0.175080
0.174663
0.174187
0.173625
0.172984
0.172280
0.171483
0.170604
0.169646
0.168599
0.167478
0.166283
0.165143
0.166323
0.167448
0.168499
0.169477
0.170373
0.171184
0.171929
0.172573
0.173150
0.173663
0.174103
0.174461
0.174758
0.174996
0.175175
0.175294
0.175353
0.175353
0.175294
0.175175
0.174996
0.174758
0.174461
0.174103
0.173663
0.173150
0.172573
0.171929
0.171184
0.170373
0.169477
0.168499
0.167448
0.166323
0.165143
0.163942
0.165113
0.166223
0.167277
0.168260
0.169168
0.170006
0.170751
0.171427
0.172035
0.172547
0.172996
0.173381
0.173701
0.173958
0.174139
0.174258
0.174318
0.174318
0.174258
0.174139
0.173958
0.173701
0.173381
0.172996
0.172547
0.172035
0.171427
0.170751
0.170006
0.169168
0.168260
0.167277
0.166223
0.165113
0.163942
0.162719
0.163847
0.164946
0.165983
0.166967
0.167882
0.168721
0.169489
0.170182
0.170791
0.171333
0.171807
0.172201
0.172522
0.172779
0.172971
0.173099
0.173163
0.173163
0.173099
0.172971
0.172779
0.172522
0.172201
0.171807
0.171333
0.170791
0.170182
0.169489
0.168721
0.167882
0.166967
0.165983
0.164946
0.163847
0.162719
0.161463
0.162559
0.163621
0.164641
0.165609
0.166516
0.167361
0.168134
0.168833
0.169462
0.170020
0.170494
0.170900
0.171239
0.171509
0.171713
0.171848
0.171916
0.171916
0.171848
0.171713
0.171509
0.171239
0.170900
0.170494
0.170020
0.169462
0.168833
0.168134
0.167361
0.166516
0.165609
0.164641
0.163621
0.162559
0.161463
0.160185
0.161249
0.162266
0.163262
0.164199
0.165097
0.165927
0.166700
0.167404
0.168037
0.168596
0.169085
0.169505
0.169854
0.170129
0.170333
0.170468
0.170536
0.170536
0.170468
0.170333
0.170129
0.169854
0.169505
0.169085
0.168596
0.168037
0.167404
0.166700
0.165927
0.165097
0.164199
0.163262
0.162266
0.161249
0.160185
0.158917
0.159914
0.160911
0.161850
0.162771
0.163634
0.164448
0.165209
0.165900
0.166532
0.167095
0.167588
0.168010
0.168360
0.168639
0.168849
0.168989
0.169059
0.169059
0.168989
0.168849
0.168639
0.168360
0.168010
0.167588
0.167095
0.166532
0.165900
0.165209
0.164448
0.163634
0.162771
0.161850
0.160911
0.159914
0.158917
0.157627
0.158600
0.159539
0.160447
0.161325
0.162148
0.162944
0.163675
0.164353
0.164975
0.165528
0.166013
0.166435
0.166787
0.167069
0.167280
0.167421
0.167491
0.167491
0.167421
0.167280
0.167069
0.166787
0.166435
0.166013
0.165528
0.164975
0.164353
0.163675
0.162944
0.162148
0.161325
0.160447
0.159539
0.158600
0.157627
0.156336
0.157274
0.158167
0.159047
0.159868
0.160674
0.161426
0.162122
0.162786
0.163384
0.163915
0.164396
0.164811
0.165157
0.165434
0.165641
0.165779
0.165849
0.165849
0.165779
0.165641
0.165434
0.165157
0.164811
0.164396
0.163915
0.163384
0.162786
0.162122
0.161426
0.160674
0.159868
0.159047
0.158167
0.157274
0.156336
0.155033
0.155931
0.156811
0.157639
0.158437
0.159200
0.159905
0.160588
0.161215
0.161779
0.162297
0.162762
0.163160
0.163493
0.163758
0.163958
0.164094
0.164163
0.164163
0.164094
0.163958
0.163758
0.163493
0.163160
0.162762
0.162297
0.161779
0.161215
0.160588
0.159905
0.159200
0.158437
0.157639
0.156811
0.155931
0.155033
0.153696
0.154590
0.155435
0.156238
0.157011
0.157728
0.158415
0.159061
0.159648
0.160189
0.160690
0.161129
0.161505
0.161819
0.162074
0.162273
0.162406
0.162472
0.162472
0.162406
0.162273
0.162074
0.161819
0.161505
0.161129
0.160690
0.160189
0.159648
0.159061
0.158415
0.157728
0.157011
0.156238
0.155435
0.154590
0.153696
0.152320
0.153207
0.154041
0.154834
0.155574
0.156273
0.156935
0.157542
0.158101
0.158629
0.159099
0.159510
0.159862
0.160166
0.160417
0.160605
0.160731
0.160793
0.160793
0.160731
0.160605
0.160417
0.160166
0.159862
0.159510
0.159099
0.158629
0.158101
0.157542
0.156935
0.156273
0.155574
0.154834
0.154041
0.153207
0.152320
0.150867
0.151774
0.152613
0.153395
0.154127
0.154815
0.155449
0.156032
0.156584
0.157081
0.157523
0.157909
0.158256
0.158549
0.158784
0.158960
0.159078
0.159137
0.159137
0.159078
0.158960
0.158784
0.158549
0.158256
0.157909
0.157523
0.157081
0.156584
0.156032
0.155449
0.154815
0.154127
0.153395
0.152613
0.151774
0.150867
0.149314
0.150260
0.151113
0.151914
0.152646
0.153324
0.153950
0.154531
0.155060
0.155536
0.155959
0.156344
0.156675
0.156951
0.157172
0.157338
0.157448
0.157503
0.157503
0.157448
0.157338
0.157172
0.156951
0.156675
0.156344
0.155959
0.155536
0.155060
0.154531
0.153950
0.153324
0.152646
0.151914
0.151113
0.150260
0.149314
0.147623
0.148615
0.149519
0.150347
0.151094
0.151788
0.152419
0.152993
0.153514
0.153984
0.154407
0.154777
0.155094
0.155359
0.155570
0.155729
0.155835
0.155888
0.155888
0.155835
0.155729
0.155570
0.155359
0.155094
0.154777
0.154407
0.153984
0.153514
0.152993
0.152419
0.151788
0.151094
0.150347
0.149519
0.148615
0.147623
0.145728
0.146800
0.147785
0.148650
0.149442
0.150167
0.150808
0.151395
0.151929
0.152400
0.152818
0.153183
0.153496
0.153757
0.153966
0.154124
0.154230
0.154283
0.154283
0.154230
0.154124
0.153966
0.153757
0.153496
0.153183
0.152818
0.152400
0.151929
0.151395
0.150808
0.150167
0.149442
0.148650
0.147785
0.146800
0.145728
0.143547
0.144750
0.145839
0.146778
0.147640
0.148404
0.149083
0.149705
0.150255
0.150736
0.151163
0.151537
0.151857
0.152122
0.152330
0.152487
0.152591
0.152644
0.152644
0.152591
0.152487
0.152330
0.152122
0.151857
0.151537
0.151163
0.150736
0.150255
0.149705
0.149083
0.148404
0.147640
0.146778
0.145839
0.144750
0.143547
0.140994
0.142383
0.143595
0.144657
0.145611
0.146448
0.147187
0.147864
0.148441
0.148950
0.149403
0.149799
0.150130
0.150397
0.150611
0.150771
0.150878
0.150931
0.150931
0.150878
0.150771
0.150611
0.150397
0.150130
0.149799
0.149403
0.148950
0.148441
0.147864
0.147187
0.146448
0.145611
0.144657
0.143595
0.142383
0.140994
0.138000
0.139578
0.140964
0.142204
0.143265
0.144225
0.145042
0.145791
0.146427
0.146981
0.147474
0.147905
0.148252
0.148535
0.148761
0.148931
0.149044
0.149101
0.149101
0.149044
0.148931
0.148761
0.148535
0.148252
0.147905
0.147474
0.146981
0.146427
0.145791
0.145042
0.144225
0.143265
0.142204
0.140964
0.139578
0.138000
0.134400
0.136241
0.137862
0.139266
0.140513
0.141608
0.142556
0.143390
0.144133
0.144746
0.145291
0.145768
0.146160
0.146468
0.146714
0.146899
0.147022
0.147084
0.147084
0.147022
0.146899
0.146714
0.146468
0.146160
0.145768
0.145291
0.144746
0.144133
0.143390
0.142556
0.141608
0.140513
0.139266
0.137862
0.136241
0.134400
0.130195
0.132281
0.134142
0.135783
0.137218
0.138491
0.139605
0.140568
0.141411
0.142152
0.142758
0.143289
0.143744
0.144111
0.144383
0.144588
0.144724
0.144792
0.144792
0.144724
0.144588
0.144383
0.144111
0.143744
0.143289
0.142758
0.142152
0.141411
0.140568
0.139605
0.138491
0.137218
0.135783
0.134142
0.132281
0.130195
0.125365
0.127682
0.129769
0.131635
0.133292
0.134760
0.136068
0.137184
0.138181
0.139017
0.139760
0.140372
0.140877
0.141298
0.141635
0.141888
0.142051
0.142127
0.142127
0.142051
0.141888
0.141635
0.141298
0.140877
0.140372
0.139760
0.139017
0.138181
0.137184
0.136068
0.134760
0.133292
0.131635
0.129769
0.127682
0.125365
0.119964
0.122472
0.124756
0.126824
0.128687
0.130356
0.131840
0.133135
0.134285
0.135271
0.136136
0.136846
0.137454
0.137961
0.138336
0.138615
0.138801
0.138893
0.138893
0.138801
0.138615
0.138336
0.137961
0.137454
0.136846
0.136136
0.135271
0.134285
0.133135
0.131840
0.130356
0.128687
0.126824
0.124756
0.122472
0.119964
0.113988
0.116684
0.119150
0.121395
0.123431
0.125267
0.126913
0.128383
0.129680
0.130809
0.131799
0.132628
0.133330
0.133915
0.134359
0.134687
0.134906
0.135016
0.135016
0.134906
0.134687
0.134359
0.133915
0.133330
0.132628
0.131799
0.130809
0.129680
0.128383
0.126913
0.125267
0.123431
0.121395
0.119150
0.116684
0.113988
0.107383
0.110297
0.112950
0.115368
0.117565
0.119554
0.121345
0.122950
0.124380
0.125640
0.126733
0.127679
0.128470
0.129119
0.129638
0.130026
0.130273
0.130397
0.130397
0.130273
0.130026
0.129638
0.129119
0.128470
0.127679
0.126733
0.125640
0.124380
0.122950
0.121345
0.119554
0.117565
0.115368
0.112950
0.110297
0.107383
0.100064
0.103217
0.106096
0.108705
0.111075
0.113220
0.115154
0.116889
0.118437
0.119807
0.120999
0.122036
0.122902
0.123623
0.124195
0.124614
0.124894
0.125034
0.125034
0.124894
0.124614
0.124195
0.123623
0.122902
0.122036
0.120999
0.119807
0.118437
0.116889
0.115154
0.113220
0.111075
0.108705
0.106096
0.103217
0.100064
0.000000
0.000000
0.098468
0.101308
0.103886
0.106211
0.108304
0.110182
0.111855
0.113329
0.114622
0.115740
0.116681
0.117461
0.118083
0.118540
0.118844
0.118997
0.118997
0.118844
0.118540
0.118083
0.117461
0.116681
0.115740
0.114622
0.113329
0.111855
0.110182
0.108304
0.106211
0.103886
0.101308
0.098468
0.000000
0.000000
0.185693
0.000000
0.000000
0.000000
0.000000
0.098402
0.100683
0.102726
0.104544
0.106152
0.107553
0.108761
0.109788
0.110629
0.111298
0.111800
0.112131
0.112295
0.112295
0.112131
0.111800
0.111298
0.110629
0.109788
0.108761
0.107553
0.106152
0.104544
0.102726
0.100683
0.098402
0.000000
0.000000
0.000000
0.000000
0.185693
