0.185629
0.000000
0.000000
0.102407
0.107553
0.112082
0.116061
0.119548
0.122592
0.125224
0.127473
0.129362
0.130918
0.132180
0.133143
0.133865
0.134324
0.134550
0.134550
0.134324
0.133865
0.133143
0.132180
0.130918
0.129362
0.127473
0.125224
0.122592
0.119548
0.116061
0.112082
0.107553
0.102407
0.000000
0.000000
0.185629
0.115603
0.120964
0.125688
0.129794
0.133294
0.136250
0.138693
0.140723
0.142413
0.143819
0.144961
0.145945
0.146712
0.147347
0.147855
0.148217
0.148450
0.148567
0.148567
0.148450
0.148217
0.147855
0.147347
0.146712
0.145945
0.144961
0.143819
0.142413
0.140723
0.138693
0.136250
0.133294
0.129794
0.125688
0.120964
0.115603
0.138243
0.141358
0.143923
0.146035
0.147814
0.149348
0.150707
0.151921
0.153001
0.153972
0.154846
0.155611
0.156279
0.156850
0.157307
0.157650
0.157879
0.157993
0.157993
0.157879
0.157650
0.157307
0.156850
0.156279
0.155611
0.154846
0.153972
0.153001
0.151921
0.150707
0.149348
0.147814
0.146035
0.143923
0.141358
0.138243
0.150343
0.152214
0.153941
0.155581
0.157162
0.158689
0.160158
0.161587
0.162939
0.164186
0.165333
0.166343
0.167219
0.167950
0.168530
0.168965
0.169255
0.169401
0.169401
0.169255
0.168965
0.168530
0.167950
0.167219
0.166343
0.165333
0.164186
0.162939
0.161587
0.160158
0.158689
0.157162
0.155581
0.153941
0.152214
0.150343
0.159631
0.161816
0.164009
0.166164
0.168208
0.170092
0.171780
0.173257
0.174547
0.175661
0.176595
0.177387
0.178059
0.178568
0.178976
0.179281
0.179485
0.179587
0.179587
0.179485
0.179281
0.178976
0.178568
0.178059
0.177387
0.176595
0.175661
0.174547
0.173257
0.171780
0.170092
0.168208
0.166164
0.164009
0.161816
0.159631
0.171048
0.173364
0.175391
0.177141
0.178653
0.179977
0.181061
0.182044
0.182809
0.183499
0.184085
0.184494
0.184844
0.185136
0.185370
0.185545
0.185662
0.185721
0.185721
0.185662
0.185545
0.185370
0.185136
0.184844
0.184494
0.184085
0.183499
0.182809
0.182044
0.181061
0.179977
0.178653
0.177141
0.175391
0.173364
0.171048
0.180507
0.182033
0.183259
0.184311
0.185129
0.185889
0.000000
0.000000
0.098564
0.102108
0.105138
0.107715
0.109865
0.111613
0.112987
0.114011
0.114678
0.115011
0.115011
0.114678
0.114011
0.112987
0.111613
0.109865
0.107715
0.105138
0.102108
0.098564
0.000000
0.000000
0.185889
0.185129
0.184311
0.183259
0.182033
0.180507
0.000000
0.000000
0.100514
0.106224
0.111239
0.115656
0.119537
0.122933
0.125890
0.128420
0.130563
0.132355
0.133823
0.134980
0.135897
0.136541
0.136966
0.137178
0.137178
0.136966
0.136541
0.135897
0.134980
0.133823
0.132355
0.130563
0.128420
0.125890
0.122933
0.119537
0.115656
0.111239
0.106224
0.100514
0.000000
0.000000
0.116950
0.122316
0.127014
0.131073
0.134517
0.137387
0.139773
0.141735
0.143351
0.144702
0.145845
0.146764
0.147539
0.148170
0.148645
0.149001
0.149238
0.149357
0.149357
0.149238
0.149001
0.148645
0.148170
0.147539
0.146764
0.145845
0.144702
0.143351
0.141735
0.139773
0.137387
0.134517
0.131073
0.127014
0.122316
0.116950
0.138021
0.141206
0.143829
0.145990
0.147800
0.149361
0.150742
0.151976
0.153074
0.154062
0.154951
0.155730
0.156415
0.156995
0.157460
0.157809
0.158044
0.158167
0.158167
0.158044
0.157809
0.157460
0.156995
0.156415
0.155730
0.154951
0.154062
0.153074
0.151976
0.150742
0.149361
0.147800
0.145990
0.143829
0.141206
0.138021
0.149603
0.151533
0.153299
0.154958
0.156539
0.158053
0.159537
0.160959
0.162297
0.163557
0.164705
0.165726
0.166612
0.167355
0.167949
0.168392
0.168687
0.168835
0.168835
0.168687
0.168392
0.167949
0.167355
0.166612
0.165726
0.164705
0.163557
0.162297
0.160959
0.159537
0.158053
0.156539
0.154958
0.153299
0.151533
0.149603
0.158188
0.160311
0.162451
0.164576
0.166630
0.168558
0.170319
0.171893
0.173254
0.174440
0.175447
0.176300
0.176990
0.177565
0.178023
0.178334
0.178541
0.178644
0.178644
0.178541
0.178334
0.178023
0.177565
0.176990
0.176300
0.175447
0.174440
0.173254
0.171893
0.170319
0.168558
0.166630
0.164576
0.162451
0.160311
0.158188
0.168578
0.171055
0.173274
0.175215
0.176894
0.178352
0.179595
0.180650
0.181566
0.182332
0.182955
0.183500
0.183968
0.184273
0.184510
0.184688
0.184807
0.184867
0.184867
0.184807
0.184688
0.184510
0.184273
0.183968
0.183500
0.182955
0.182332
0.181566
0.180650
0.179595
0.178352
0.176894
0.175215
0.173274
0.171055
0.168578
0.178267
0.180026
0.181492
0.182737
0.183829
0.184642
0.185355
0.000000
0.000000
0.000000
0.000000
0.100017
0.102391
0.104327
0.105847
0.106966
0.107709
0.108079
0.108079
0.107709
0.106966
0.105847
0.104327
0.102391
0.100017
0.000000
0.000000
0.000000
0.000000
0.185355
0.184642
0.183829
0.182737
0.181492
0.180026
0.178267
0.184537
0.185548
0.000000
0.000000
0.101312
0.106321
0.110705
0.114542
0.117890
0.120785
0.123272
0.125377
0.127123
0.128538
0.129642
0.130449
0.130975
0.131238
0.131238
0.130975
0.130449
0.129642
0.128538
0.127123
0.125377
0.123272
0.120785
0.117890
0.114542
0.110705
0.106321
0.101312
0.000000
0.000000
0.185548
0.184537
0.105292
0.111516
0.116993
0.121825
0.126061
0.129728
0.132853
0.135491
0.137689
0.139497
0.140980
0.142213
0.143183
0.143991
0.144573
0.145009
0.145300
0.145445
0.145445
0.145300
0.145009
0.144573
0.143991
0.143183
0.142213
0.140980
0.139497
0.137689
0.135491
0.132853
0.129728
0.126061
0.121825
0.116993
0.111516
0.105292
0.128712
0.133184
0.136898
0.139961
0.142431
0.144480
0.146203
0.147649
0.148886
0.149973
0.150888
0.151687
0.152363
0.152921
0.153367
0.153702
0.153925
0.154037
0.154037
0.153925
0.153702
0.153367
0.152921
0.152363
0.151687
0.150888
0.149973
0.148886
0.147649
0.146203
0.144480
0.142431
0.139961
0.136898
0.133184
0.128712
0.143784
0.146252
0.148328
0.150133
0.151732
0.153189
0.154536
0.155781
0.156954
0.158019
0.159025
0.159906
0.160706
0.161378
0.161916
0.162338
0.162623
0.162765
0.162765
0.162623
0.162338
0.161916
0.161378
0.160706
0.159906
0.159025
0.158019
0.156954
0.155781
0.154536
0.153189
0.151732
0.150133
0.148328
0.146252
0.143784
0.152565
0.154470
0.156295
0.158074
0.159836
0.161573
0.163257
0.164859
0.166350
0.167711
0.168914
0.169966
0.170840
0.171568
0.172142
0.172555
0.172831
0.172969
0.172969
0.172831
0.172555
0.172142
0.171568
0.170840
0.169966
0.168914
0.167711
0.166350
0.164859
0.163257
0.161573
0.159836
0.158074
0.156295
0.154470
0.152565
0.160692
0.163038
0.165375
0.167632
0.169738
0.171639
0.173314
0.174772
0.176049
0.177103
0.178036
0.178774
0.179406
0.179933
0.180314
0.180593
0.180780
0.180873
0.180873
0.180780
0.180593
0.180314
0.179933
0.179406
0.178774
0.178036
0.177103
0.176049
0.174772
0.173314
0.171639
0.169738
0.167632
0.165375
0.163038
0.160692
0.170547
0.172970
0.175094
0.176930
0.178513
0.179884
0.181017
0.182036
0.182829
0.183543
0.184135
0.184558
0.184921
0.185224
0.185466
0.185647
0.185768
0.185829
0.185829
0.185768
0.185647
0.185466
0.185224
0.184921
0.184558
0.184135
0.183543
0.182829
0.182036
0.181017
0.179884
0.178513
0.176930
0.175094
0.172970
0.170547
0.178992
0.180695
0.182160
0.183350
0.184351
0.185138
0.185864
0.000000
0.000000
0.000000
0.100907
0.103700
0.106027
0.107919
0.109400
0.110498
0.111222
0.111583
0.111583
0.111222
0.110498
0.109400
0.107919
0.106027
0.103700
0.100907
0.000000
0.000000
0.000000
0.185864
0.185138
0.184351
0.183350
0.182160
0.180695
0.178992
0.184568
0.185597
0.000000
0.000000
0.101965
0.107020
0.111449
0.115320
0.118693
0.121616
0.124121
0.126234
0.127989
0.129395
0.130495
0.131299
0.131835
0.132097
0.132097
0.131835
0.131299
0.130495
0.129395
0.127989
0.126234
0.124121
0.121616
0.118693
0.115320
0.111449
0.107020
0.101965
0.000000
0.000000
0.185597
0.184568
0.103006
0.109498
0.115197
0.120220
0.124624
0.128458
0.131747
0.134515
0.136824
0.138736
0.140316
0.141595
0.142623
0.143446
0.144094
0.144538
0.144833
0.144981
0.144981
0.144833
0.144538
0.144094
0.143446
0.142623
0.141595
0.140316
0.138736
0.136824
0.134515
0.131747
0.128458
0.124624
0.120220
0.115197
0.109498
0.103006
0.125130
0.130052
0.134203
0.137637
0.140444
0.142740
0.144643
0.146245
0.147584
0.148725
0.149709
0.150538
0.151235
0.151816
0.152275
0.152616
0.152843
0.152956
0.152956
0.152843
0.152616
0.152275
0.151816
0.151235
0.150538
0.149709
0.148725
0.147584
0.146245
0.144643
0.142740
0.140444
0.137637
0.134203
0.130052
0.125130
0.140574
0.143517
0.145935
0.147950
0.149677
0.151206
0.152588
0.153838
0.154988
0.156027
0.156990
0.157833
0.158590
0.159231
0.159743
0.160136
0.160410
0.160546
0.160546
0.160410
0.160136
0.159743
0.159231
0.158590
0.157833
0.156990
0.156027
0.154988
0.153838
0.152588
0.151206
0.149677
0.147950
0.145935
0.143517
0.140574
0.149647
0.151644
0.153471
0.155193
0.156843
0.158435
0.159973
0.161477
0.162897
0.164212
0.165421
0.166488
0.167412
0.168180
0.168792
0.169250
0.169556
0.169709
0.169709
0.169556
0.169250
0.168792
0.168180
0.167412
0.166488
0.165421
0.164212
0.162897
0.161477
0.159973
0.158435
0.156843
0.155193
0.153471
0.151644
0.149647
0.156698
0.158795
0.160904
0.163016
0.165092
0.167078
0.168920
0.170584
0.172063
0.173328
0.174419
0.175333
0.176106
0.176702
0.177179
0.177536
0.177775
0.177894
0.177894
0.177775
0.177536
0.177179
0.176702
0.176106
0.175333
0.174419
0.173328
0.172063
0.170584
0.168920
0.167078
0.165092
0.163016
0.160904
0.158795
0.156698
0.164765
0.167362
0.169815
0.172044
0.174010
0.175708
0.177164
0.178429
0.179503
0.180415
0.181175
0.181839
0.182348
0.182752
0.183075
0.183317
0.183478
0.183559
0.183559
0.183478
0.183317
0.183075
0.182752
0.182348
0.181839
0.181175
0.180415
0.179503
0.178429
0.177164
0.175708
0.174010
0.172044
0.169815
0.167362
0.164765
0.173572
0.175823
0.177748
0.179385
0.180786
0.182018
0.182987
0.183876
0.184522
0.185076
0.185569
0.000000
0.000000
0.000000
0.000000
0.000000
0.000000
0.000000
0.000000
0.000000
0.000000
0.000000
0.000000
0.000000
0.000000
0.185569
0.185076
0.184522
0.183876
0.182987
0.182018
0.180786
0.179385
0.177748
0.175823
0.173572
0.180398
0.182012
0.183305
0.184395
0.185258
0.000000
0.000000
0.000000
0.100442
0.104101
0.107227
0.109882
0.112093
0.113893
0.115303
0.116350
0.117037
0.117381
0.117381
0.117037
0.116350
0.115303
0.113893
0.112093
0.109882
0.107227
0.104101
0.100442
0.000000
0.000000
0.000000
0.185258
0.184395
0.183305
0.182012
0.180398
0.184947
0.185996
0.000000
0.099179
0.104884
0.109879
0.114247
0.118068
0.121388
0.124261
0.126705
0.128761
0.130457
0.131822
0.132865
0.133640
0.134146
0.134388
0.134388
0.134146
0.133640
0.132865
0.131822
0.130457
0.128761
0.126705
0.124261
0.121388
0.118068
0.114247
0.109879
0.104884
0.099179
0.000000
0.185996
0.184947
0.102481
0.109126
0.114954
0.120085
0.124577
0.128484
0.131833
0.134640
0.136982
0.138915
0.140505
0.141809
0.142834
0.143673
0.144309
0.144761
0.145063
0.145213
0.145213
0.145063
0.144761
0.144309
0.143673
0.142834
0.141809
0.140505
0.138915
0.136982
0.134640
0.131833
0.128484
0.124577
0.120085
0.114954
0.109126
0.102481
0.122376
0.127621
0.132113
0.135864
0.138928
0.141450
0.143518
0.145226
0.146664
0.147891
0.148903
0.149780
0.150503
0.151095
0.151568
0.151923
0.152157
0.152272
0.152272
0.152157
0.151923
0.151568
0.151095
0.150503
0.149780
0.148903
0.147891
0.146664
0.145226
0.143518
0.141450
0.138928
0.135864
0.132113
0.127621
0.122376
0.137235
0.140719
0.143532
0.145843
0.147769
0.149418
0.150871
0.152171
0.153329
0.154376
0.155316
0.156144
0.156880
0.157493
0.157984
0.158375
0.158636
0.158766
0.158766
0.158636
0.158375
0.157984
0.157493
0.156880
0.156144
0.155316
0.154376
0.153329
0.152171
0.150871
0.149418
0.147769
0.145843
0.143532
0.140719
0.137235
0.146555
0.148805
0.150768
0.152533
0.154158
0.155685
0.157144
0.158526
0.159832
0.161076
0.162203
0.163238
0.164131
0.164901
0.165517
0.165980
0.166293
0.166450
0.166450
0.166293
0.165980
0.165517
0.164901
0.164131
0.163238
0.162203
0.161076
0.159832
0.158526
0.157144
0.155685
0.154158
0.152533
0.150768
0.148805
0.146555
0.153013
0.154998
0.156918
0.158809
0.160682
0.162526
0.164314
0.166010
0.167579
0.168985
0.170225
0.171283
0.172180
0.172895
0.173468
0.173897
0.174171
0.174304
0.174304
0.174171
0.173897
0.173468
0.172895
0.172180
0.171283
0.170225
0.168985
0.167579
0.166010
0.164314
0.162526
0.160682
0.158809
0.156918
0.154998
0.153013
0.159225
0.161546
0.163887
0.166199
0.168395
0.170410
0.172212
0.173787
0.175133
0.176302
0.177274
0.178113
0.178770
0.179317
0.179755
0.180074
0.180267
0.180364
0.180364
0.180267
0.180074
0.179755
0.179317
0.178770
0.178113
0.177274
0.176302
0.175133
0.173787
0.172212
0.170410
0.168395
0.166199
0.163887
0.161546
0.159225
0.166547
0.169210
0.171654
0.173822
0.175698
0.177306
0.178689
0.179894
0.180874
0.181745
0.182442
0.183019
0.183513
0.183925
0.184194
0.184382
0.184508
0.184570
0.184570
0.184508
0.184382
0.184194
0.183925
0.183513
0.183019
0.182442
0.181745
0.180874
0.179894
0.178689
0.177306
0.175698
0.173822
0.171654
0.169210
0.166547
0.174001
0.176243
0.178171
0.179815
0.181192
0.182384
0.183373
0.184213
0.184841
0.185406
0.185909
0.000000
0.000000
0.000000
0.000000
0.000000
0.000000
0.000000
0.000000
0.000000
0.000000
0.000000
0.000000
0.000000
0.000000
0.185909
0.185406
0.184841
0.184213
0.183373
0.182384
0.181192
0.179815
0.178171
0.176243
0.174001
0.179846
0.181511
0.182903
0.184107
0.184987
0.185804
0.000000
0.000000
0.098981
0.102768
0.106010
0.108745
0.111027
0.112885
0.114345
0.115422
0.116136
0.116487
0.116487
0.116136
0.115422
0.114345
0.112885
0.111027
0.108745
0.106010
0.102768
0.098981
0.000000
0.000000
0.185804
0.184987
0.184107
0.182903
0.181511
0.179846
0.184064
0.185133
0.000000
0.000000
0.099563
0.104950
0.109655
0.113757
0.117320
0.120406
0.123046
0.125278
0.127127
0.128622
0.129790
0.130635
0.131192
0.131470
0.131470
0.131192
0.130635
0.129790
0.128622
0.127127
0.125278
0.123046
0.120406
0.117320
0.113757
0.109655
0.104950
0.099563
0.000000
0.000000
0.185133
0.184064
0.000000
0.100147
0.106694
0.112428
0.117457
0.121873
0.125720
0.129033
0.131864
0.134228
0.136187
0.137786
0.139061
0.140098
0.140857
0.141427
0.141807
0.141997
0.141997
0.141807
0.141427
0.140857
0.140098
0.139061
0.137786
0.136187
0.134228
0.131864
0.129033
0.125720
0.121873
0.117457
0.112428
0.106694
0.100147
0.000000
0.111456
0.117597
0.122983
0.127681
0.131703
0.135074
0.137886
0.140182
0.142074
0.143614
0.144883
0.145960
0.146798
0.147494
0.148046
0.148430
0.148685
0.148813
0.148813
0.148685
0.148430
0.148046
0.147494
0.146798
0.145960
0.144883
0.143614
0.142074
0.140182
0.137886
0.135074
0.131703
0.127681
0.122983
0.117597
0.111456
0.126593
0.131545
0.135677
0.139037
0.141789
0.144032
0.145879
0.147421
0.148747
0.149898
0.150870
0.151716
0.152431
0.153022
0.153494
0.153848
0.154086
0.154206
0.154206
0.154086
0.153848
0.153494
0.153022
0.152431
0.151716
0.150870
0.149898
0.148747
0.147421
0.145879
0.144032
0.141789
0.139037
0.135677
0.131545
0.126593
0.138085
0.141497
0.144259
0.146514
0.148426
0.150085
0.151535
0.152845
0.154028
0.155106
0.156068
0.156944
0.157695
0.158342
0.158874
0.159274
0.159540
0.159674
0.159674
0.159540
0.159274
0.158874
0.158342
0.157695
0.156944
0.156068
0.155106
0.154028
0.152845
0.151535
0.150085
0.148426
0.146514
0.144259
0.141497
0.138085
0.145720
0.148106
0.150146
0.151960
0.153616
0.155170
0.156636
0.158014
0.159347
0.160584
0.161723
0.162762
0.163668
0.164440
0.165069
0.165540
0.165855
0.166012
0.166012
0.165855
0.165540
0.165069
0.164440
0.163668
0.162762
0.161723
0.160584
0.159347
0.158014
0.156636
0.155170
0.153616
0.151960
0.150146
0.148106
0.145720
0.151176
0.153206
0.155114
0.156955
0.158754
0.160521
0.162244
0.163905
0.165474
0.166906
0.168186
0.169300
0.170247
0.171018
0.171635
0.172092
0.172384
0.172530
0.172530
0.172384
0.172092
0.171635
0.171018
0.170247
0.169300
0.168186
0.166906
0.165474
0.163905
0.162244
0.160521
0.158754
0.156955
0.155114
0.153206
0.151176
0.156021
0.158163
0.160318
0.162483
0.164623
0.166681
0.168600
0.170340
0.171883
0.173205
0.174347
0.175298
0.176103
0.176723
0.177220
0.177592
0.177840
0.177964
0.177964
0.177840
0.177592
0.177220
0.176723
0.176103
0.175298
0.174347
0.173205
0.171883
0.170340
0.168600
0.166681
0.164623
0.162483
0.160318
0.158163
0.156021
0.161256
0.163781
0.166296
0.168697
0.170898
0.172857
0.174569
0.176058
0.177299
0.178375
0.179269
0.180046
0.180638
0.181132
0.181528
0.181824
0.182019
0.182103
0.182103
0.182019
0.181824
0.181528
0.181132
0.180638
0.180046
0.179269
0.178375
0.177299
0.176058
0.174569
0.172857
0.170898
0.168697
0.166296
0.163781
0.161256
0.167197
0.169911
0.172365
0.174520
0.176386
0.178001
0.179343
0.180507
0.181495
0.182327
0.183000
0.183589
0.184071
0.184392
0.184648
0.184841
0.184969
0.185033
0.185033
0.184969
0.184841
0.184648
0.184392
0.184071
0.183589
0.183000
0.182327
0.181495
0.180507
0.179343
0.178001
0.176386
0.174520
0.172365
0.169911
0.167197
0.173044
0.175424
0.177462
0.179194
0.180673
0.181959
0.182974
0.183900
0.184565
0.185143
0.185656
0.000000
0.000000
0.000000
0.000000
0.000000
0.000000
0.000000
0.000000
0.000000
0.000000
0.000000
0.000000
0.000000
0.000000
0.185656
0.185143
0.184565
0.183900
0.182974
0.181959
0.180673
0.179194
0.177462
0.175424
0.173044
0.177919
0.179830
0.181433
0.182781
0.183959
0.184803
0.185574
0.000000
0.000000
0.000000
0.099903
0.102889
0.105376
0.107397
0.108981
0.110155
0.110922
0.111305
0.111305
0.110922
0.110155
0.108981
0.107397
0.105376
0.102889
0.099903
0.000000
0.000000
0.000000
0.185574
0.184803
0.183959
0.182781
0.181433
0.179830
0.177919
0.181701
0.183177
0.184400
0.185364
0.000000
0.000000
0.098916
0.103626
0.107703
0.111216
0.114229
0.116777
0.118903
0.120635
0.121998
0.122992
0.123655
0.123986
0.123986
0.123655
0.122992
0.121998
0.120635
0.118903
0.116777
0.114229
0.111216
0.107703
0.103626
0.098916
0.000000
0.000000
0.185364
0.184400
0.183177
0.181701
0.184512
0.185604
0.000000
0.000000
0.103107
0.108405
0.113026
0.117058
0.120563
0.123587
0.126167
0.128328
0.130113
0.131536
0.132637
0.133445
0.133983
0.134236
0.134236
0.133983
0.133445
0.132637
0.131536
0.130113
0.128328
0.126167
0.123587
0.120563
0.117058
0.113026
0.108405
0.103107
0.000000
0.000000
0.185604
0.184512
0.000000
0.098270
0.105090
0.111048
0.116268
0.120836
0.124824
0.128272
0.131199
0.133666
0.135705
0.137361
0.138699
0.139768
0.140566
0.141148
0.141537
0.141731
0.141731
0.141537
0.141148
0.140566
0.139768
0.138699
0.137361
0.135705
0.133666
0.131199
0.128272
0.124824
0.120836
0.116268
0.111048
0.105090
0.098270
0.000000
0.105003
0.111738
0.117632
0.122797
0.127295
0.131150
0.134402
0.137090
0.139307
0.141119
0.142606
0.143830
0.144790
0.145576
0.146186
0.146612
0.146896
0.147038
0.147038
0.146896
0.146612
0.146186
0.145576
0.144790
0.143830
0.142606
0.141119
0.139307
0.137090
0.134402
0.131150
0.127295
0.122797
0.117632
0.111738
0.105003
0.117207
0.123070
0.128169
0.132501
0.136120
0.139062
0.141481
0.143457
0.145085
0.146452
0.147590
0.148538
0.149323
0.149976
0.150471
0.150842
0.151089
0.151212
0.151212
0.151089
0.150842
0.150471
0.149976
0.149323
0.148538
0.147590
0.146452
0.145085
0.143457
0.141481
0.139062
0.136120
0.132501
0.128169
0.123070
0.117207
0.127504
0.132461
0.136555
0.139891
0.142561
0.144752
0.146579
0.148132
0.149440
0.150583
0.151571
0.152426
0.153151
0.153755
0.154241
0.154609
0.154854
0.154976
0.154976
0.154854
0.154609
0.154241
0.153755
0.153151
0.152426
0.151571
0.150583
0.149440
0.148132
0.146579
0.144752
0.142561
0.139891
0.136555
0.132461
0.127504
0.135808
0.139650
0.142716
0.145207
0.147276
0.149036
0.150573
0.151932
0.153142
0.154233
0.155213
0.156074
0.156842
0.157482
0.157995
0.158403
0.158675
0.158811
0.158811
0.158675
0.158403
0.157995
0.157482
0.156842
0.156074
0.155213
0.154233
0.153142
0.151932
0.150573
0.149036
0.147276
0.145207
0.142716
0.139650
0.135808
0.141996
0.144877
0.147264
0.149287
0.151058
0.152651
0.154103
0.155452
0.156708
0.157861
0.158942
0.159896
0.160762
0.161490
0.162077
0.162540
0.162849
0.163003
0.163003
0.162849
0.162540
0.162077
0.161490
0.160762
0.159896
0.158942
0.157861
0.156708
0.155452
0.154103
0.152651
0.151058
0.149287
0.147264
0.144877
0.141996
0.146540
0.148885
0.150926
0.152765
0.154465
0.156062
0.157600
0.159074
0.160468
0.161779
0.163001
0.164085
0.165050
0.165854
0.166507
0.166998
0.167326
0.167490
0.167490
0.167326
0.166998
0.166507
0.165854
0.165050
0.164085
0.163001
0.161779
0.160468
0.159074
0.157600
0.156062
0.154465
0.152765
0.150926
0.148885
0.146540
0.150177
0.152275
0.154215
0.156058
0.157854
0.159618
0.161341
0.163000
0.164568
0.166017
0.167328
0.168472
0.169449
0.170255
0.170886
0.171359
0.171675
0.171832
0.171832
0.171675
0.171359
0.170886
0.170255
0.169449
0.168472
0.167328
0.166017
0.164568
0.163000
0.161341
0.159618
0.157854
0.156058
0.154215
0.152275
0.150177
0.153361
0.155439
0.157467
0.159480
0.161486
0.163465
0.165375
0.167167
0.168802
0.170259
0.171522
0.172594
0.173492
0.174222
0.174778
0.175195
0.175473
0.175612
0.175612
0.175473
0.175195
0.174778
0.174222
0.173492
0.172594
0.171522
0.170259
0.168802
0.167167
0.165375
0.163465
0.161486
0.159480
0.157467
0.155439
0.153361
0.156439
0.158661
0.160904
0.163158
0.165379
0.167500
0.169459
0.171213
0.172751
0.174091
0.175203
0.176161
0.176923
0.177558
0.178060
0.178403
0.178632
0.178746
0.178746
0.178632
0.178403
0.178060
0.177558
0.176923
0.176161
0.175203
0.174091
0.172751
0.171213
0.169459
0.167500
0.165379
0.163158
0.160904
0.158661
0.156439
0.159619
0.162080
0.164578
0.167015
0.169304
0.171380
0.173209
0.174795
0.176170
0.177314
0.178298
0.179099
0.179786
0.180316
0.180721
0.181024
0.181227
0.181328
0.181328
0.181227
0.181024
0.180721
0.180316
0.179786
0.179099
0.178298
0.177314
0.176170
0.174795
0.173209
0.171380
0.169304
0.167015
0.164578
0.162080
0.159619
0.163013
0.165714
0.168335
0.170758
0.172920
0.174806
0.176435
0.177834
0.178995
0.180023
0.180833
0.181541
0.182126
0.182557
0.182901
0.183159
0.183332
0.183418
0.183418
0.183332
0.183159
0.182901
0.182557
0.182126
0.181541
0.180833
0.180023
0.178995
0.177834
0.176435
0.174806
0.172920
0.170758
0.168335
0.165714
0.163013
0.166540
0.169325
0.171877
0.174122
0.176065
0.177719
0.179122
0.180338
0.181351
0.182223
0.182912
0.183515
0.184024
0.184353
0.184616
0.184813
0.184944
0.185010
0.185010
0.184944
0.184813
0.184616
0.184353
0.184024
0.183515
0.182912
0.182223
0.181351
0.180338
0.179122
0.177719
0.176065
0.174122
0.171877
0.169325
0.166540
0.169991
0.172646
0.174971
0.176969
0.178677
0.180148
0.181364
0.182407
0.183269
0.184034
0.184560
0.185020
0.185414
0.185743
0.000000
0.000000
0.000000
0.000000
0.000000
0.000000
0.000000
0.000000
0.185743
0.185414
0.185020
0.184560
0.184034
0.183269
0.182407
0.181364
0.180148
0.178677
0.176969
0.174971
0.172646
0.169991
0.173111
0.175544
0.177621
0.179379
0.180871
0.182160
0.183195
0.184110
0.184767
0.185359
0.185886
0.000000
0.000000
0.000000
0.000000
0.000000
0.000000
0.000000
0.000000
0.000000
0.000000
0.000000
0.000000
0.000000
0.000000
0.185886
0.185359
0.184767
0.184110
0.183195
0.182160
0.180871
0.179379
0.177621
0.175544
0.173111
0.175840
0.178018
0.179854
0.181392
0.182691
0.183813
0.184647
0.185371
0.000000
0.000000
0.000000
0.000000
0.099832
0.102034
0.103755
0.105023
0.105865
0.106279
0.106279
0.105865
0.105023
0.103755
0.102034
0.099832
0.000000
0.000000
0.000000
0.000000
0.185371
0.184647
0.183813
0.182691
0.181392
0.179854
0.178018
0.175840
0.178149
0.180089
0.181713
0.183051
0.184198
0.185054
0.185844
0.000000
0.000000
0.098576
0.102125
0.105113
0.107603
0.109625
0.111207
0.112379
0.113148
0.113533
0.113533
0.113148
0.112379
0.111207
0.109625
0.107603
0.105113
0.102125
0.098576
0.000000
0.000000
0.185844
0.185054
0.184198
0.183051
0.181713
0.180089
0.178149
0.180105
0.181832
0.183239
0.184408
0.185330
0.000000
0.000000
0.000000
0.102219
0.106049
0.109315
0.112084
0.114384
0.116258
0.117727
0.118809
0.119526
0.119884
0.119884
0.119526
0.118809
0.117727
0.116258
0.114384
0.112084
0.109315
0.106049
0.102219
0.000000
0.000000
0.000000
0.185330
0.184408
0.183239
0.181832
0.180105
0.181748
0.183255
0.184487
0.185475
0.000000
0.000000
0.100123
0.104884
0.109008
0.112563
0.115605
0.118182
0.120326
0.122072
0.123433
0.124440
0.125100
0.125430
0.125430
0.125100
0.124440
0.123433
0.122072
0.120326
0.118182
0.115605
0.112563
0.109008
0.104884
0.100123
0.000000
0.000000
0.185475
0.184487
0.183255
0.181748
0.183099
0.184434
0.185489
0.000000
0.000000
0.101550
0.106659
0.111099
0.114950
0.118276
0.121119
0.123525
0.125520
0.127131
0.128390
0.129309
0.129921
0.130217
0.130217
0.129921
0.129309
0.128390
0.127131
0.125520
0.123525
0.121119
0.118276
0.114950
0.111099
0.106659
0.101550
0.000000
0.000000
0.185489
0.184434
0.183099
0.184251
0.185372
0.000000
0.000000
0.102099
0.107590
0.112377
0.116544
0.120165
0.123280
0.125944
0.128172
0.130010
0.131471
0.132605
0.133434
0.133987
0.134247
0.134247
0.133987
0.133434
0.132605
0.131471
0.130010
0.128172
0.125944
0.123280
0.120165
0.116544
0.112377
0.107590
0.102099
0.000000
0.000000
0.185372
0.184251
0.185124
0.000000
0.000000
0.101774
0.107700
0.112868
0.117383
0.121316
0.124719
0.127636
0.130098
0.132137
0.133796
0.135104
0.136129
0.136848
0.137328
0.137568
0.137568
0.137328
0.136848
0.136129
0.135104
0.133796
0.132137
0.130098
0.127636
0.124719
0.121316
0.117383
0.112868
0.107700
0.101774
0.000000
0.000000
0.185124
0.185933
0.000000
0.100568
0.106989
0.112592
0.117490
0.121770
0.125481
0.128665
0.131360
0.133608
0.135446
0.136927
0.138116
0.138995
0.139655
0.140086
0.140285
0.140285
0.140086
0.139655
0.138995
0.138116
0.136927
0.135446
0.133608
0.131360
0.128665
0.125481
0.121770
0.117490
0.112592
0.106989
0.100568
0.000000
0.185933
0.000000
0.098448
0.105441
0.111537
0.116864
0.121528
0.125585
0.129070
0.132038
0.134495
0.136527
0.138190
0.139510
0.140553
0.141351
0.141950
0.142314
0.142494
0.142494
0.142314
0.141950
0.141351
0.140553
0.139510
0.138190
0.136527
0.134495
0.132038
0.129070
0.125585
0.121528
0.116864
0.111537
0.105441
0.098448
0.000000
0.000000
0.103006
0.109673
0.115492
0.120587
0.125030
0.128864
0.132131
0.134843
0.137090
0.138927
0.140425
0.141622
0.142559
0.143278
0.143817
0.144159
0.144321
0.144321
0.144159
0.143817
0.143278
0.142559
0.141622
0.140425
0.138927
0.137090
0.134843
0.132131
0.128864
0.125030
0.120587
0.115492
0.109673
0.103006
0.000000
0.099615
0.106942
0.113331
0.118919
0.123810
0.128047
0.131654
0.134675
0.137176
0.139227
0.140897
0.142266
0.143345
0.144220
0.144866
0.145352
0.145675
0.145837
0.145837
0.145675
0.145352
0.144866
0.144220
0.143345
0.142266
0.140897
0.139227
0.137176
0.134675
0.131654
0.128047
0.123810
0.118919
0.113331
0.106942
0.099615
0.103271
0.110325
0.116480
0.121873
0.126560
0.130585
0.133989
0.136783
0.139089
0.140972
0.142514
0.143774
0.144767
0.145576
0.146202
0.146641
0.146934
0.147080
0.147080
0.146934
0.146641
0.146202
0.145576
0.144767
0.143774
0.142514
0.140972
0.139089
0.136783
0.133989
0.130585
0.126560
0.121873
0.116480
0.110325
0.103271
0.106380
0.113199
0.119163
0.124376
0.128879
0.132704
0.135904
0.138511
0.140649
0.142404
0.143845
0.144994
0.145965
0.146700
0.147286
0.147725
0.148016
0.148151
0.148151
0.148016
0.147725
0.147286
0.146700
0.145965
0.144994
0.143845
0.142404
0.140649
0.138511
0.135904
0.132704
0.128879
0.124376
0.119163
0.113199
0.106380
0.108983
0.115618
0.121418
0.126470
0.130801
0.134444
0.137448
0.139921
0.141929
0.143558
0.144898
0.146029
0.146907
0.147640
0.148207
0.148611
0.148880
0.149015
0.149015
0.148880
0.148611
0.148207
0.147640
0.146907
0.146029
0.144898
0.143558
0.141929
0.139921
0.137448
0.134444
0.130801
0.126470
0.121418
0.115618
0.108983
0.111126
0.117608
0.123270
0.128186
0.132361
0.135846
0.138685
0.141010
0.142911
0.144480
0.145776
0.146823
0.147703
0.148400
0.148939
0.149343
0.149612
0.149747
0.149747
0.149612
0.149343
0.148939
0.148400
0.147703
0.146823
0.145776
0.144480
0.142911
0.141010
0.138685
0.135846
0.132361
0.128186
0.123270
0.117608
0.111126
0.112836
0.119195
0.124747
0.129538
0.133583
0.136919
0.139659
0.141894
0.143709
0.145197
0.146447
0.147474
0.148325
0.148999
0.149538
0.149942
0.150200
0.150327
0.150327
0.150200
0.149942
0.149538
0.148999
0.148325
0.147474
0.146447
0.145197
0.143709
0.141894
0.139659
0.136919
0.133583
0.129538
0.124747
0.119195
0.112836
0.114142
0.120407
0.125874
0.130560
0.134497
0.137743
0.140377
0.142524
0.144295
0.145755
0.146952
0.147979
0.148790
0.149464
0.150004
0.150386
0.150640
0.150768
0.150768
0.150640
0.150386
0.150004
0.149464
0.148790
0.147979
0.146952
0.145755
0.144295
0.142524
0.140377
0.137743
0.134497
0.130560
0.125874
0.120407
0.114142
0.115046
0.121251
0.126651
0.131269
0.135127
0.138301
0.140865
0.142964
0.144692
0.146139
0.147313
0.148313
0.149122
0.149797
0.150318
0.150700
0.150955
0.151083
0.151083
0.150955
0.150700
0.150318
0.149797
0.149122
0.148313
0.147313
0.146139
0.144692
0.142964
0.140865
0.138301
0.135127
0.131269
0.126651
0.121251
0.115046
0.115576
0.121747
0.127106
0.131689
0.135500
0.138619
0.141155
0.143227
0.144929
0.146353
0.147528
0.148511
0.149321
0.149997
0.150507
0.150889
0.151144
0.151272
0.151272
0.151144
0.150889
0.150507
0.149997
0.149321
0.148511
0.147528
0.146353
0.144929
0.143227
0.141155
0.138619
0.135500
0.131689
0.127106
0.121747
0.115576
0.115731
0.121895
0.127243
0.131817
0.135616
0.138719
0.141247
0.143310
0.145005
0.146423
0.147599
0.148577
0.149387
0.150059
0.150569
0.150952
0.151207
0.151335
0.151335
0.151207
0.150952
0.150569
0.150059
0.149387
0.148577
0.147599
0.146423
0.145005
0.143310
0.141247
0.138719
0.135616
0.131817
0.127243
0.121895
0.115731
0.115510
0.121693
0.127062
0.131653
0.135473
0.138599
0.141140
0.143215
0.144920
0.146347
0.147523
0.148508
0.149319
0.149995
0.150505
0.150888
0.151144
0.151271
0.151271
0.151144
0.150888
0.150505
0.149995
0.149319
0.148508
0.147523
0.146347
0.144920
0.143215
0.141140
0.138599
0.135473
0.131653
0.127062
0.121693
0.115510
0.114913
0.121141
0.126562
0.131198
0.135072
0.138260
0.140834
0.142940
0.144674
0.146125
0.147302
0.148305
0.149117
0.149793
0.150315
0.150698
0.150954
0.151081
0.151081
0.150954
0.150698
0.150315
0.149793
0.149117
0.148305
0.147302
0.146125
0.144674
0.142940
0.140834
0.138260
0.135072
0.131198
0.126562
0.121141
0.114913
0.113937
0.120239
0.125733
0.130449
0.134411
0.137674
0.140328
0.142486
0.144267
0.145732
0.146935
0.147966
0.148780
0.149457
0.149998
0.150381
0.150637
0.150765
0.150765
0.150637
0.150381
0.149998
0.149457
0.148780
0.147966
0.146935
0.145732
0.144267
0.142486
0.140328
0.137674
0.134411
0.130449
0.125733
0.120239
0.113937
0.112554
0.118959
0.124554
0.129380
0.133457
0.136824
0.139584
0.141836
0.143664
0.145164
0.146422
0.147453
0.148310
0.148986
0.149528
0.149934
0.150194
0.150321
0.150321
0.150194
0.149934
0.149528
0.148986
0.148310
0.147453
0.146422
0.145164
0.143664
0.141836
0.139584
0.136824
0.133457
0.129380
0.124554
0.118959
0.112554
0.110755
0.117296
0.123013
0.127979
0.132197
0.135711
0.138586
0.140932
0.142851
0.144434
0.145737
0.146794
0.147678
0.148381
0.148923
0.149330
0.149601
0.149736
0.149736
0.149601
0.149330
0.148923
0.148381
0.147678
0.146794
0.145737
0.144434
0.142851
0.140932
0.138586
0.135711
0.132197
0.127979
0.123013
0.117296
0.110755
0.108513
0.115221
0.121087
0.126201
0.130582
0.134273
0.137309
0.139809
0.141841
0.143490
0.144846
0.145987
0.146873
0.147610
0.148184
0.148590
0.148861
0.148997
0.148997
0.148861
0.148590
0.148184
0.147610
0.146873
0.145987
0.144846
0.143490
0.141841
0.139809
0.137309
0.134273
0.130582
0.126201
0.121087
0.115221
0.108513
0.105793
0.112706
0.118749
0.124035
0.128596
0.132477
0.135716
0.138370
0.140537
0.142316
0.143768
0.144933
0.145912
0.146658
0.147248
0.147691
0.147986
0.148123
0.148123
0.147986
0.147691
0.147248
0.146658
0.145912
0.144933
0.143768
0.142316
0.140537
0.138370
0.135716
0.132477
0.128596
0.124035
0.118749
0.112706
0.105793
0.102546
0.109716
0.115971
0.121435
0.126201
0.130291
0.133741
0.136591
0.138933
0.140847
0.142414
0.143685
0.144696
0.145513
0.146150
0.146593
0.146888
0.147035
0.147035
0.146888
0.146593
0.146150
0.145513
0.144696
0.143685
0.142414
0.140847
0.138933
0.136591
0.133741
0.130291
0.126201
0.121435
0.115971
0.109716
0.102546
0.098724
0.106198
0.112698
0.118383
0.123350
0.127660
0.131333
0.134420
0.136964
0.139053
0.140755
0.142151
0.143241
0.144134
0.144788
0.145278
0.145604
0.145768
0.145768
0.145604
0.145278
0.144788
0.144134
0.143241
0.142151
0.140755
0.139053
0.136964
0.134420
0.131333
0.127660
0.123350
0.118383
0.112698
0.106198
0.098724
0.000000
0.102096
0.108894
0.114828
0.120025
0.124548
0.128458
0.131788
0.134562
0.136854
0.138730
0.140262
0.141473
0.142434
0.143161
0.143707
0.144063
0.144227
0.144227
0.144063
0.143707
0.143161
0.142434
0.141473
0.140262
0.138730
0.136854
0.134562
0.131788
0.128458
0.124548
0.120025
0.114828
0.108894
0.102096
0.000000
0.000000
0.000000
0.104491
0.110722
0.116168
0.120921
0.125061
0.128626
0.131653
0.134181
0.136260
0.137961
0.139301
0.140375
0.141183
0.141789
0.142174
0.142356
0.142356
0.142174
0.141789
0.141183
0.140375
0.139301
0.137961
0.136260
0.134181
0.131653
0.128626
0.125061
0.120921
0.116168
0.110722
0.104491
0.000000
0.000000
0.185731
0.000000
0.099405
0.105995
0.111731
0.116738
0.121112
0.124908
0.128175
0.130928
0.133229
0.135116
0.136640
0.137856
0.138759
0.139428
0.139874
0.140087
0.140087
0.139874
0.139428
0.138759
0.137856
0.136640
0.135116
0.133229
0.130928
0.128175
0.124908
0.121112
0.116738
0.111731
0.105995
0.099405
0.000000
0.185731
0.184894
0.000000
0.000000
0.100544
0.106634
0.111944
0.116566
0.120595
0.124088
0.127067
0.129593
0.131688
0.133388
0.134741
0.135792
0.136537
0.137024
0.137267
0.137267
0.137024
0.136537
0.135792
0.134741
0.133388
0.131688
0.129593
0.127067
0.124088
0.120595
0.116566
0.111944
0.106634
0.100544
0.000000
0.000000
0.184894
0.183986
0.185128
0.000000
0.000000
0.100781
0.106439
0.111360
0.115643
0.119354
0.122555
0.125282
0.127575
0.129459
0.130968
0.132147
0.132989
0.133551
0.133831
0.133831
0.133551
0.132989
0.132147
0.130968
0.129459
0.127575
0.125282
0.122555
0.119354
0.115643
0.111360
0.106439
0.100781
0.000000
0.000000
0.185128
0.183986
0.182711
0.184157
0.185230
0.000000
0.000000
0.100126
0.105397
0.109978
0.113941
0.117355
0.120283
0.122752
0.124803
0.126465
0.127762
0.128706
0.129329
0.129640
0.129640
0.129329
0.128706
0.127762
0.126465
0.124803
0.122752
0.120283
0.117355
0.113941
0.109978
0.105397
0.100126
0.000000
0.000000
0.185230
0.184157
0.182711
0.181233
0.182843
0.184192
0.185198
0.000000
0.000000
0.098545
0.103477
0.107740
0.111406
0.114542
0.117195
0.119405
0.121199
0.122606
0.123645
0.124327
0.124663
0.124663
0.124327
0.123645
0.122606
0.121199
0.119405
0.117195
0.114542
0.111406
0.107740
0.103477
0.098545
0.000000
0.000000
0.185198
0.184192
0.182843
0.181233
0.179465
0.181286
0.182801
0.184093
0.185032
0.185905
0.000000
0.000000
0.100621
0.104589
0.107979
0.110833
0.113212
0.115146
0.116663
0.117786
0.118522
0.118887
0.118887
0.118522
0.117786
0.116663
0.115146
0.113212
0.110833
0.107979
0.104589
0.100621
0.000000
0.000000
0.185905
0.185032
0.184093
0.182801
0.181286
0.179465
0.177351
0.179407
0.181132
0.182583
0.183816
0.184733
0.185539
0.000000
0.000000
0.000000
0.100427
0.103536
0.106121
0.108216
0.109859
0.111066
0.111869
0.112265
0.112265
0.111869
0.111066
0.109859
0.108216
0.106121
0.103536
0.100427
0.000000
0.000000
0.000000
0.185539
0.184733
0.183816
0.182583
0.181132
0.179407
0.177351
