0.178421
0.179530
0.180508
0.181373
0.182153
0.182791
0.183379
0.183919
0.184312
0.184649
0.184948
0.185210
0.185434
0.185621
0.185771
0.185883
0.185958
0.185995
0.185995
0.185958
0.185883
0.185771
0.185621
0.185434
0.185210
0.184948
0.184649
0.184312
0.183919
0.183379
0.182791
0.182153
0.181373
0.180508
0.179530
0.178421
0.176114
0.177347
0.178456
0.179436
0.180309
0.181059
0.181752
0.182328
0.182819
0.183261
0.183653
0.183997
0.184222
0.184409
0.184558
0.184671
0.184745
0.184783
0.184783
0.184745
0.184671
0.184558
0.184409
0.184222
0.183997
0.183653
0.183261
0.182819
0.182328
0.181752
0.181059
0.180309
0.179436
0.178456
0.177347
0.176114
0.173428
0.174818
0.176081
0.177169
0.178167
0.179015
0.179799
0.180457
0.181035
0.181554
0.182013
0.182357
0.182651
0.182897
0.183093
0.183240
0.183338
0.183388
0.183388
0.183338
0.183240
0.183093
0.182897
0.182651
0.182357
0.182013
0.181554
0.181035
0.180457
0.179799
0.179015
0.178167
0.177169
0.176081
0.174818
0.173428
0.170397
0.171932
0.173304
0.174545
0.175657
0.176630
0.177501
0.178269
0.178922
0.179510
0.180029
0.180433
0.180780
0.181068
0.181299
0.181472
0.181588
0.181646
0.181646
0.181588
0.181472
0.181299
0.181068
0.180780
0.180433
0.180029
0.179510
0.178922
0.178269
0.177501
0.176630
0.175657
0.174545
0.173304
0.171932
0.170397
0.167100
0.168690
0.170176
0.171530
0.172753
0.173865
0.174828
0.175702
0.176454
0.177107
0.177688
0.178176
0.178568
0.178895
0.179156
0.179352
0.179483
0.179548
0.179548
0.179483
0.179352
0.179156
0.178895
0.178568
0.178176
0.177688
0.177107
0.176454
0.175702
0.174828
0.173865
0.172753
0.171530
0.170176
0.168690
0.167100
0.163731
0.165287
0.166775
0.168182
0.169487
0.170678
0.171762
0.172716
0.173571
0.174317
0.174953
0.175509
0.175986
0.176351
0.176641
0.176859
0.177004
0.177077
0.177077
0.177004
0.176859
0.176641
0.176351
0.175986
0.175509
0.174953
0.174317
0.173571
0.172716
0.171762
0.170678
0.169487
0.168182
0.166775
0.165287
0.163731
0.160504
0.161924
0.163336
0.164692
0.165983
0.167203
0.168328
0.169354
0.170277
0.171091
0.171814
0.172423
0.172936
0.173364
0.173707
0.173963
0.174125
0.174205
0.174205
0.174125
0.173963
0.173707
0.173364
0.172936
0.172423
0.171814
0.171091
0.170277
0.169354
0.168328
0.167203
0.165983
0.164692
0.163336
0.161924
0.160504
0.157496
0.158793
0.160048
0.161302
0.162500
0.163651
0.164744
0.165758
0.166693
0.167539
0.168288
0.168941
0.169501
0.169967
0.170330
0.170601
0.170782
0.170872
0.170872
0.170782
0.170601
0.170330
0.169967
0.169501
0.168941
0.168288
0.167539
0.166693
0.165758
0.164744
0.163651
0.162500
0.161302
0.160048
0.158793
0.157496
0.154653
0.155850
0.157020
0.158132
0.159228
0.160262
0.161265
0.162195
0.163081
0.163879
0.164612
0.165258
0.165811
0.166278
0.166653
0.166935
0.167123
0.167217
0.167217
0.167123
0.166935
0.166653
0.166278
0.165811
0.165258
0.164612
0.163879
0.163081
0.162195
0.161265
0.160262
0.159228
0.158132
0.157020
0.155850
0.154653
0.151828
0.153013
0.154127
0.155184
0.156178
0.157135
0.158019
0.158880
0.159663
0.160392
0.161061
0.161647
0.162157
0.162600
0.162955
0.163221
0.163398
0.163487
0.163487
0.163398
0.163221
0.162955
0.162600
0.162157
0.161647
0.161061
0.160392
0.159663
0.158880
0.158019
0.157135
0.156178
0.155184
0.154127
0.153013
0.151828
0.148813
0.150088
0.151226
0.152286
0.153260
0.154166
0.155011
0.155787
0.156513
0.157176
0.157765
0.158298
0.158768
0.159159
0.159473
0.159708
0.159864
0.159942
0.159942
0.159864
0.159708
0.159473
0.159159
0.158768
0.158298
0.157765
0.157176
0.156513
0.155787
0.155011
0.154166
0.153260
0.152286
0.151226
0.150088
0.148813
0.145340
0.146797
0.148100
0.149230
0.150269
0.151194
0.152046
0.152811
0.153507
0.154135
0.154699
0.155192
0.155615
0.155968
0.156261
0.156482
0.156629
0.156702
0.156702
0.156629
0.156482
0.156261
0.155968
0.155615
0.155192
0.154699
0.154135
0.153507
0.152811
0.152046
0.151194
0.150269
0.149230
0.148100
0.146797
0.145340
0.141005
0.142820
0.144391
0.145751
0.146923
0.147989
0.148894
0.149723
0.150450
0.151091
0.151660
0.152155
0.152572
0.152920
0.153198
0.153407
0.153546
0.153616
0.153616
0.153546
0.153407
0.153198
0.152920
0.152572
0.152155
0.151660
0.151091
0.150450
0.149723
0.148894
0.147989
0.146923
0.145751
0.144391
0.142820
0.141005
0.135344
0.137686
0.139690
0.141401
0.142874
0.144167
0.145256
0.146230
0.147050
0.147788
0.148409
0.148936
0.149389
0.149766
0.150063
0.150277
0.150419
0.150490
0.150490
0.150419
0.150277
0.150063
0.149766
0.149389
0.148936
0.148409
0.147788
0.147050
0.146230
0.145256
0.144167
0.142874
0.141401
0.139690
0.137686
0.135344
0.128056
0.130945
0.133493
0.135712
0.137623
0.139262
0.140676
0.141910
0.142929
0.143838
0.144580
0.145215
0.145760
0.146193
0.146521
0.146768
0.146932
0.147014
0.147014
0.146932
0.146768
0.146521
0.146193
0.145760
0.145215
0.144580
0.143838
0.142929
0.141910
0.140676
0.139262
0.137623
0.135712
0.133493
0.130945
0.128056
0.119244
0.122601
0.125622
0.128319
0.130702
0.132797
0.134623
0.136210
0.137560
0.138711
0.139700
0.140513
0.141186
0.141747
0.142177
0.142480
0.142682
0.142783
0.142783
0.142682
0.142480
0.142177
0.141747
0.141186
0.140513
0.139700
0.138711
0.137560
0.136210
0.134623
0.132797
0.130702
0.128319
0.125622
0.122601
0.119244
0.109067
0.112851
0.116269
0.119349
0.122125
0.124603
0.126809
0.128756
0.130461
0.131943
0.133193
0.134265
0.135140
0.135869
0.136419
0.136824
0.137094
0.137229
0.137229
0.137094
0.136824
0.136419
0.135869
0.135140
0.134265
0.133193
0.131943
0.130461
0.128756
0.126809
0.124603
0.122125
0.119349
0.116269
0.112851
0.109067
0.000000
0.101601
0.105473
0.108956
0.112093
0.114899
0.117415
0.119658
0.121641
0.123380
0.124889
0.126186
0.127265
0.128158
0.128850
0.129368
0.129713
0.129886
0.129886
0.129713
0.129368
0.128850
0.128158
0.127265
0.126186
0.124889
0.123380
0.121641
0.119658
0.117415
0.114899
0.112093
0.108956
0.105473
0.101601
0.000000
0.185789
0.000000
0.000000
0.000000
0.100483
0.103683
0.106537
0.109075
0.111322
0.113295
0.115012
0.116488
0.117734
0.118753
0.119564
0.120167
0.120562
0.120760
0.120760
0.120562
0.120167
0.119564
0.118753
0.117734
0.116488
0.115012
0.113295
0.111322
0.109075
0.106537
0.103683
0.100483
0.000000
0.000000
0.000000
0.185789
0.183877
0.184540
0.185137
0.185696
0.000000
0.000000
0.000000
0.000000
0.099353
0.101609
0.103567
0.105245
0.106660
0.107825
0.108740
0.109423
0.109879
0.110105
0.110105
0.109879
0.109423
0.108740
0.107825
0.106660
0.105245
0.103567
0.101609
0.099353
0.000000
0.000000
0.000000
0.000000
0.185696
0.185137
0.184540
0.183877
0.181243
0.182188
0.182971
0.183705
0.184297
0.184782
0.185230
0.185640
0.000000
0.000000
0.000000
0.000000
0.000000
0.000000
0.000000
0.000000
0.000000
0.000000
0.000000
0.000000
0.000000
0.000000
0.000000
0.000000
0.000000
0.000000
0.000000
0.000000
0.185640
0.185230
0.184782
0.184297
0.183705
0.182971
0.182188
0.181243
0.177985
0.179093
0.180120
0.180983
0.181789
0.182457
0.183044
0.183583
0.184055
0.184391
0.184689
0.184951
0.185175
0.185361
0.185510
0.185622
0.185697
0.185734
0.185734
0.185697
0.185622
0.185510
0.185361
0.185175
0.184951
0.184689
0.184391
0.184055
0.183583
0.183044
0.182457
0.181789
0.180983
0.180120
0.179093
0.177985
0.173928
0.175279
0.176500
0.177585
0.178539
0.179386
0.180148
0.180782
0.181357
0.181876
0.182286
0.182629
0.182922
0.183167
0.183363
0.183510
0.183608
0.183657
0.183657
0.183608
0.183510
0.183363
0.183167
0.182922
0.182629
0.182286
0.181876
0.181357
0.180782
0.180148
0.179386
0.178539
0.177585
0.176500
0.175279
0.173928
0.169096
0.170655
0.172091
0.173371
0.174525
0.175555
0.176462
0.177259
0.177983
0.178571
0.179092
0.179549
0.179940
0.180235
0.180465
0.180638
0.180753
0.180811
0.180811
0.180753
0.180638
0.180465
0.180235
0.179940
0.179549
0.179092
0.178571
0.177983
0.177259
0.176462
0.175555
0.174525
0.173371
0.172091
0.170655
0.169096
0.163945
0.165505
0.166994
0.168396
0.169698
0.170878
0.171959
0.172900
0.173754
0.174485
0.175119
0.175674
0.176136
0.176498
0.176788
0.177005
0.177150
0.177223
0.177223
0.177150
0.177005
0.176788
0.176498
0.176136
0.175674
0.175119
0.174485
0.173754
0.172900
0.171959
0.170878
0.169698
0.168396
0.166994
0.165505
0.163945
0.159180
0.160541
0.161874
0.163191
0.164445
0.165640
0.166757
0.167788
0.168719
0.169556
0.170291
0.170922
0.171463
0.171913
0.172259
0.172515
0.172686
0.172771
0.172771
0.172686
0.172515
0.172259
0.171913
0.171463
0.170922
0.170291
0.169556
0.168719
0.167788
0.166757
0.165640
0.164445
0.163191
0.161874
0.160541
0.159180
0.154936
0.156135
0.157309
0.158435
0.159528
0.160579
0.161579
0.162526
0.163409
0.164212
0.164948
0.165592
0.166147
0.166615
0.166990
0.167271
0.167458
0.167552
0.167552
0.167458
0.167271
0.166990
0.166615
0.166147
0.165592
0.164948
0.164212
0.163409
0.162526
0.161579
0.160579
0.159528
0.158435
0.157309
0.156135
0.154936
0.150839
0.152044
0.153152
0.154194
0.155178
0.156095
0.156976
0.157783
0.158549
0.159252
0.159876
0.160451
0.160952
0.161368
0.161702
0.161952
0.162126
0.162214
0.162214
0.162126
0.161952
0.161702
0.161368
0.160952
0.160451
0.159876
0.159252
0.158549
0.157783
0.156976
0.156095
0.155178
0.154194
0.153152
0.152044
0.150839
0.146277
0.147666
0.148894
0.150020
0.151012
0.151934
0.152767
0.153530
0.154226
0.154859
0.155421
0.155913
0.156349
0.156716
0.157010
0.157230
0.157377
0.157450
0.157450
0.157377
0.157230
0.157010
0.156716
0.156349
0.155913
0.155421
0.154859
0.154226
0.153530
0.152767
0.151934
0.151012
0.150020
0.148894
0.147666
0.146277
0.140305
0.142183
0.143793
0.145170
0.146394
0.147456
0.148402
0.149228
0.149979
0.150619
0.151186
0.151683
0.152106
0.152452
0.152730
0.152938
0.153076
0.153146
0.153146
0.153076
0.152938
0.152730
0.152452
0.152106
0.151683
0.151186
0.150619
0.149979
0.149228
0.148402
0.147456
0.146394
0.145170
0.143793
0.142183
0.140305
0.131822
0.134439
0.136706
0.138663
0.140352
0.141804
0.143031
0.144124
0.145028
0.145842
0.146511
0.147084
0.147574
0.147983
0.148285
0.148510
0.148661
0.148736
0.148736
0.148661
0.148510
0.148285
0.147983
0.147574
0.147084
0.146511
0.145842
0.145028
0.144124
0.143031
0.141804
0.140352
0.138663
0.136706
0.134439
0.131822
0.120533
0.123825
0.126771
0.129400
0.131725
0.133757
0.135516
0.137032
0.138345
0.139455
0.140400
0.141182
0.141853
0.142371
0.142773
0.143075
0.143277
0.143377
0.143377
0.143277
0.143075
0.142773
0.142371
0.141853
0.141182
0.140400
0.139455
0.138345
0.137032
0.135516
0.133757
0.131725
0.129400
0.126771
0.123825
0.120533
0.106891
0.110754
0.114243
0.117385
0.120219
0.122755
0.125019
0.127024
0.128784
0.130317
0.131630
0.132737
0.133668
0.134416
0.134997
0.135433
0.135724
0.135869
0.135869
0.135724
0.135433
0.134997
0.134416
0.133668
0.132737
0.131630
0.130317
0.128784
0.127024
0.125019
0.122755
0.120219
0.117385
0.114243
0.110754
0.106891
0.000000
0.000000
0.099231
0.102947
0.106286
0.109274
0.111951
0.114328
0.116435
0.118289
0.119904
0.121284
0.122452
0.123409
0.124169
0.124726
0.125097
0.125283
0.125283
0.125097
0.124726
0.124169
0.123409
0.122452
0.121284
0.119904
0.118289
0.116435
0.114328
0.111951
0.109274
0.106286
0.102947
0.099231
0.000000
0.000000
0.184253
0.184884
0.185479
0.000000
0.000000
0.000000
0.000000
0.099076
0.101578
0.103772
0.105676
0.107308
0.108685
0.109820
0.110711
0.111376
0.111820
0.112041
0.112041
0.111820
0.111376
0.110711
0.109820
0.108685
0.107308
0.105676
0.103772
0.101578
0.099076
0.000000
0.000000
0.000000
0.000000
0.185479
0.184884
0.184253
0.180922
0.181897
0.182692
0.183423
0.184081
0.184564
0.185010
0.185418
0.185790
0.000000
0.000000
0.000000
0.000000
0.000000
0.000000
0.000000
0.000000
0.000000
0.000000
0.000000
0.000000
0.000000
0.000000
0.000000
0.000000
0.000000
0.000000
0.185790
0.185418
0.185010
0.184564
0.184081
0.183423
0.182692
0.181897
0.180922
0.176506
0.177732
0.178797
0.179770
0.180599
0.181345
0.182028
0.182564
0.183052
0.183490
0.183881
0.184169
0.184392
0.184578
0.184727
0.184838
0.184912
0.184950
0.184950
0.184912
0.184838
0.184727
0.184578
0.184392
0.184169
0.183881
0.183490
0.183052
0.182564
0.182028
0.181345
0.180599
0.179770
0.178797
0.177732
0.176506
0.170858
0.172362
0.173721
0.174925
0.176027
0.176964
0.177829
0.178560
0.179209
0.179793
0.180276
0.180678
0.181022
0.181309
0.181538
0.181710
0.181825
0.181882
0.181882
0.181825
0.181710
0.181538
0.181309
0.181022
0.180678
0.180276
0.179793
0.179209
0.178560
0.177829
0.176964
0.176027
0.174925
0.173721
0.172362
0.170858
0.164439
0.165996
0.167487
0.168879
0.170170
0.171337
0.172391
0.173326
0.174163
0.174874
0.175505
0.176053
0.176486
0.176846
0.177135
0.177351
0.177495
0.177567
0.177567
0.177495
0.177351
0.177135
0.176846
0.176486
0.176053
0.175505
0.174874
0.174163
0.173326
0.172391
0.171337
0.170170
0.168879
0.167487
0.165996
0.164439
0.158522
0.159843
0.161159
0.162428
0.163659
0.164835
0.165935
0.166959
0.167892
0.168726
0.169467
0.170112
0.170650
0.171099
0.171458
0.171727
0.171907
0.171996
0.171996
0.171907
0.171727
0.171458
0.171099
0.170650
0.170112
0.169467
0.168726
0.167892
0.166959
0.165935
0.164835
0.163659
0.162428
0.161159
0.159843
0.158522
0.153380
0.154561
0.155680
0.156761
0.157784
0.158780
0.159712
0.160605
0.161435
0.162193
0.162897
0.163513
0.164042
0.164500
0.164867
0.165141
0.165325
0.165416
0.165416
0.165325
0.165141
0.164867
0.164500
0.164042
0.163513
0.162897
0.162193
0.161435
0.160605
0.159712
0.158780
0.157784
0.156761
0.155680
0.154561
0.153380
0.148179
0.149450
0.150610
0.151669
0.152642
0.153539
0.154372
0.155142
0.155841
0.156492
0.157076
0.157588
0.158028
0.158417
0.158727
0.158961
0.159116
0.159194
0.159194
0.159116
0.158961
0.158727
0.158417
0.158028
0.157588
0.157076
0.156492
0.155841
0.155142
0.154372
0.153539
0.152642
0.151669
0.150610
0.149450
0.148179
0.141495
0.143248
0.144764
0.146103
0.147242
0.148276
0.149173
0.149996
0.150702
0.151337
0.151902
0.152387
0.152802
0.153147
0.153423
0.153630
0.153768
0.153837
0.153837
0.153768
0.153630
0.153423
0.153147
0.152802
0.152387
0.151902
0.151337
0.150702
0.149996
0.149173
0.148276
0.147242
0.146103
0.144764
0.143248
0.141495
0.131469
0.134115
0.136397
0.138371
0.140080
0.141526
0.142776
0.143877
0.144790
0.145600
0.146290
0.146859
0.147348
0.147755
0.148074
0.148298
0.148448
0.148523
0.148523
0.148448
0.148298
0.148074
0.147755
0.147348
0.146859
0.146290
0.145600
0.144790
0.143877
0.142776
0.141526
0.140080
0.138371
0.136397
0.134115
0.131469
0.117519
0.120921
0.123997
0.126741
0.129188
0.131349
0.133238
0.134878
0.136300
0.137505
0.138528
0.139387
0.140112
0.140668
0.141113
0.141447
0.141670
0.141781
0.141781
0.141670
0.141447
0.141113
0.140668
0.140112
0.139387
0.138528
0.137505
0.136300
0.134878
0.133238
0.131349
0.129188
0.126741
0.123997
0.120921
0.117519
0.100206
0.104342
0.108072
0.111426
0.114448
0.117159
0.119590
0.121754
0.123666
0.125338
0.126788
0.128035
0.129063
0.129920
0.130577
0.131068
0.131394
0.131558
0.131558
0.131394
0.131068
0.130577
0.129920
0.129063
0.128035
0.126788
0.125338
0.123666
0.121754
0.119590
0.117159
0.114448
0.111426
0.108072
0.104342
0.100206
0.185184
0.185813
0.000000
0.000000
0.000000
0.099513
0.102476
0.105109
0.107438
0.109483
0.111261
0.112788
0.114080
0.115134
0.115977
0.116595
0.117007
0.117213
0.117213
0.117007
0.116595
0.115977
0.115134
0.114080
0.112788
0.111261
0.109483
0.107438
0.105109
0.102476
0.099513
0.000000
0.000000
0.000000
0.185813
0.185184
0.181685
0.182557
0.183333
0.184046
0.184564
0.185045
0.185488
0.185895
0.000000
0.000000
0.000000
0.000000
0.000000
0.000000
0.000000
0.098565
0.099070
0.099323
0.099323
0.099070
0.098565
0.000000
0.000000
0.000000
0.000000
0.000000
0.000000
0.000000
0.185895
0.185488
0.185045
0.184564
0.184046
0.183333
0.182557
0.181685
0.176617
0.177836
0.178886
0.179854
0.180670
0.181412
0.182082
0.182616
0.183101
0.183538
0.183926
0.184202
0.184424
0.184609
0.184757
0.184868
0.184942
0.184979
0.184979
0.184942
0.184868
0.184757
0.184609
0.184424
0.184202
0.183926
0.183538
0.183101
0.182616
0.182082
0.181412
0.180670
0.179854
0.178886
0.177836
0.176617
0.169938
0.171457
0.172838
0.174099
0.175198
0.176200
0.177061
0.177851
0.178511
0.179093
0.179609
0.180054
0.180397
0.180682
0.180910
0.181082
0.181196
0.181253
0.181253
0.181196
0.181082
0.180910
0.180682
0.180397
0.180054
0.179609
0.179093
0.178511
0.177851
0.177061
0.176200
0.175198
0.174099
0.172838
0.171457
0.169938
0.162488
0.163975
0.165432
0.166813
0.168111
0.169309
0.170402
0.171384
0.172262
0.173024
0.173700
0.174271
0.174743
0.175135
0.175450
0.175685
0.175843
0.175921
0.175921
0.175843
0.175685
0.175450
0.175135
0.174743
0.174271
0.173700
0.173024
0.172262
0.171384
0.170402
0.169309
0.168111
0.166813
0.165432
0.163975
0.162488
0.156026
0.157261
0.158451
0.159611
0.160740
0.161814
0.162852
0.163815
0.164719
0.165539
0.166273
0.166923
0.167480
0.167944
0.168313
0.168589
0.168773
0.168866
0.168866
0.168773
0.168589
0.168313
0.167944
0.167480
0.166923
0.166273
0.165539
0.164719
0.163815
0.162852
0.161814
0.160740
0.159611
0.158451
0.157261
0.156026
0.150201
0.151394
0.152506
0.153536
0.154504
0.155409
0.156255
0.157054
0.157781
0.158463
0.159082
0.159623
0.160093
0.160506
0.160837
0.161084
0.161250
0.161332
0.161332
0.161250
0.161084
0.160837
0.160506
0.160093
0.159623
0.159082
0.158463
0.157781
0.157054
0.156255
0.155409
0.154504
0.153536
0.152506
0.151394
0.150201
0.143195
0.144798
0.146209
0.147423
0.148511
0.149478
0.150350
0.151123
0.151826
0.152448
0.152997
0.153478
0.153890
0.154236
0.154515
0.154724
0.154863
0.154932
0.154932
0.154863
0.154724
0.154515
0.154236
0.153890
0.153478
0.152997
0.152448
0.151826
0.151123
0.150350
0.149478
0.148511
0.147423
0.146209
0.144798
0.143195
0.132385
0.134933
0.137143
0.139045
0.140683
0.142110
0.143306
0.144361
0.145257
0.146057
0.146705
0.147272
0.147758
0.148149
0.148447
0.148670
0.148819
0.148893
0.148893
0.148819
0.148670
0.148447
0.148149
0.147758
0.147272
0.146705
0.146057
0.145257
0.144361
0.143306
0.142110
0.140683
0.139045
0.137143
0.134933
0.132385
0.116494
0.119926
0.123016
0.125801
0.128281
0.130473
0.132400
0.134085
0.135523
0.136758
0.137824
0.138693
0.139426
0.140033
0.140475
0.140807
0.141029
0.141140
0.141140
0.141029
0.140807
0.140475
0.140033
0.139426
0.138693
0.137824
0.136758
0.135523
0.134085
0.132400
0.130473
0.128281
0.125801
0.123016
0.119926
0.116494
0.000000
0.100505
0.104373
0.107856
0.110981
0.113793
0.116306
0.118545
0.120530
0.122276
0.123792
0.125084
0.126181
0.127068
0.127778
0.128298
0.128639
0.128810
0.128810
0.128639
0.128298
0.127778
0.127068
0.126181
0.125084
0.123792
0.122276
0.120530
0.118545
0.116306
0.113793
0.110981
0.107856
0.104373
0.100505
0.000000
0.184208
0.184833
0.185422
0.185973
0.000000
0.000000
0.000000
0.098525
0.101014
0.103199
0.105097
0.106725
0.108102
0.109225
0.110121
0.110780
0.111219
0.111439
0.111439
0.111219
0.110780
0.110121
0.109225
0.108102
0.106725
0.105097
0.103199
0.101014
0.098525
0.000000
0.000000
0.000000
0.185973
0.185422
0.184833
0.184208
0.179511
0.180532
0.181440
0.182248
0.182924
0.183551
0.184099
0.184504
0.184872
0.185203
0.185497
0.185755
0.185976
0.000000
0.000000
0.000000
0.000000
0.000000
0.000000
0.000000
0.000000
0.000000
0.000000
0.185976
0.185755
0.185497
0.185203
0.184872
0.184504
0.184099
0.183551
0.182924
0.182248
0.181440
0.180532
0.179511
0.172838
0.174248
0.175498
0.176612
0.177611
0.178485
0.179256
0.179962
0.180534
0.181045
0.181499
0.181897
0.182202
0.182443
0.182636
0.182781
0.182878
0.182926
0.182926
0.182878
0.182781
0.182636
0.182443
0.182202
0.181897
0.181499
0.181045
0.180534
0.179962
0.179256
0.178485
0.177611
0.176612
0.175498
0.174248
0.172838
0.164549
0.166092
0.167568
0.168946
0.170222
0.171376
0.172418
0.173344
0.174172
0.174875
0.175500
0.176043
0.176471
0.176828
0.177114
0.177328
0.177471
0.177542
0.177542
0.177471
0.177328
0.177114
0.176828
0.176471
0.176043
0.175500
0.174875
0.174172
0.173344
0.172418
0.171376
0.170222
0.168946
0.167568
0.166092
0.164549
0.157017
0.158262
0.159492
0.160689
0.161839
0.162961
0.164005
0.165002
0.165909
0.166738
0.167476
0.168122
0.168672
0.169130
0.169497
0.169772
0.169955
0.170045
0.170045
0.169955
0.169772
0.169497
0.169130
0.168672
0.168122
0.167476
0.166738
0.165909
0.165002
0.164005
0.162961
0.161839
0.160689
0.159492
0.158262
0.157017
0.150479
0.151667
0.152767
0.153791
0.154757
0.155657
0.156509
0.157305
0.158030
0.158722
0.159337
0.159875
0.160360
0.160770
0.161099
0.161346
0.161510
0.161592
0.161592
0.161510
0.161346
0.161099
0.160770
0.160360
0.159875
0.159337
0.158722
0.158030
0.157305
0.156509
0.155657
0.154757
0.153791
0.152767
0.151667
0.150479
0.142627
0.144280
0.145705
0.146941
0.148063
0.149025
0.149913
0.150686
0.151385
0.152013
0.152560
0.153038
0.153448
0.153789
0.154063
0.154271
0.154409
0.154479
0.154479
0.154409
0.154271
0.154063
0.153789
0.153448
0.153038
0.152560
0.152013
0.151385
0.150686
0.149913
0.149025
0.148063
0.146941
0.145705
0.144280
0.142627
0.129908
0.132623
0.135000
0.137061
0.138839
0.140378
0.141699
0.142820
0.143811
0.144632
0.145344
0.145968
0.146454
0.146857
0.147179
0.147421
0.147582
0.147662
0.147662
0.147582
0.147421
0.147179
0.146857
0.146454
0.145968
0.145344
0.144632
0.143811
0.142820
0.141699
0.140378
0.138839
0.137061
0.135000
0.132623
0.129908
0.111182
0.114808
0.118091
0.121045
0.123709
0.126090
0.128200
0.130061
0.131678
0.133071
0.134275
0.135276
0.136125
0.136788
0.137318
0.137715
0.137981
0.138104
0.138104
0.137981
0.137715
0.137318
0.136788
0.136125
0.135276
0.134275
0.133071
0.131678
0.130061
0.128200
0.126090
0.123709
0.121045
0.118091
0.114808
0.111182
0.000000
0.000000
0.000000
0.099533
0.102943
0.106004
0.108730
0.111160
0.113313
0.115206
0.116854
0.118273
0.119465
0.120447
0.121222
0.121804
0.122186
0.122375
0.122375
0.122186
0.121804
0.121222
0.120447
0.119465
0.118273
0.116854
0.115206
0.113313
0.111160
0.108730
0.106004
0.102943
0.099533
0.000000
0.000000
0.000000
0.182135
0.182951
0.183719
0.184334
0.184847
0.185322
0.185761
0.000000
0.000000
0.000000
0.000000
0.000000
0.000000
0.098508
0.099507
0.100251
0.100740
0.100984
0.100984
0.100740
0.100251
0.099507
0.098508
0.000000
0.000000
0.000000
0.000000
0.000000
0.000000
0.185761
0.185322
0.184847
0.184334
0.183719
0.182951
0.182135
0.175814
0.177036
0.178155
0.179113
0.180006
0.180740
0.181417
0.182033
0.182513
0.182945
0.183329
0.183665
0.183953
0.184147
0.184293
0.184403
0.184476
0.184513
0.184513
0.184476
0.184403
0.184293
0.184147
0.183953
0.183665
0.183329
0.182945
0.182513
0.182033
0.181417
0.180740
0.180006
0.179113
0.178155
0.177036
0.175814
0.167147
0.168702
0.170155
0.171479
0.172678
0.173765
0.174714
0.175569
0.176316
0.176954
0.177522
0.178017
0.178401
0.178720
0.178976
0.179167
0.179295
0.179359
0.179359
0.179295
0.179167
0.178976
0.178720
0.178401
0.178017
0.177522
0.176954
0.176316
0.175569
0.174714
0.173765
0.172678
0.171479
0.170155
0.168702
0.167147
0.158479
0.159778
0.161070
0.162313
0.163524
0.164676
0.165758
0.166763
0.167681
0.168503
0.169233
0.169871
0.170405
0.170846
0.171200
0.171465
0.171641
0.171730
0.171730
0.171641
0.171465
0.171200
0.170846
0.170405
0.169871
0.169233
0.168503
0.167681
0.166763
0.165758
0.164676
0.163524
0.162313
0.161070
0.159778
0.158479
0.151263
0.152434
0.153520
0.154546
0.155510
0.156423
0.157285
0.158081
0.158846
0.159534
0.160156
0.160728
0.161218
0.161626
0.161953
0.162210
0.162383
0.162469
0.162469
0.162383
0.162210
0.161953
0.161626
0.161218
0.160728
0.160156
0.159534
0.158846
0.158081
0.157285
0.156423
0.155510
0.154546
0.153520
0.152434
0.151263
0.142888
0.144506
0.145923
0.147131
0.148231
0.149188
0.150067
0.150831
0.151526
0.152148
0.152691
0.153166
0.153574
0.153913
0.154188
0.154394
0.154532
0.154601
0.154601
0.154532
0.154394
0.154188
0.153913
0.153574
0.153166
0.152691
0.152148
0.151526
0.150831
0.150067
0.149188
0.148231
0.147131
0.145923
0.144506
0.142888
0.128898
0.131680
0.134120
0.136235
0.138073
0.139642
0.140989
0.142174
0.143159
0.144042
0.144750
0.145370
0.145902
0.146312
0.146632
0.146872
0.147032
0.147112
0.147112
0.147032
0.146872
0.146632
0.146312
0.145902
0.145370
0.144750
0.144042
0.143159
0.142174
0.140989
0.139642
0.138073
0.136235
0.134120
0.131680
0.128898
0.107959
0.111696
0.115072
0.118127
0.120871
0.123337
0.125538
0.127484
0.129190
0.130674
0.131960
0.133026
0.133938
0.134653
0.135222
0.135649
0.135934
0.136070
0.136070
0.135934
0.135649
0.135222
0.134653
0.133938
0.133026
0.131960
0.130674
0.129190
0.127484
0.125538
0.123337
0.120871
0.118127
0.115072
0.111696
0.107959
0.185359
0.185977
0.000000
0.000000
0.000000
0.100386
0.103272
0.105845
0.108118
0.110114
0.111852
0.113340
0.114599
0.115636
0.116455
0.117062
0.117467
0.117670
0.117670
0.117467
0.117062
0.116455
0.115636
0.114599
0.113340
0.111852
0.110114
0.108118
0.105845
0.103272
0.100386
0.000000
0.000000
0.000000
0.185977
0.185359
0.180370
0.181324
0.182189
0.182904
0.183572
0.184147
0.184583
0.184983
0.185347
0.185675
0.185966
0.000000
0.000000
0.000000
0.000000
0.000000
0.000000
0.000000
0.000000
0.000000
0.000000
0.000000
0.000000
0.000000
0.000000
0.185966
0.185675
0.185347
0.184983
0.184583
0.184147
0.183572
0.182904
0.182189
0.181324
0.180370
0.172586
0.173999
0.175235
0.176359
0.177347
0.178238
0.179000
0.179699
0.180295
0.180800
0.181249
0.181642
0.181979
0.182221
0.182412
0.182555
0.182650
0.182698
0.182698
0.182650
0.182555
0.182412
0.182221
0.181979
0.181642
0.181249
0.180800
0.180295
0.179699
0.179000
0.178238
0.177347
0.176359
0.175235
0.173999
0.172586
0.162776
0.164249
0.165682
0.167045
0.168320
0.169498
0.170567
0.171533
0.172389
0.173138
0.173803
0.174358
0.174822
0.175208
0.175517
0.175749
0.175903
0.175980
0.175980
0.175903
0.175749
0.175517
0.175208
0.174822
0.174358
0.173803
0.173138
0.172389
0.171533
0.170567
0.169498
0.168320
0.167045
0.165682
0.164249
0.162776
0.154396
0.155560
0.156683
0.157755
0.158804
0.159792
0.160753
0.161646
0.162485
0.163260
0.163948
0.164573
0.165111
0.165559
0.165918
0.166190
0.166373
0.166464
0.166464
0.166373
0.166190
0.165918
0.165559
0.165111
0.164573
0.163948
0.163260
0.162485
0.161646
0.160753
0.159792
0.158804
0.157755
0.156683
0.155560
0.154396
0.146354
0.147707
0.148901
0.149998
0.150965
0.151863
0.152676
0.153418
0.154095
0.154711
0.155258
0.155737
0.156155
0.156512
0.156798
0.157013
0.157156
0.157227
0.157227
0.157156
0.157013
0.156798
0.156512
0.156155
0.155737
0.155258
0.154711
0.154095
0.153418
0.152676
0.151863
0.150965
0.149998
0.148901
0.147707
0.146354
0.133790
0.136192
0.138263
0.140057
0.141580
0.142896
0.144064
0.145033
0.145913
0.146638
0.147275
0.147832
0.148285
0.148651
0.148943
0.149163
0.149309
0.149382
0.149382
0.149309
0.149163
0.148943
0.148651
0.148285
0.147832
0.147275
0.146638
0.145913
0.145033
0.144064
0.142896
0.141580
0.140057
0.138263
0.136192
0.133790
0.113029
0.116541
0.119719
0.122582
0.125153
0.127450
0.129482
0.131264
0.132815
0.134163
0.135295
0.136264
0.137050
0.137705
0.138210
0.138570
0.138810
0.138930
0.138930
0.138810
0.138570
0.138210
0.137705
0.137050
0.136264
0.135295
0.134163
0.132815
0.131264
0.129482
0.127450
0.125153
0.122582
0.119719
0.116541
0.113029
0.185931
0.000000
0.000000
0.000000
0.100962
0.104054
0.106808
0.109264
0.111439
0.113350
0.115014
0.116446
0.117654
0.118645
0.119430
0.120019
0.120402
0.120594
0.120594
0.120402
0.120019
0.119430
0.118645
0.117654
0.116446
0.115014
0.113350
0.111439
0.109264
0.106808
0.104054
0.100962
0.000000
0.000000
0.000000
0.185931
0.180832
0.181780
0.182572
0.183283
0.183948
0.184430
0.184864
0.185262
0.185624
0.185949
0.000000
0.000000
0.000000
0.000000
0.000000
0.000000
0.000000
0.000000
0.000000
0.000000
0.000000
0.000000
0.000000
0.000000
0.000000
0.000000
0.185949
0.185624
0.185262
0.184864
0.184430
0.183948
0.183283
0.182572
0.181780
0.180832
0.172646
0.174048
0.175276
0.176391
0.177373
0.178256
0.179014
0.179708
0.180300
0.180802
0.181249
0.181639
0.181974
0.182215
0.182405
0.182547
0.182642
0.182690
0.182690
0.182642
0.182547
0.182405
0.182215
0.181974
0.181639
0.181249
0.180802
0.180300
0.179708
0.179014
0.178256
0.177373
0.176391
0.175276
0.174048
0.172646
0.162194
0.163648
0.165058
0.166402
0.167672
0.168845
0.169926
0.170888
0.171761
0.172518
0.173179
0.173758
0.174236
0.174620
0.174927
0.175157
0.175311
0.175388
0.175388
0.175311
0.175157
0.174927
0.174620
0.174236
0.173758
0.173179
0.172518
0.171761
0.170888
0.169926
0.168845
0.167672
0.166402
0.165058
0.163648
0.162194
0.153429
0.154577
0.155665
0.156716
0.157711
0.158675
0.159582
0.160441
0.161248
0.161975
0.162658
0.163256
0.163770
0.164206
0.164562
0.164829
0.165008
0.165097
0.165097
0.165008
0.164829
0.164562
0.164206
0.163770
0.163256
0.162658
0.161975
0.161248
0.160441
0.159582
0.158675
0.157711
0.156716
0.155665
0.154577
0.153429
0.144477
0.145965
0.147234
0.148387
0.149405
0.150330
0.151154
0.151909
0.152583
0.153187
0.153724
0.154196
0.154604
0.154944
0.155217
0.155421
0.155557
0.155625
0.155625
0.155557
0.155421
0.155217
0.154944
0.154604
0.154196
0.153724
0.153187
0.152583
0.151909
0.151154
0.150330
0.149405
0.148387
0.147234
0.145965
0.144477
0.129187
0.131924
0.134310
0.136387
0.138192
0.139743
0.141065
0.142229
0.143203
0.144072
0.144772
0.145385
0.145910
0.146314
0.146631
0.146868
0.147027
0.147106
0.147106
0.147027
0.146868
0.146631
0.146314
0.145910
0.145385
0.144772
0.144072
0.143203
0.142229
0.141065
0.139743
0.138192
0.136387
0.134310
0.131924
0.129187
0.104930
0.108753
0.112208
0.115322
0.118135
0.120657
0.122915
0.124923
0.126694
0.128245
0.129577
0.130709
0.131662
0.132431
0.133032
0.133482
0.133783
0.133933
0.133933
0.133783
0.133482
0.133032
0.132431
0.131662
0.130709
0.129577
0.128245
0.126694
0.124923
0.122915
0.120657
0.118135
0.115322
0.112208
0.108753
0.104930
0.184334
0.184945
0.185520
0.000000
0.000000
0.000000
0.000000
0.098825
0.101251
0.103381
0.105232
0.106821
0.108164
0.109262
0.110137
0.110781
0.111210
0.111424
0.111424
0.111210
0.110781
0.110137
0.109262
0.108164
0.106821
0.105232
0.103381
0.101251
0.098825
0.000000
0.000000
0.000000
0.000000
0.185520
0.184945
0.184334
0.177647
0.178749
0.179753
0.180613
0.181390
0.182094
0.182660
0.183179
0.183650
0.184057
0.184345
0.184596
0.184812
0.184992
0.185135
0.185243
0.185315
0.185351
0.185351
0.185315
0.185243
0.185135
0.184992
0.184812
0.184596
0.184345
0.184057
0.183650
0.183179
0.182660
0.182094
0.181390
0.180613
0.179753
0.178749
0.177647
0.167443
0.168969
0.170389
0.171690
0.172857
0.173925
0.174846
0.175686
0.176410
0.177038
0.177595
0.178075
0.178452
0.178766
0.179017
0.179205
0.179331
0.179393
0.179393
0.179331
0.179205
0.179017
0.178766
0.178452
0.178075
0.177595
0.177038
0.176410
0.175686
0.174846
0.173925
0.172857
0.171690
0.170389
0.168969
0.167443
0.157075
0.158293
0.159495
0.160664
0.161787
0.162880
0.163900
0.164870
0.165755
0.166562
0.167284
0.167915
0.168453
0.168901
0.169259
0.169527
0.169707
0.169796
0.169796
0.169707
0.169527
0.169259
0.168901
0.168453
0.167915
0.167284
0.166562
0.165755
0.164870
0.163900
0.162880
0.161787
0.160664
0.159495
0.158293
0.157075
0.148288
0.149516
0.150635
0.151658
0.152600
0.153467
0.154271
0.155015
0.155691
0.156313
0.156878
0.157372
0.157796
0.158159
0.158459
0.158685
0.158835
0.158910
0.158910
0.158835
0.158685
0.158459
0.158159
0.157796
0.157372
0.156878
0.156313
0.155691
0.155015
0.154271
0.153467
0.152600
0.151658
0.150635
0.149516
0.148288
0.135325
0.137575
0.139507
0.141165
0.142604
0.143862
0.144920
0.145877
0.146675
0.147383
0.148011
0.148517
0.148951
0.149313
0.149602
0.149819
0.149963
0.150033
0.150033
0.149963
0.149819
0.149602
0.149313
0.148951
0.148517
0.148011
0.147383
0.146675
0.145877
0.144920
0.143862
0.142604
0.141165
0.139507
0.137575
0.135325
0.112380
0.115878
0.119036
0.121898
0.124463
0.126756
0.128792
0.130584
0.132154
0.133497
0.134647
0.135625
0.136430
0.137077
0.137595
0.137983
0.138221
0.138340
0.138340
0.138221
0.137983
0.137595
0.137077
0.136430
0.135625
0.134647
0.133497
0.132154
0.130584
0.128792
0.126756
0.124463
0.121898
0.119036
0.115878
0.112380
0.185320
0.185927
0.000000
0.000000
0.000000
0.099795
0.102649
0.105189
0.107439
0.109415
0.111134
0.112613
0.113863
0.114885
0.115699
0.116303
0.116701
0.116900
0.116900
0.116701
0.116303
0.115699
0.114885
0.113863
0.112613
0.111134
0.109415
0.107439
0.105189
0.102649
0.099795
0.000000
0.000000
0.000000
0.185927
0.185320
0.179001
0.180054
0.180936
0.181763
0.182454
0.183064
0.183626
0.184108
0.184465
0.184787
0.185073
0.185323
0.185537
0.185716
0.185859
0.185966
0.000000
0.000000
0.000000
0.000000
0.185966
0.185859
0.185716
0.185537
0.185323
0.185073
0.184787
0.184465
0.184108
0.183626
0.183064
0.182454
0.181763
0.180936
0.180054
0.179001
0.168757
0.170261
0.171640
0.172884
0.174026
0.175012
0.175922
0.176691
0.177384
0.178007
0.178506
0.178943
0.179317
0.179629
0.179878
0.180058
0.180168
0.180223
0.180223
0.180168
0.180058
0.179878
0.179629
0.179317
0.178943
0.178506
0.178007
0.177384
0.176691
0.175922
0.175012
0.174026
0.172884
0.171640
0.170261
0.168757
0.157658
0.158905
0.160106
0.161302
0.162443
0.163541
0.164579
0.165547
0.166435
0.167241
0.167958
0.168581
0.169115
0.169560
0.169916
0.170178
0.170350
0.170436
0.170436
0.170350
0.170178
0.169916
0.169560
0.169115
0.168581
0.167958
0.167241
0.166435
0.165547
0.164579
0.163541
0.162443
0.161302
0.160106
0.158905
0.157658
0.148422
0.149643
0.150748
0.151765
0.152699
0.153561
0.154361
0.155100
0.155772
0.156394
0.156956
0.157447
0.157868
0.158233
0.158532
0.158756
0.158905
0.158980
0.158980
0.158905
0.158756
0.158532
0.158233
0.157868
0.157447
0.156956
0.156394
0.155772
0.155100
0.154361
0.153561
0.152699
0.151765
0.150748
0.149643
0.148422
0.134695
0.136978
0.138948
0.140649
0.142130
0.143381
0.144481
0.145432
0.146269
0.146972
0.147597
0.148133
0.148564
0.148923
0.149211
0.149426
0.149570
0.149642
0.149642
0.149570
0.149426
0.149211
0.148923
0.148564
0.148133
0.147597
0.146972
0.146269
0.145432
0.144481
0.143381
0.142130
0.140649
0.138948
0.136978
0.134695
0.110069
0.113633
0.116858
0.119779
0.122405
0.124759
0.126857
0.128712
0.130341
0.131753
0.132953
0.133992
0.134826
0.135520
0.136070
0.136456
0.136713
0.136842
0.136842
0.136713
0.136456
0.136070
0.135520
0.134826
0.133992
0.132953
0.131753
0.130341
0.128712
0.126857
0.124759
0.122405
0.119779
0.116858
0.113633
0.110069
0.184704
0.185307
0.185875
0.000000
0.000000
0.000000
0.098387
0.101031
0.103372
0.105427
0.107214
0.108750
0.110050
0.111110
0.111957
0.112580
0.112994
0.113201
0.113201
0.112994
0.112580
0.111957
0.111110
0.110050
0.108750
0.107214
0.105427
0.103372
0.101031
0.098387
0.000000
0.000000
0.000000
0.185875
0.185307
0.184704
0.177477
0.178583
0.179575
0.180446
0.181213
0.181925
0.182495
0.183007
0.183473
0.183893
0.184202
0.184451
0.184664
0.184841
0.184983
0.185090
0.185161
0.185197
0.185197
0.185161
0.185090
0.184983
0.184841
0.184664
0.184451
0.184202
0.183893
0.183473
0.183007
0.182495
0.181925
0.181213
0.180446
0.179575
0.178583
0.177477
0.166078
0.167592
0.169010
0.170326
0.171526
0.172606
0.173580
0.174439
0.175193
0.175871
0.176434
0.176916
0.177329
0.177673
0.177949
0.178140
0.178264
0.178326
0.178326
0.178264
0.178140
0.177949
0.177673
0.177329
0.176916
0.176434
0.175871
0.175193
0.174439
0.173580
0.172606
0.171526
0.170326
0.169010
0.167592
0.166078
