0.183563
0.118917
0.142986
0.154191
0.167108
0.178994
0.097069
0.127494
0.145541
0.155138
0.166916
0.177915
0.089026
0.117698
0.138940
0.149579
0.157745
0.168449
0.177608
0.183573
0.107962
0.128919
0.142633
0.150219
0.156598
0.164488
0.172759
0.178789
0.183108
0.099127
0.115493
0.129309
0.139288
0.145554
0.149943
0.153684
0.157485
0.161675
0.166132
0.170248
0.173615
0.176265
0.178349
0.180026
0.181326
0.182370
0.183152
0.183760
0.184149
0.184349
0.184415
0.184349
0.184149
0.183760
0.183152
0.182370
0.181326
0.180026
0.178349
0.176265
0.173615
0.170248
0.166132
0.161675
0.157485
0.153684
0.149943
0.145554
0.139288
0.129309
0.115493
0.099127
0.183108
0.178789
0.172759
0.164488
0.156598
0.150219
0.142633
0.128919
0.107962
0.183573
0.177608
0.168449
0.157745
0.149579
0.138940
0.117698
0.089026
0.177915
0.166916
0.155138
0.145541
0.127494
0.097069
0.178994
0.167108
0.154191
0.142986
0.118917
