0.155487
0.156416
0.157328
0.158200
0.159062
0.159865
0.160645
0.161370
0.162032
0.162651
0.163203
0.163687
0.164104
0.164456
0.164737
0.164948
0.165089
0.165160
0.165160
0.165089
0.164948
0.164737
0.164456
0.164104
0.163687
0.163203
0.162651
0.162032
0.161370
0.160645
0.159865
0.159062
0.158200
0.157328
0.156416
0.155487
0.155871
0.156843
0.157771
0.158690
0.159567
0.160408
0.161209
0.161947
0.162644
0.163274
0.163836
0.164333
0.164762
0.165120
0.165406
0.165622
0.165765
0.165837
0.165837
0.165765
0.165622
0.165406
0.165120
0.164762
0.164333
0.163836
0.163274
0.162644
0.161947
0.161209
0.160408
0.159567
0.158690
0.157771
0.156843
0.155871
0.156268
0.157266
0.158225
0.159176
0.160073
0.160954
0.161771
0.162541
0.163253
0.163895
0.164473
0.164982
0.165418
0.165783
0.166074
0.166291
0.166435
0.166507
0.166507
0.166435
0.166291
0.166074
0.165783
0.165418
0.164982
0.164473
0.163895
0.163253
0.162541
0.161771
0.160954
0.160073
0.159176
0.158225
0.157266
0.156268
0.156667
0.157682
0.158688
0.159658
0.160599
0.161496
0.162341
0.163135
0.163859
0.164520
0.165111
0.165629
0.166073
0.166440
0.166733
0.166954
0.167101
0.167175
0.167175
0.167101
0.166954
0.166733
0.166440
0.166073
0.165629
0.165111
0.164520
0.163859
0.163135
0.162341
0.161496
0.160599
0.159658
0.158688
0.157682
0.156667
0.157059
0.158100
0.159147
0.160142
0.161121
0.162036
0.162915
0.163725
0.164469
0.165144
0.165746
0.166271
0.166718
0.167092
0.167392
0.167617
0.167767
0.167842
0.167842
0.167767
0.167617
0.167392
0.167092
0.166718
0.166271
0.165746
0.165144
0.164469
0.163725
0.162915
0.162036
0.161121
0.160142
0.159147
0.158100
0.157059
0.157445
0.158533
0.159599
0.160640
0.161638
0.162590
0.163486
0.164315
0.165078
0.165766
0.166375
0.166906
0.167363
0.167744
0.168048
0.168268
0.168416
0.168489
0.168489
0.168416
0.168268
0.168048
0.167744
0.167363
0.166906
0.166375
0.165766
0.165078
0.164315
0.163486
0.162590
0.161638
0.160640
0.159599
0.158533
0.157445
0.157824
0.158959
0.160048
0.161132
0.162155
0.163140
0.164054
0.164906
0.165683
0.166380
0.166998
0.167540
0.168006
0.168380
0.168680
0.168905
0.169055
0.169130
0.169130
0.169055
0.168905
0.168680
0.168380
0.168006
0.167540
0.166998
0.166380
0.165683
0.164906
0.164054
0.163140
0.162155
0.161132
0.160048
0.158959
0.157824
0.158209
0.159378
0.160513
0.161618
0.162680
0.163684
0.164624
0.165493
0.166282
0.166989
0.167619
0.168166
0.168623
0.169005
0.169311
0.169541
0.169695
0.169771
0.169771
0.169695
0.169541
0.169311
0.169005
0.168623
0.168166
0.167619
0.166989
0.166282
0.165493
0.164624
0.163684
0.162680
0.161618
0.160513
0.159378
0.158209
0.158598
0.159789
0.160971
0.162101
0.163198
0.164226
0.165189
0.166074
0.166873
0.167594
0.168229
0.168772
0.169239
0.169629
0.169942
0.170166
0.170314
0.170387
0.170387
0.170314
0.170166
0.169942
0.169629
0.169239
0.168772
0.168229
0.167594
0.166873
0.166074
0.165189
0.164226
0.163198
0.162101
0.160971
0.159789
0.158598
0.158977
0.160203
0.161421
0.162591
0.163711
0.164766
0.165749
0.166645
0.167460
0.168190
0.168822
0.169377
0.169854
0.170237
0.170538
0.170764
0.170914
0.170990
0.170990
0.170914
0.170764
0.170538
0.170237
0.169854
0.169377
0.168822
0.168190
0.167460
0.166645
0.165749
0.164766
0.163711
0.162591
0.161421
0.160203
0.158977
0.159347
0.160620
0.161862
0.163073
0.164219
0.165300
0.166299
0.167211
0.168042
0.168766
0.169412
0.169980
0.170439
0.170822
0.171130
0.171360
0.171515
0.171592
0.171592
0.171515
0.171360
0.171130
0.170822
0.170439
0.169980
0.169412
0.168766
0.168042
0.167211
0.166299
0.165300
0.164219
0.163073
0.161862
0.160620
0.159347
0.159707
0.161027
0.162306
0.163547
0.164723
0.165827
0.166840
0.167772
0.168599
0.169339
0.170000
0.170545
0.171014
0.171406
0.171721
0.171957
0.172106
0.172179
0.172179
0.172106
0.171957
0.171721
0.171406
0.171014
0.170545
0.170000
0.169339
0.168599
0.167772
0.166840
0.165827
0.164723
0.163547
0.162306
0.161027
0.159707
0.160060
0.161424
0.162745
0.164013
0.165220
0.166343
0.167376
0.168316
0.169153
0.169910
0.170550
0.171108
0.171588
0.171990
0.172288
0.172511
0.172660
0.172735
0.172735
0.172660
0.172511
0.172288
0.171990
0.171588
0.171108
0.170550
0.169910
0.169153
0.168316
0.167376
0.166343
0.165220
0.164013
0.162745
0.161424
0.160060
0.160417
0.161809
0.163173
0.164475
0.165708
0.166849
0.167905
0.168845
0.169702
0.170448
0.171098
0.171669
0.172149
0.172528
0.172833
0.173061
0.173214
0.173291
0.173291
0.173214
0.173061
0.172833
0.172528
0.172149
0.171669
0.171098
0.170448
0.169702
0.168845
0.167905
0.166849
0.165708
0.164475
0.163173
0.161809
0.160417
0.160761
0.162190
0.163591
0.164926
0.166184
0.167347
0.168411
0.169369
0.170231
0.170977
0.171643
0.172211
0.172676
0.173065
0.173377
0.173611
0.173768
0.173846
0.173846
0.173768
0.173611
0.173377
0.173065
0.172676
0.172211
0.171643
0.170977
0.170231
0.169369
0.168411
0.167347
0.166184
0.164926
0.163591
0.162190
0.160761
0.161091
0.162565
0.163997
0.165367
0.166647
0.167837
0.168907
0.169888
0.170738
0.171502
0.172170
0.172724
0.173201
0.173600
0.173920
0.174147
0.174294
0.174367
0.174367
0.174294
0.174147
0.173920
0.173600
0.173201
0.172724
0.172170
0.171502
0.170738
0.169888
0.168907
0.167837
0.166647
0.165367
0.163997
0.162565
0.161091
0.161407
0.162926
0.164395
0.165797
0.167100
0.168306
0.169395
0.170376
0.171240
0.172022
0.172668
0.173236
0.173725
0.174123
0.174423
0.174648
0.174799
0.174874
0.174874
0.174799
0.174648
0.174423
0.174123
0.173725
0.173236
0.172668
0.172022
0.171240
0.170376
0.169395
0.168306
0.167100
0.165797
0.164395
0.162926
0.161407
0.161708
0.163272
0.164779
0.166211
0.167543
0.168759
0.169875
0.170851
0.171737
0.172499
0.173162
0.173745
0.174226
0.174610
0.174918
0.175150
0.175304
0.175382
0.175382
0.175304
0.175150
0.174918
0.174610
0.174226
0.173745
0.173162
0.172499
0.171737
0.170851
0.169875
0.168759
0.167543
0.166211
0.164779
0.163272
0.161708
0.161992
0.163603
0.165149
0.166609
0.167974
0.169203
0.170326
0.171319
0.172211
0.172972
0.173653
0.174230
0.174701
0.175096
0.175412
0.175650
0.175809
0.175889
0.175889
0.175809
0.175650
0.175412
0.175096
0.174701
0.174230
0.173653
0.172972
0.172211
0.171319
0.170326
0.169203
0.167974
0.166609
0.165149
0.163603
0.161992
0.162267
0.163916
0.165503
0.166994
0.168376
0.169636
0.170760
0.171780
0.172659
0.173441
0.174128
0.174690
0.175175
0.175580
0.175906
0.176137
0.176286
0.176360
0.176360
0.176286
0.176137
0.175906
0.175580
0.175175
0.174690
0.174128
0.173441
0.172659
0.171780
0.170760
0.169636
0.168376
0.166994
0.165503
0.163916
0.162267
0.162523
0.164214
0.165841
0.167363
0.168766
0.170054
0.171186
0.172215
0.173101
0.173904
0.174569
0.175148
0.175646
0.176058
0.176362
0.176591
0.176745
0.176821
0.176821
0.176745
0.176591
0.176362
0.176058
0.175646
0.175148
0.174569
0.173904
0.173101
0.172215
0.171186
0.170054
0.168766
0.167363
0.165841
0.164214
0.162523
0.162758
0.164493
0.166158
0.167716
0.169141
0.170439
0.171601
0.172625
0.173536
0.174331
0.175006
0.175602
0.176105
0.176495
0.176809
0.177045
0.177203
0.177282
0.177282
0.177203
0.177045
0.176809
0.176495
0.176105
0.175602
0.175006
0.174331
0.173536
0.172625
0.171601
0.170439
0.169141
0.167716
0.166158
0.164493
0.162758
0.162970
0.164751
0.166454
0.168050
0.169501
0.170811
0.172005
0.173026
0.173964
0.174743
0.175439
0.176048
0.176529
0.176932
0.177255
0.177499
0.177662
0.177743
0.177743
0.177662
0.177499
0.177255
0.176932
0.176529
0.176048
0.175439
0.174743
0.173964
0.173026
0.172005
0.170811
0.169501
0.168050
0.166454
0.164751
0.162970
0.163158
0.164986
0.166728
0.168355
0.169845
0.171170
0.172368
0.173419
0.174350
0.175150
0.175868
0.176455
0.176951
0.177366
0.177700
0.177952
0.178109
0.178186
0.178186
0.178109
0.177952
0.177700
0.177366
0.176951
0.176455
0.175868
0.175150
0.174350
0.173419
0.172368
0.171170
0.169845
0.168355
0.166728
0.164986
0.163158
0.163320
0.165196
0.166981
0.168640
0.170161
0.171514
0.172719
0.173801
0.174726
0.175551
0.176264
0.176858
0.177370
0.177799
0.178131
0.178368
0.178526
0.178605
0.178605
0.178526
0.178368
0.178131
0.177799
0.177370
0.176858
0.176264
0.175551
0.174726
0.173801
0.172719
0.171514
0.170161
0.168640
0.166981
0.165196
0.163320
0.163453
0.165380
0.167209
0.168904
0.170450
0.171843
0.173057
0.174157
0.175093
0.175944
0.176644
0.177257
0.177786
0.178209
0.178534
0.178779
0.178942
0.179024
0.179024
0.178942
0.178779
0.178534
0.178209
0.177786
0.177257
0.176644
0.175944
0.175093
0.174157
0.173057
0.171843
0.170450
0.168904
0.167209
0.165380
0.163453
0.163555
0.165535
0.167412
0.169145
0.170719
0.172142
0.173380
0.174484
0.175450
0.176300
0.177018
0.177651
0.178181
0.178599
0.178935
0.179189
0.179358
0.179443
0.179443
0.179358
0.179189
0.178935
0.178599
0.178181
0.177651
0.177018
0.176300
0.175450
0.174484
0.173380
0.172142
0.170719
0.169145
0.167412
0.165535
0.163555
0.163625
0.165658
0.167585
0.169361
0.170967
0.172411
0.173688
0.174800
0.175798
0.176642
0.177385
0.178038
0.178553
0.178987
0.179335
0.179598
0.179774
0.179862
0.179862
0.179774
0.179598
0.179335
0.178987
0.178553
0.178038
0.177385
0.176642
0.175798
0.174800
0.173688
0.172411
0.170967
0.169361
0.167585
0.165658
0.163625
0.163658
0.165748
0.167728
0.169550
0.171192
0.172661
0.173980
0.175101
0.176121
0.176976
0.177746
0.178387
0.178922
0.179372
0.179734
0.180006
0.180172
0.180255
0.180255
0.180172
0.180006
0.179734
0.179372
0.178922
0.178387
0.177746
0.176976
0.176121
0.175101
0.173980
0.172661
0.171192
0.169550
0.167728
0.165748
0.163658
0.163654
0.165801
0.167838
0.169709
0.171391
0.172890
0.174230
0.175388
0.176415
0.177301
0.178090
0.178731
0.179287
0.179755
0.180119
0.180377
0.180549
0.180636
0.180636
0.180549
0.180377
0.180119
0.179755
0.179287
0.178731
0.178090
0.177301
0.176415
0.175388
0.174230
0.172890
0.171391
0.169709
0.167838
0.165801
0.163654
0.163607
0.165815
0.167910
0.169836
0.171563
0.173096
0.174460
0.175659
0.176696
0.177615
0.178403
0.179070
0.179648
0.180122
0.180478
0.180746
0.180926
0.181016
0.181016
0.180926
0.180746
0.180478
0.180122
0.179648
0.179070
0.178403
0.177615
0.176696
0.175659
0.174460
0.173096
0.171563
0.169836
0.167910
0.165815
0.163607
0.163515
0.165784
0.167943
0.169926
0.171703
0.173275
0.174669
0.175911
0.176962
0.177917
0.178707
0.179401
0.180003
0.180463
0.180834
0.181115
0.181302
0.181397
0.181397
0.181302
0.181115
0.180834
0.180463
0.180003
0.179401
0.178707
0.177917
0.176962
0.175911
0.174669
0.173275
0.171703
0.169926
0.167943
0.165784
0.163515
0.163373
0.165707
0.167931
0.169978
0.171810
0.173427
0.174855
0.176130
0.177213
0.178187
0.179001
0.179725
0.180320
0.180801
0.181189
0.181482
0.181678
0.181777
0.181777
0.181678
0.181482
0.181189
0.180801
0.180320
0.179725
0.179001
0.178187
0.177213
0.176130
0.174855
0.173427
0.171810
0.169978
0.167931
0.165707
0.163373
0.163178
0.165578
0.167872
0.169986
0.171879
0.173547
0.175015
0.176319
0.177446
0.178435
0.179285
0.180036
0.180632
0.181135
0.181541
0.181848
0.182048
0.182139
0.182139
0.182048
0.181848
0.181541
0.181135
0.180632
0.180036
0.179285
0.178435
0.177446
0.176319
0.175015
0.173547
0.171879
0.169986
0.167872
0.165578
0.163178
0.162924
0.165392
0.167760
0.169947
0.171907
0.173632
0.175146
0.176486
0.177659
0.178669
0.179555
0.180313
0.180937
0.181464
0.181890
0.182188
0.182380
0.182476
0.182476
0.182380
0.182188
0.181890
0.181464
0.180937
0.180313
0.179555
0.178669
0.177659
0.176486
0.175146
0.173632
0.171907
0.169947
0.167760
0.165392
0.162924
0.162607
0.165145
0.167590
0.169856
0.171889
0.173678
0.175245
0.176627
0.177848
0.178884
0.179812
0.180580
0.181234
0.181787
0.182209
0.182510
0.182712
0.182813
0.182813
0.182712
0.182510
0.182209
0.181787
0.181234
0.180580
0.179812
0.178884
0.177848
0.176627
0.175245
0.173678
0.171889
0.169856
0.167590
0.165145
0.162607
0.162221
0.164830
0.167356
0.169706
0.171820
0.173681
0.175307
0.176738
0.178011
0.179080
0.180046
0.180834
0.181522
0.182093
0.182512
0.182829
0.183043
0.183150
0.183150
0.183043
0.182829
0.182512
0.182093
0.181522
0.180834
0.180046
0.179080
0.178011
0.176738
0.175307
0.173681
0.171820
0.169706
0.167356
0.164830
0.162221
0.161767
0.164441
0.167053
0.169493
0.171694
0.173634
0.175329
0.176815
0.178134
0.179252
0.180247
0.181075
0.181800
0.182368
0.182811
0.183147
0.183373
0.183487
0.183487
0.183373
0.183147
0.182811
0.182368
0.181800
0.181075
0.180247
0.179252
0.178134
0.176815
0.175329
0.173634
0.171694
0.169493
0.167053
0.164441
0.161767
0.161243
0.163972
0.166672
0.169209
0.171505
0.173534
0.175305
0.176855
0.178226
0.179399
0.180427
0.181300
0.182058
0.182635
0.183105
0.183462
0.183702
0.183823
0.183823
0.183702
0.183462
0.183105
0.182635
0.182058
0.181300
0.180427
0.179399
0.178226
0.176855
0.175305
0.173534
0.171505
0.169209
0.166672
0.163972
0.161243
0.160632
0.163420
0.166207
0.168846
0.171246
0.173371
0.175229
0.176852
0.178282
0.179514
0.180584
0.181506
0.182281
0.182893
0.183393
0.183774
0.184024
0.184128
0.184128
0.184024
0.183774
0.183393
0.182893
0.182281
0.181506
0.180584
0.179514
0.178282
0.176852
0.175229
0.173371
0.171246
0.168846
0.166207
0.163420
0.160632
0.159931
0.162772
0.165642
0.168395
0.170908
0.173140
0.175093
0.176799
0.178298
0.179594
0.180713
0.181689
0.182488
0.183140
0.183674
0.184066
0.184286
0.184396
0.184396
0.184286
0.184066
0.183674
0.183140
0.182488
0.181689
0.180713
0.179594
0.178298
0.176799
0.175093
0.173140
0.170908
0.168395
0.165642
0.162772
0.159931
0.159167
0.162019
0.164970
0.167842
0.170482
0.172831
0.174891
0.176689
0.178267
0.179632
0.180809
0.181846
0.182677
0.183374
0.183947
0.184308
0.184545
0.184665
0.184665
0.184545
0.184308
0.183947
0.183374
0.182677
0.181846
0.180809
0.179632
0.178267
0.176689
0.174891
0.172831
0.170482
0.167842
0.164970
0.162019
0.159167
0.158299
0.161182
0.164184
0.167162
0.169955
0.172434
0.174612
0.176514
0.178182
0.179621
0.180868
0.181970
0.182843
0.183592
0.184167
0.184546
0.184803
0.184933
0.184933
0.184803
0.184546
0.184167
0.183592
0.182843
0.181970
0.180868
0.179621
0.178182
0.176514
0.174612
0.172434
0.169955
0.167162
0.164184
0.161182
0.158299
0.157361
0.160225
0.163279
0.166357
0.169280
0.171933
0.174246
0.176264
0.178032
0.179553
0.180879
0.182049
0.182982
0.183789
0.184366
0.184779
0.185059
0.185202
0.185202
0.185059
0.184779
0.184366
0.183789
0.182982
0.182049
0.180879
0.179553
0.178032
0.176264
0.174246
0.171933
0.169280
0.166357
0.163279
0.160225
0.157361
0.156328
0.159184
0.162240
0.165408
0.168474
0.171276
0.173759
0.175920
0.177790
0.179415
0.180835
0.182083
0.183086
0.183961
0.184551
0.185003
0.185312
0.185469
0.185469
0.185312
0.185003
0.184551
0.183961
0.183086
0.182083
0.180835
0.179415
0.177790
0.175920
0.173759
0.171276
0.168474
0.165408
0.162240
0.159184
0.156328
0.155225
0.158021
0.161085
0.164301
0.167505
0.170482
0.173126
0.175439
0.177448
0.179196
0.180724
0.182064
0.183147
0.184080
0.184719
0.185218
0.185562
0.185737
0.185737
0.185562
0.185218
0.184719
0.184080
0.183147
0.182064
0.180724
0.179196
0.177448
0.175439
0.173126
0.170482
0.167505
0.164301
0.161085
0.158021
0.155225
0.154018
0.156796
0.159794
0.163038
0.166348
0.169507
0.172353
0.174832
0.176994
0.178880
0.180530
0.181977
0.183153
0.184156
0.184862
0.185419
0.185805
0.000000
0.000000
0.185805
0.185419
0.184862
0.184156
0.183153
0.181977
0.180530
0.178880
0.176994
0.174832
0.172353
0.169507
0.166348
0.163038
0.159794
0.156796
0.154018
0.152746
0.155463
0.158402
0.161612
0.164993
0.168321
0.171373
0.174080
0.176409
0.178447
0.180236
0.181790
0.183088
0.184186
0.184973
0.185601
0.000000
0.000000
0.000000
0.000000
0.185601
0.184973
0.184186
0.183088
0.181790
0.180236
0.178447
0.176409
0.174080
0.171373
0.168321
0.164993
0.161612
0.158402
0.155463
0.152746
0.151357
0.154036
0.156912
0.160035
0.163435
0.166891
0.170171
0.173082
0.175639
0.177864
0.179801
0.181487
0.182930
0.184155
0.185037
0.185754
0.000000
0.000000
0.000000
0.000000
0.185754
0.185037
0.184155
0.182930
0.181487
0.179801
0.177864
0.175639
0.173082
0.170171
0.166891
0.163435
0.160035
0.156912
0.154036
0.151357
0.149847
0.152532
0.155323
0.158349
0.161680
0.165208
0.168674
0.171860
0.174635
0.177057
0.179179
0.181038
0.182651
0.184037
0.185033
0.185864
0.000000
0.000000
0.000000
0.000000
0.185864
0.185033
0.184037
0.182651
0.181038
0.179179
0.177057
0.174635
0.171860
0.168674
0.165208
0.161680
0.158349
0.155323
0.152532
0.149847
0.148178
0.150903
0.153642
0.156561
0.159763
0.163269
0.166871
0.170300
0.173354
0.176041
0.178359
0.180407
0.182212
0.183751
0.184929
0.185904
0.000000
0.000000
0.000000
0.000000
0.185904
0.184929
0.183751
0.182212
0.180407
0.178359
0.176041
0.173354
0.170300
0.166871
0.163269
0.159763
0.156561
0.153642
0.150903
0.148178
0.146278
0.149121
0.151860
0.154683
0.157727
0.161111
0.164739
0.168369
0.171723
0.174665
0.177239
0.179509
0.181512
0.183248
0.184671
0.185821
0.000000
0.000000
0.000000
0.000000
0.185821
0.184671
0.183248
0.181512
0.179509
0.177239
0.174665
0.171723
0.168369
0.164739
0.161111
0.157727
0.154683
0.151860
0.149121
0.146278
0.144063
0.147125
0.149946
0.152713
0.155608
0.158795
0.162308
0.166028
0.169639
0.172896
0.175771
0.178277
0.180494
0.182465
0.184179
0.185520
0.000000
0.000000
0.000000
0.000000
0.185520
0.184179
0.182465
0.180494
0.178277
0.175771
0.172896
0.169639
0.166028
0.162308
0.158795
0.155608
0.152713
0.149946
0.147125
0.144063
0.141334
0.144810
0.147826
0.150619
0.153414
0.156385
0.159674
0.163297
0.167043
0.170609
0.173807
0.176585
0.179043
0.181242
0.183194
0.184837
0.000000
0.098034
0.098034
0.000000
0.184837
0.183194
0.181242
0.179043
0.176585
0.173807
0.170609
0.167043
0.163297
0.159674
0.156385
0.153414
0.150619
0.147826
0.144810
0.141334
0.137916
0.142028
0.145377
0.148334
0.151113
0.153920
0.156954
0.160298
0.163962
0.167705
0.171204
0.174324
0.177038
0.179450
0.181606
0.183505
0.185059
0.000000
0.000000
0.185059
0.183505
0.181606
0.179450
0.177038
0.174324
0.171204
0.167705
0.163962
0.160298
0.156954
0.153920
0.151113
0.148334
0.145377
0.142028
0.137916
0.133394
0.138440
0.142429
0.145726
0.148628
0.151387
0.154190
0.157221
0.160563
0.164193
0.167875
0.171289
0.174318
0.176932
0.179215
0.181181
0.182767
0.183783
0.183783
0.182767
0.181181
0.179215
0.176932
0.174318
0.171289
0.167875
0.164193
0.160563
0.157221
0.154190
0.151387
0.148628
0.145726
0.142429
0.138440
0.133394
0.127452
0.133715
0.138645
0.142561
0.145812
0.148670
0.151388
0.154140
0.157102
0.160337
0.163837
0.167369
0.170648
0.173520
0.175956
0.177927
0.179383
0.180216
0.180216
0.179383
0.177927
0.175956
0.173520
0.170648
0.167369
0.163837
0.160337
0.157102
0.154140
0.151388
0.148670
0.145812
0.142561
0.138645
0.133715
0.127452
0.119829
0.127381
0.133585
0.138486
0.142377
0.145585
0.148408
0.151057
0.153705
0.156499
0.159513
0.162728
0.165972
0.168975
0.171558
0.173601
0.175031
0.175801
0.175801
0.175031
0.173601
0.171558
0.168975
0.165972
0.162728
0.159513
0.156499
0.153705
0.151057
0.148408
0.145585
0.142377
0.138486
0.133585
0.127381
0.119829
0.110372
0.119178
0.126716
0.132932
0.137892
0.141799
0.144987
0.147773
0.150327
0.152817
0.155351
0.157983
0.160743
0.163467
0.165963
0.168020
0.169465
0.170221
0.170221
0.169465
0.168020
0.165963
0.163467
0.160743
0.157983
0.155351
0.152817
0.150327
0.147773
0.144987
0.141799
0.137892
0.132932
0.126716
0.119178
0.110372
0.098837
0.108952
0.117769
0.125340
0.131654
0.136701
0.140698
0.143955
0.146678
0.149122
0.151407
0.153616
0.155791
0.157916
0.159908
0.161622
0.162879
0.163544
0.163544
0.162879
0.161622
0.159908
0.157916
0.155791
0.153616
0.151407
0.149122
0.146678
0.143955
0.140698
0.136701
0.131654
0.125340
0.117769
0.108952
0.098837
0.185992
0.000000
0.106566
0.115427
0.123080
0.129542
0.134784
0.138946
0.142286
0.145012
0.147357
0.149433
0.151311
0.153018
0.154525
0.155772
0.156690
0.157173
0.157173
0.156690
0.155772
0.154525
0.153018
0.151311
0.149433
0.147357
0.145012
0.142286
0.138946
0.134784
0.129542
0.123080
0.115427
0.106566
0.000000
0.185992
0.184202
0.185576
0.000000
0.103011
0.111962
0.119721
0.126353
0.131861
0.136275
0.139784
0.142578
0.144870
0.146782
0.148386
0.149699
0.150727
0.151437
0.151801
0.151801
0.151437
0.150727
0.149699
0.148386
0.146782
0.144870
0.142578
0.139784
0.136275
0.131861
0.126353
0.119721
0.111962
0.103011
0.000000
0.185576
0.184202
0.181919
0.183610
0.185015
0.000000
0.098040
0.107083
0.114962
0.121759
0.127503
0.132232
0.136022
0.138979
0.141328
0.143166
0.144591
0.145643
0.146339
0.146681
0.146681
0.146339
0.145643
0.144591
0.143166
0.141328
0.138979
0.136022
0.132232
0.127503
0.121759
0.114962
0.107083
0.098040
0.000000
0.185015
0.183610
0.181919
0.179127
0.181060
0.182783
0.184297
0.185540
0.000000
0.100469
0.108461
0.115370
0.121277
0.126245
0.130303
0.133527
0.136038
0.137909
0.139225
0.140106
0.140513
0.140513
0.140106
0.139225
0.137909
0.136038
0.133527
0.130303
0.126245
0.121277
0.115370
0.108461
0.100469
0.000000
0.185540
0.184297
0.182783
0.181060
0.179127
0.175842
0.178039
0.179992
0.181731
0.183266
0.184582
0.185712
0.000000
0.099759
0.106735
0.112700
0.117728
0.121882
0.125205
0.127778
0.129632
0.130829
0.131423
0.131423
0.130829
0.129632
0.127778
0.125205
0.121882
0.117728
0.112700
0.106735
0.099759
0.000000
0.185712
0.184582
0.183266
0.181731
0.179992
0.178039
0.175842
0.171814
0.174359
0.176595
0.178577
0.180347
0.181936
0.183301
0.184480
0.185465
0.000000
0.000000
0.101193
0.106134
0.110147
0.113284
0.115602
0.117122
0.117884
0.117884
0.117122
0.115602
0.113284
0.110147
0.106134
0.101193
0.000000
0.000000
0.185465
0.184480
0.183301
0.181936
0.180347
0.178577
0.176595
0.174359
0.171814
0.166938
0.169858
0.172471
0.174776
0.176805
0.178597
0.180195
0.181597
0.182817
0.183915
0.184742
0.185476
0.000000
0.000000
0.000000
0.000000
0.098959
0.099859
0.099859
0.098959
0.000000
0.000000
0.000000
0.000000
0.185476
0.184742
0.183915
0.182817
0.181597
0.180195
0.178597
0.176805
0.174776
0.172471
0.169858
0.166938
0.161645
0.164560
0.167424
0.170095
0.172471
0.174565
0.176403
0.178024
0.179414
0.180645
0.181726
0.182622
0.183386
0.184031
0.184457
0.184783
0.185003
0.185114
0.185114
0.185003
0.184783
0.184457
0.184031
0.183386
0.182622
0.181726
0.180645
0.179414
0.178024
0.176403
0.174565
0.172471
0.170095
0.167424
0.164560
0.161645
0.156725
0.159227
0.161849
0.164532
0.167136
0.169555
0.171721
0.173614
0.175252
0.176675
0.177916
0.178939
0.179833
0.180539
0.181103
0.181533
0.181823
0.181969
0.181969
0.181823
0.181533
0.181103
0.180539
0.179833
0.178939
0.177916
0.176675
0.175252
0.173614
0.171721
0.169555
0.167136
0.164532
0.161849
0.159227
0.156725
0.152380
0.154497
0.156680
0.158956
0.161308
0.163680
0.165986
0.168133
0.170065
0.171749
0.173189
0.174423
0.175443
0.176283
0.176925
0.177413
0.177741
0.177907
0.177907
0.177741
0.177413
0.176925
0.176283
0.175443
0.174423
0.173189
0.171749
0.170065
0.168133
0.165986
0.163680
0.161308
0.158956
0.156680
0.154497
0.152380
0.148221
0.150223
0.152149
0.154056
0.155984
0.157952
0.159951
0.161944
0.163875
0.165681
0.167308
0.168730
0.169950
0.170926
0.171716
0.172292
0.172664
0.172852
0.172852
0.172664
0.172292
0.171716
0.170926
0.169950
0.168730
0.167308
0.165681
0.163875
0.161944
0.159951
0.157952
0.155984
0.154056
0.152149
0.150223
0.148221
0.143569
0.145815
0.147805
0.149631
0.151361
0.153033
0.154667
0.156270
0.157849
0.159395
0.160856
0.162199
0.163409
0.164439
0.165279
0.165917
0.166340
0.166552
0.166552
0.166340
0.165917
0.165279
0.164439
0.163409
0.162199
0.160856
0.159395
0.157849
0.156270
0.154667
0.153033
0.151361
0.149631
0.147805
0.145815
0.143569
0.137450
0.140398
0.142847
0.144949
0.146794
0.148456
0.149975
0.151387
0.152718
0.153956
0.155136
0.156203
0.157185
0.158017
0.158736
0.159280
0.159646
0.159830
0.159830
0.159646
0.159280
0.158736
0.158017
0.157185
0.156203
0.155136
0.153956
0.152718
0.151387
0.149975
0.148456
0.146794
0.144949
0.142847
0.140398
0.137450
0.128551
0.132709
0.136173
0.139004
0.141377
0.143378
0.145095
0.146602
0.147938
0.149111
0.150169
0.151102
0.151914
0.152615
0.153183
0.153614
0.153902
0.154050
0.154050
0.153902
0.153614
0.153183
0.152615
0.151914
0.151102
0.150169
0.149111
0.147938
0.146602
0.145095
0.143378
0.141377
0.139004
0.136173
0.132709
0.128551
0.116155
0.121585
0.126309
0.130344
0.133741
0.136554
0.138893
0.140848
0.142497
0.143901
0.145061
0.146077
0.146900
0.147593
0.148147
0.148551
0.148822
0.148958
0.148958
0.148822
0.148551
0.148147
0.147593
0.146900
0.146077
0.145061
0.143901
0.142497
0.140848
0.138893
0.136554
0.133741
0.130344
0.126309
0.121585
0.116155
0.100244
0.106869
0.112740
0.117921
0.122450
0.126380
0.129744
0.132571
0.134933
0.136895
0.138520
0.139865
0.140925
0.141806
0.142465
0.142947
0.143271
0.143433
0.143433
0.143271
0.142947
0.142465
0.141806
0.140925
0.139865
0.138520
0.136895
0.134933
0.132571
0.129744
0.126380
0.122450
0.117921
0.112740
0.106869
0.100244
0.185492
0.000000
0.000000
0.101720
0.107297
0.112225
0.116544
0.120316
0.123574
0.126360
0.128702
0.130650
0.132246
0.133504
0.134477
0.135179
0.135650
0.135886
0.135886
0.135650
0.135179
0.134477
0.133504
0.132246
0.130650
0.128702
0.126360
0.123574
0.120316
0.116544
0.112225
0.107297
0.101720
0.000000
0.000000
0.185492
0.182828
0.183930
0.184789
0.185597
0.000000
0.000000
0.099322
0.103966
0.108025
0.111540
0.114562
0.117122
0.119256
0.120987
0.122346
0.123341
0.124006
0.124325
0.124325
0.124006
0.123341
0.122346
0.120987
0.119256
0.117122
0.114562
0.111540
0.108025
0.103966
0.099322
0.000000
0.000000
0.185597
0.184789
0.183930
0.182828
0.179426
0.180688
0.181848
0.182847
0.183780
0.184528
0.185189
0.185804
0.000000
0.000000
0.000000
0.099264
0.101905
0.104059
0.105751
0.107001
0.107834
0.108244
0.108244
0.107834
0.107001
0.105751
0.104059
0.101905
0.099264
0.000000
0.000000
0.000000
0.185804
0.185189
0.184528
0.183780
0.182847
0.181848
0.180688
0.179426
0.175289
0.176779
0.178132
0.179317
0.180401
0.181364
0.182237
0.182982
0.183668
0.184235
0.184684
0.185082
0.185426
0.185715
0.185948
0.000000
0.000000
0.000000
0.000000
0.000000
0.000000
0.185948
0.185715
0.185426
0.185082
0.184684
0.184235
0.183668
0.182982
0.182237
0.181364
0.180401
0.179317
0.178132
0.176779
0.175289
0.170160
0.171971
0.173574
0.175004
0.176295
0.177427
0.178443
0.179339
0.180149
0.180831
0.181444
0.181986
0.182402
0.182751
0.183032
0.183243
0.183385
0.183456
0.183456
0.183385
0.183243
0.183032
0.182751
0.182402
0.181986
0.181444
0.180831
0.180149
0.179339
0.178443
0.177427
0.176295
0.175004
0.173574
0.171971
0.170160
0.164058
0.166042
0.167912
0.169626
0.171171
0.172559
0.173797
0.174865
0.175831
0.176646
0.177363
0.177997
0.178496
0.178914
0.179250
0.179503
0.179673
0.179758
0.179758
0.179673
0.179503
0.179250
0.178914
0.178496
0.177997
0.177363
0.176646
0.175831
0.174865
0.173797
0.172559
0.171171
0.169626
0.167912
0.166042
0.164058
0.158089
0.159833
0.161585
0.163307
0.164963
0.166522
0.167965
0.169253
0.170409
0.171419
0.172301
0.173040
0.173678
0.174194
0.174587
0.174883
0.175081
0.175180
0.175180
0.175081
0.174883
0.174587
0.174194
0.173678
0.173040
0.172301
0.171419
0.170409
0.169253
0.167965
0.166522
0.164963
0.163307
0.161585
0.159833
0.158089
0.153006
0.154442
0.155862
0.157296
0.158706
0.160083
0.161439
0.162722
0.163920
0.165020
0.166008
0.166866
0.167608
0.168220
0.168700
0.169061
0.169303
0.169424
0.169424
0.169303
0.169061
0.168700
0.168220
0.167608
0.166866
0.166008
0.165020
0.163920
0.162722
0.161439
0.160083
0.158706
0.157296
0.155862
0.154442
0.153006
0.148311
0.149671
0.150957
0.152181
0.153361
0.154496
0.155587
0.156639
0.157631
0.158568
0.159432
0.160204
0.160899
0.161481
0.161949
0.162312
0.162556
0.162678
0.162678
0.162556
0.162312
0.161949
0.161481
0.160899
0.160204
0.159432
0.158568
0.157631
0.156639
0.155587
0.154496
0.153361
0.152181
0.150957
0.149671
0.148311
0.143073
0.144663
0.146090
0.147349
0.148513
0.149579
0.150567
0.151477
0.152321
0.153098
0.153795
0.154430
0.154988
0.155455
0.155831
0.156121
0.156322
0.156423
0.156423
0.156322
0.156121
0.155831
0.155455
0.154988
0.154430
0.153795
0.153098
0.152321
0.151477
0.150567
0.149579
0.148513
0.147349
0.146090
0.144663
0.143073
0.135990
0.138205
0.140111
0.141742
0.143150
0.144405
0.145501
0.146477
0.147339
0.148115
0.148782
0.149370
0.149877
0.150299
0.150636
0.150890
0.151060
0.151144
0.151144
0.151060
0.150890
0.150636
0.150299
0.149877
0.149370
0.148782
0.148115
0.147339
0.146477
0.145501
0.144405
0.143150
0.141742
0.140111
0.138205
0.135990
0.125344
0.128565
0.131361
0.133781
0.135850
0.137610
0.139114
0.140420
0.141533
0.142487
0.143298
0.144012
0.144570
0.145037
0.145412
0.145694
0.145883
0.145977
0.145977
0.145883
0.145694
0.145412
0.145037
0.144570
0.144012
0.143298
0.142487
0.141533
0.140420
0.139114
0.137610
0.135850
0.133781
0.131361
0.128565
0.125344
0.110678
0.114840
0.118563
0.121881
0.124801
0.127373
0.129614
0.131544
0.133194
0.134604
0.135805
0.136783
0.137610
0.138272
0.138772
0.139148
0.139400
0.139526
0.139526
0.139400
0.139148
0.138772
0.138272
0.137610
0.136783
0.135805
0.134604
0.133194
0.131544
0.129614
0.127373
0.124801
0.121881
0.118563
0.114840
0.110678
0.000000
0.000000
0.101672
0.105826
0.109541
0.112855
0.115804
0.118403
0.120682
0.122666
0.124375
0.125826
0.127022
0.128014
0.128765
0.129330
0.129708
0.129897
0.129897
0.129708
0.129330
0.128765
0.128014
0.127022
0.125826
0.124375
0.122666
0.120682
0.118403
0.115804
0.112855
0.109541
0.105826
0.101672
0.000000
0.000000
0.184244
0.184879
0.185482
0.000000
0.000000
0.000000
0.000000
0.100961
0.103832
0.106341
0.108517
0.110381
0.111951
0.113226
0.114242
0.114987
0.115485
0.115734
0.115734
0.115485
0.114987
0.114242
0.113226
0.111951
0.110381
0.108517
0.106341
0.103832
0.100961
0.000000
0.000000
0.000000
0.000000
0.185482
0.184879
0.184244
0.180943
0.181819
0.182578
0.183276
0.183933
0.184439
0.184897
0.185320
0.185707
0.000000
0.000000
0.000000
0.000000
0.000000
0.000000
0.000000
0.000000
0.000000
0.000000
0.000000
0.000000
0.000000
0.000000
0.000000
0.000000
0.000000
0.000000
0.185707
0.185320
0.184897
0.184439
0.183933
0.183276
0.182578
0.181819
0.180943
0.176899
0.177937
0.178839
0.179688
0.180441
0.181120
0.181752
0.182296
0.182769
0.183197
0.183579
0.183916
0.184164
0.184358
0.184513
0.184630
0.184707
0.184746
0.184746
0.184707
0.184630
0.184513
0.184358
0.184164
0.183916
0.183579
0.183197
0.182769
0.182296
0.181752
0.181120
0.180441
0.179688
0.178839
0.177937
0.176899
0.171899
0.173131
0.174268
0.175272
0.176197
0.177000
0.177747
0.178397
0.178971
0.179490
0.179954
0.180328
0.180647
0.180913
0.181127
0.181288
0.181395
0.181448
0.181448
0.181395
0.181288
0.181127
0.180913
0.180647
0.180328
0.179954
0.179490
0.178971
0.178397
0.177747
0.177000
0.176197
0.175272
0.174268
0.173131
0.171899
0.165724
0.167167
0.168513
0.169753
0.170865
0.171890
0.172778
0.173590
0.174304
0.174917
0.175465
0.175947
0.176328
0.176643
0.176895
0.177085
0.177212
0.177275
0.177275
0.177212
0.177085
0.176895
0.176643
0.176328
0.175947
0.175465
0.174917
0.174304
0.173590
0.172778
0.171890
0.170865
0.169753
0.168513
0.167167
0.165724
0.159347
0.160674
0.161969
0.163236
0.164433
0.165562
0.166601
0.167554
0.168408
0.169165
0.169842
0.170409
0.170889
0.171291
0.171613
0.171855
0.172015
0.172089
0.172089
0.172015
0.171855
0.171613
0.171291
0.170889
0.170409
0.169842
0.169165
0.168408
0.167554
0.166601
0.165562
0.164433
0.163236
0.161969
0.160674
0.159347
0.153863
0.154962
0.156013
0.157073
0.158074
0.159069
0.159994
0.160895
0.161719
0.162482
0.163172
0.163779
0.164304
0.164745
0.165098
0.165364
0.165542
0.165630
0.165630
0.165542
0.165364
0.165098
0.164745
0.164304
0.163779
0.163172
0.162482
0.161719
0.160895
0.159994
0.159069
0.158074
0.157073
0.156013
0.154962
0.153863
0.148982
0.149998
0.150952
0.151852
0.152716
0.153526
0.154294
0.155024
0.155692
0.156316
0.156892
0.157398
0.157833
0.158210
0.158521
0.158755
0.158912
0.158990
0.158990
0.158912
0.158755
0.158521
0.158210
0.157833
0.157398
0.156892
0.156316
0.155692
0.155024
0.154294
0.153526
0.152716
0.151852
0.150952
0.149998
0.148982
0.143708
0.144865
0.145936
0.146876
0.147755
0.148550
0.149277
0.149947
0.150553
0.151101
0.151590
0.152019
0.152398
0.152714
0.152967
0.153157
0.153285
0.153348
0.153348
0.153285
0.153157
0.152967
0.152714
0.152398
0.152019
0.151590
0.151101
0.150553
0.149947
0.149277
0.148550
0.147755
0.146876
0.145936
0.144865
0.143708
0.136604
0.138264
0.139705
0.140955
0.142089
0.143048
0.143939
0.144689
0.145368
0.145982
0.146491
0.146936
0.147319
0.147639
0.147895
0.148084
0.148206
0.148268
0.148268
0.148206
0.148084
0.147895
0.147639
0.147319
0.146936
0.146491
0.145982
0.145368
0.144689
0.143939
0.143048
0.142089
0.140955
0.139705
0.138264
0.136604
0.125913
0.128342
0.130491
0.132385
0.134054
0.135486
0.136739
0.137850
0.138779
0.139604
0.140305
0.140884
0.141383
0.141799
0.142119
0.142344
0.142494
0.142569
0.142569
0.142494
0.142344
0.142119
0.141799
0.141383
0.140884
0.140305
0.139604
0.138779
0.137850
0.136739
0.135486
0.134054
0.132385
0.130491
0.128342
0.125913
0.110948
0.114138
0.117010
0.119605
0.121934
0.124010
0.125847
0.127462
0.128875
0.130116
0.131158
0.132067
0.132794
0.133402
0.133889
0.134233
0.134457
0.134569
0.134569
0.134457
0.134233
0.133889
0.133402
0.132794
0.132067
0.131158
0.130116
0.128875
0.127462
0.125847
0.124010
0.121934
0.119605
0.117010
0.114138
0.110948
0.000000
0.000000
0.099274
0.102537
0.105487
0.108145
0.110521
0.112641
0.114521
0.116176
0.117609
0.118837
0.119881
0.120725
0.121398
0.121904
0.122231
0.122393
0.122393
0.122231
0.121904
0.121398
0.120725
0.119881
0.118837
0.117609
0.116176
0.114521
0.112641
0.110521
0.108145
0.105487
0.102537
0.099274
0.000000
0.000000
0.184155
0.184643
0.185105
0.185541
0.185950
0.000000
0.000000
0.000000
0.000000
0.000000
0.099626
0.101179
0.102495
0.103577
0.104434
0.105069
0.105493
0.105705
0.105705
0.105493
0.105069
0.104434
0.103577
0.102495
0.101179
0.099626
0.000000
0.000000
0.000000
0.000000
0.000000
0.185950
0.185541
0.185105
0.184643
0.184155
0.180732
0.181409
0.182044
0.182580
0.183082
0.183551
0.183985
0.184308
0.184600
0.184863
0.185099
0.185305
0.185482
0.185630
0.185749
0.185838
0.185897
0.185927
0.185927
0.185897
0.185838
0.185749
0.185630
0.185482
0.185305
0.185099
0.184863
0.184600
0.184308
0.183985
0.183551
0.183082
0.182580
0.182044
0.181409
0.180732
0.176547
0.177352
0.178104
0.178758
0.179371
0.179943
0.180429
0.180873
0.181277
0.181642
0.181968
0.182225
0.182442
0.182624
0.182770
0.182879
0.182952
0.182989
0.182989
0.182952
0.182879
0.182770
0.182624
0.182442
0.182225
0.181968
0.181642
0.181277
0.180873
0.180429
0.179943
0.179371
0.178758
0.178104
0.177352
0.176547
0.171320
0.172327
0.173230
0.174074
0.174802
0.175482
0.176102
0.176629
0.177109
0.177544
0.177931
0.178246
0.178511
0.178733
0.178910
0.179044
0.179133
0.179177
0.179177
0.179133
0.179044
0.178910
0.178733
0.178511
0.178246
0.177931
0.177544
0.177109
0.176629
0.176102
0.175482
0.174802
0.174074
0.173230
0.172327
0.171320
0.164947
0.166089
0.167154
0.168152
0.169056
0.169900
0.170640
0.171316
0.171933
0.172452
0.172910
0.173312
0.173657
0.173945
0.174161
0.174319
0.174425
0.174477
0.174477
0.174425
0.174319
0.174161
0.173945
0.173657
0.173312
0.172910
0.172452
0.171933
0.171316
0.170640
0.169900
0.169056
0.168152
0.167154
0.166089
0.164947
