0.183603
0.183848
0.184063
0.184237
0.184401
0.184553
0.184694
0.184824
0.184943
0.185050
0.185145
0.185229
0.185301
0.185361
0.185409
0.185445
0.185469
0.185481
0.185481
0.185469
0.185445
0.185409
0.185361
0.185301
0.185229
0.185145
0.185050
0.184943
0.184824
0.184694
0.184553
0.184401
0.184237
0.184063
0.183848
0.183603
0.182827
0.183076
0.183311
0.183533
0.183741
0.183935
0.184092
0.184224
0.184345
0.184454
0.184551
0.184636
0.184710
0.184771
0.184820
0.184857
0.184881
0.184894
0.184894
0.184881
0.184857
0.184820
0.184771
0.184710
0.184636
0.184551
0.184454
0.184345
0.184224
0.184092
0.183935
0.183741
0.183533
0.183311
0.183076
0.182827
0.182050
0.182303
0.182542
0.182768
0.182980
0.183177
0.183361
0.183529
0.183683
0.183822
0.183946
0.184044
0.184119
0.184181
0.184231
0.184268
0.184293
0.184306
0.184306
0.184293
0.184268
0.184231
0.184181
0.184119
0.184044
0.183946
0.183822
0.183683
0.183529
0.183361
0.183177
0.182980
0.182768
0.182542
0.182303
0.182050
0.181177
0.181468
0.181743
0.182002
0.182218
0.182419
0.182606
0.182777
0.182934
0.183076
0.183202
0.183313
0.183408
0.183488
0.183552
0.183600
0.183632
0.183648
0.183648
0.183632
0.183600
0.183552
0.183488
0.183408
0.183313
0.183202
0.183076
0.182934
0.182777
0.182606
0.182419
0.182218
0.182002
0.181743
0.181468
0.181177
0.180296
0.180592
0.180872
0.181136
0.181384
0.181616
0.181830
0.182025
0.182185
0.182329
0.182458
0.182571
0.182668
0.182749
0.182814
0.182863
0.182896
0.182912
0.182912
0.182896
0.182863
0.182814
0.182749
0.182668
0.182571
0.182458
0.182329
0.182185
0.182025
0.181830
0.181616
0.181384
0.181136
0.180872
0.180592
0.180296
0.179354
0.179686
0.180000
0.180269
0.180522
0.180758
0.180977
0.181178
0.181362
0.181528
0.181677
0.181807
0.181919
0.182011
0.182077
0.182127
0.182160
0.182177
0.182177
0.182160
0.182127
0.182077
0.182011
0.181919
0.181807
0.181677
0.181528
0.181362
0.181178
0.180977
0.180758
0.180522
0.180269
0.180000
0.179686
0.179354
0.178379
0.178717
0.179037
0.179340
0.179623
0.179888
0.180122
0.180327
0.180515
0.180685
0.180836
0.180969
0.181083
0.181178
0.181255
0.181312
0.181351
0.181370
0.181370
0.181351
0.181312
0.181255
0.181178
0.181083
0.180969
0.180836
0.180685
0.180515
0.180327
0.180122
0.179888
0.179623
0.179340
0.179037
0.178717
0.178379
0.177342
0.177721
0.178073
0.178381
0.178671
0.178941
0.179191
0.179423
0.179634
0.179824
0.179994
0.180131
0.180247
0.180345
0.180423
0.180481
0.180520
0.180540
0.180540
0.180520
0.180481
0.180423
0.180345
0.180247
0.180131
0.179994
0.179824
0.179634
0.179423
0.179191
0.178941
0.178671
0.178381
0.178073
0.177721
0.177342
0.176265
0.176652
0.177018
0.177363
0.177688
0.177991
0.178248
0.178483
0.178699
0.178894
0.179067
0.179220
0.179351
0.179461
0.179549
0.179615
0.179659
0.179681
0.179681
0.179659
0.179615
0.179549
0.179461
0.179351
0.179220
0.179067
0.178894
0.178699
0.178483
0.178248
0.177991
0.177688
0.177363
0.177018
0.176652
0.176265
0.175104
0.175537
0.175948
0.176305
0.176636
0.176946
0.177233
0.177498
0.177740
0.177959
0.178140
0.178296
0.178430
0.178542
0.178632
0.178699
0.178744
0.178767
0.178767
0.178744
0.178699
0.178632
0.178542
0.178430
0.178296
0.178140
0.177959
0.177740
0.177498
0.177233
0.176946
0.176636
0.176305
0.175948
0.175537
0.175104
0.173904
0.174354
0.174773
0.175169
0.175541
0.175889
0.176192
0.176463
0.176710
0.176934
0.177133
0.177309
0.177459
0.177585
0.177686
0.177762
0.177813
0.177838
0.177838
0.177813
0.177762
0.177686
0.177585
0.177459
0.177309
0.177133
0.176934
0.176710
0.176463
0.176192
0.175889
0.175541
0.175169
0.174773
0.174354
0.173904
0.172594
0.173088
0.173557
0.173999
0.174379
0.174735
0.175065
0.175369
0.175647
0.175898
0.176112
0.176291
0.176445
0.176574
0.176678
0.176755
0.176807
0.176833
0.176833
0.176807
0.176755
0.176678
0.176574
0.176445
0.176291
0.176112
0.175898
0.175647
0.175369
0.175065
0.174735
0.174379
0.173999
0.173557
0.173088
0.172594
0.171221
0.171767
0.172263
0.172715
0.173141
0.173538
0.173908
0.174227
0.174511
0.174769
0.174998
0.175200
0.175374
0.175519
0.175636
0.175723
0.175782
0.175811
0.175811
0.175782
0.175723
0.175636
0.175519
0.175374
0.175200
0.174998
0.174769
0.174511
0.174227
0.173908
0.173538
0.173141
0.172715
0.172263
0.171767
0.171221
0.169779
0.170350
0.170880
0.171380
0.171851
0.172269
0.172647
0.172996
0.173314
0.173603
0.173861
0.174080
0.174258
0.174406
0.174526
0.174615
0.174675
0.174705
0.174705
0.174675
0.174615
0.174526
0.174406
0.174258
0.174080
0.173861
0.173603
0.173314
0.172996
0.172647
0.172269
0.171851
0.171380
0.170880
0.170350
0.169779
0.168254
0.168860
0.169436
0.169981
0.170463
0.170914
0.171332
0.171719
0.172067
0.172363
0.172627
0.172859
0.173058
0.173226
0.173360
0.173460
0.173528
0.173561
0.173561
0.173528
0.173460
0.173360
0.173226
0.173058
0.172859
0.172627
0.172363
0.172067
0.171719
0.171332
0.170914
0.170463
0.169981
0.169436
0.168860
0.168254
0.166670
0.167315
0.167928
0.168488
0.169012
0.169503
0.169959
0.170357
0.170720
0.171048
0.171341
0.171598
0.171820
0.172005
0.172143
0.172246
0.172315
0.172350
0.172350
0.172315
0.172246
0.172143
0.172005
0.171820
0.171598
0.171341
0.171048
0.170720
0.170357
0.169959
0.169503
0.169012
0.168488
0.167928
0.167315
0.166670
0.165055
0.165724
0.166355
0.166948
0.167507
0.168029
0.168496
0.168928
0.169323
0.169681
0.170001
0.170266
0.170493
0.170684
0.170837
0.170951
0.171028
0.171067
0.171067
0.171028
0.170951
0.170837
0.170684
0.170493
0.170266
0.170001
0.169681
0.169323
0.168928
0.168496
0.168029
0.167507
0.166948
0.166355
0.165724
0.165055
0.163430
0.164108
0.164758
0.165375
0.165955
0.166492
0.166990
0.167451
0.167873
0.168245
0.168574
0.168863
0.169112
0.169320
0.169487
0.169612
0.169696
0.169738
0.169738
0.169696
0.169612
0.169487
0.169320
0.169112
0.168863
0.168574
0.168245
0.167873
0.167451
0.166990
0.166492
0.165955
0.165375
0.164758
0.164108
0.163430
0.161816
0.162501
0.163160
0.163784
0.164376
0.164933
0.165452
0.165932
0.166366
0.166758
0.167109
0.167418
0.167685
0.167907
0.168083
0.168212
0.168298
0.168341
0.168341
0.168298
0.168212
0.168083
0.167907
0.167685
0.167418
0.167109
0.166758
0.166366
0.165932
0.165452
0.164933
0.164376
0.163784
0.163160
0.162501
0.161816
0.160246
0.160929
0.161579
0.162202
0.162805
0.163370
0.163896
0.164387
0.164839
0.165248
0.165614
0.165936
0.166211
0.166440
0.166624
0.166762
0.166855
0.166901
0.166901
0.166855
0.166762
0.166624
0.166440
0.166211
0.165936
0.165614
0.165248
0.164839
0.164387
0.163896
0.163370
0.162805
0.162202
0.161579
0.160929
0.160246
0.158739
0.159401
0.160032
0.160664
0.161260
0.161819
0.162353
0.162852
0.163311
0.163726
0.164100
0.164431
0.164717
0.164956
0.165148
0.165293
0.165390
0.165438
0.165438
0.165390
0.165293
0.165148
0.164956
0.164717
0.164431
0.164100
0.163726
0.163311
0.162852
0.162353
0.161819
0.161260
0.160664
0.160032
0.159401
0.158739
0.157287
0.157921
0.158561
0.159173
0.159752
0.160311
0.160847
0.161342
0.161796
0.162217
0.162600
0.162937
0.163228
0.163471
0.163667
0.163814
0.163913
0.163962
0.163962
0.163913
0.163814
0.163667
0.163471
0.163228
0.162937
0.162600
0.162217
0.161796
0.161342
0.160847
0.160311
0.159752
0.159173
0.158561
0.157921
0.157287
0.155883
0.156524
0.157143
0.157731
0.158306
0.158863
0.159384
0.159865
0.160325
0.160750
0.161130
0.161465
0.161755
0.161997
0.162199
0.162350
0.162452
0.162503
0.162503
0.162452
0.162350
0.162199
0.161997
0.161755
0.161465
0.161130
0.160750
0.160325
0.159865
0.159384
0.158863
0.158306
0.157731
0.157143
0.156524
0.155883
0.154552
0.155175
0.155769
0.156357
0.156927
0.157463
0.157964
0.158457
0.158912
0.159326
0.159697
0.160025
0.160323
0.160573
0.160774
0.160926
0.161027
0.161077
0.161077
0.161027
0.160926
0.160774
0.160573
0.160323
0.160025
0.159697
0.159326
0.158912
0.158457
0.157964
0.157463
0.156927
0.156357
0.155769
0.155175
0.154552
0.153252
0.153858
0.154461
0.155041
0.155590
0.156113
0.156628
0.157106
0.157545
0.157944
0.158322
0.158660
0.158951
0.159195
0.159392
0.159539
0.159638
0.159688
0.159688
0.159638
0.159539
0.159392
0.159195
0.158951
0.158660
0.158322
0.157944
0.157545
0.157106
0.156628
0.156113
0.155590
0.155041
0.154461
0.153858
0.153252
0.151971
0.152593
0.153188
0.153754
0.154305
0.154836
0.155332
0.155793
0.156232
0.156643
0.157013
0.157339
0.157621
0.157857
0.158050
0.158203
0.158305
0.158357
0.158357
0.158305
0.158203
0.158050
0.157857
0.157621
0.157339
0.157013
0.156643
0.156232
0.155793
0.155332
0.154836
0.154305
0.153754
0.153188
0.152593
0.151971
0.150710
0.151334
0.151930
0.152511
0.153062
0.153581
0.154071
0.154546
0.154984
0.155382
0.155739
0.156059
0.156350
0.156594
0.156791
0.156939
0.157039
0.157088
0.157088
0.157039
0.156939
0.156791
0.156594
0.156350
0.156059
0.155739
0.155382
0.154984
0.154546
0.154071
0.153581
0.153062
0.152511
0.151930
0.151334
0.150710
0.149433
0.150079
0.150692
0.151277
0.151831
0.152362
0.152863
0.153329
0.153758
0.154157
0.154527
0.154854
0.155136
0.155374
0.155565
0.155709
0.155805
0.155853
0.155853
0.155805
0.155709
0.155565
0.155374
0.155136
0.154854
0.154527
0.154157
0.153758
0.153329
0.152863
0.152362
0.151831
0.151277
0.150692
0.150079
0.149433
0.148136
0.148801
0.149439
0.150046
0.150617
0.151156
0.151661
0.152134
0.152578
0.152982
0.153346
0.153668
0.153946
0.154189
0.154388
0.154537
0.154637
0.154687
0.154687
0.154637
0.154537
0.154388
0.154189
0.153946
0.153668
0.153346
0.152982
0.152578
0.152134
0.151661
0.151156
0.150617
0.150046
0.149439
0.148801
0.148136
0.146770
0.147487
0.148166
0.148793
0.149388
0.149950
0.150472
0.150958
0.151406
0.151815
0.152188
0.152522
0.152811
0.153054
0.153250
0.153397
0.153496
0.153546
0.153546
0.153496
0.153397
0.153250
0.153054
0.152811
0.152522
0.152188
0.151815
0.151406
0.150958
0.150472
0.149950
0.149388
0.148793
0.148166
0.147487
0.146770
0.145333
0.146120
0.146828
0.147505
0.148141
0.148722
0.149267
0.149776
0.150243
0.150667
0.151049
0.151388
0.151681
0.151928
0.152130
0.152284
0.152387
0.152439
0.152439
0.152387
0.152284
0.152130
0.151928
0.151681
0.151388
0.151049
0.150667
0.150243
0.149776
0.149267
0.148722
0.148141
0.147505
0.146828
0.146120
0.145333
0.143799
0.144637
0.145425
0.146165
0.146830
0.147459
0.148048
0.148575
0.149062
0.149508
0.149909
0.150263
0.150568
0.150826
0.151033
0.151190
0.151295
0.151348
0.151348
0.151295
0.151190
0.151033
0.150826
0.150568
0.150263
0.149909
0.149508
0.149062
0.148575
0.148048
0.147459
0.146830
0.146165
0.145425
0.144637
0.143799
0.142107
0.143037
0.143933
0.144717
0.145458
0.146149
0.146762
0.147335
0.147865
0.148335
0.148753
0.149124
0.149446
0.149718
0.149937
0.150102
0.150212
0.150267
0.150267
0.150212
0.150102
0.149937
0.149718
0.149446
0.149124
0.148753
0.148335
0.147865
0.147335
0.146762
0.146149
0.145458
0.144717
0.143933
0.143037
0.142107
0.140210
0.141277
0.142274
0.143159
0.144004
0.144732
0.145419
0.146057
0.146608
0.147114
0.147571
0.147977
0.148315
0.148599
0.148829
0.149003
0.149119
0.149177
0.149177
0.149119
0.149003
0.148829
0.148599
0.148315
0.147977
0.147571
0.147114
0.146608
0.146057
0.145419
0.144732
0.144004
0.143159
0.142274
0.141277
0.140210
0.138073
0.139299
0.140432
0.141451
0.142382
0.143214
0.144000
0.144668
0.145288
0.145858
0.146346
0.146770
0.147140
0.147452
0.147705
0.147896
0.148023
0.148085
0.148085
0.148023
0.147896
0.147705
0.147452
0.147140
0.146770
0.146346
0.145858
0.145288
0.144668
0.144000
0.143214
0.142382
0.141451
0.140432
0.139299
0.138073
0.135610
0.137048
0.138364
0.139538
0.140595
0.141556
0.142418
0.143184
0.143897
0.144501
0.145041
0.145522
0.145941
0.146273
0.146539
0.146740
0.146875
0.146943
0.146943
0.146875
0.146740
0.146539
0.146273
0.145941
0.145522
0.145041
0.144501
0.143897
0.143184
0.142418
0.141556
0.140595
0.139538
0.138364
0.137048
0.135610
0.132781
0.134475
0.136014
0.137363
0.138592
0.139704
0.140680
0.141570
0.142358
0.143043
0.143667
0.144203
0.144644
0.145017
0.145320
0.145549
0.145704
0.145781
0.145781
0.145704
0.145549
0.145320
0.145017
0.144644
0.144203
0.143667
0.143043
0.142358
0.141570
0.140680
0.139704
0.138592
0.137363
0.136014
0.134475
0.132781
0.129545
0.131507
0.133279
0.134876
0.136321
0.137603
0.138740
0.139774
0.140664
0.141464
0.142173
0.142759
0.143271
0.143706
0.144054
0.144297
0.144460
0.144543
0.144543
0.144460
0.144297
0.144054
0.143706
0.143271
0.142759
0.142173
0.141464
0.140664
0.139774
0.138740
0.137603
0.136321
0.134876
0.133279
0.131507
0.129545
0.125852
0.128113
0.130170
0.132040
0.133710
0.135202
0.136545
0.137744
0.138781
0.139717
0.140513
0.141201
0.141804
0.142284
0.142659
0.142944
0.143136
0.143232
0.143232
0.143136
0.142944
0.142659
0.142284
0.141804
0.141201
0.140513
0.139717
0.138781
0.137744
0.136545
0.135202
0.133710
0.132040
0.130170
0.128113
0.125852
0.121676
0.124244
0.126599
0.128752
0.130704
0.132464
0.134049
0.135429
0.136658
0.137751
0.138677
0.139487
0.140180
0.140724
0.141169
0.141507
0.141735
0.141850
0.141850
0.141735
0.141507
0.141169
0.140724
0.140180
0.139487
0.138677
0.137751
0.136658
0.135429
0.134049
0.132464
0.130704
0.128752
0.126599
0.124244
0.121676
0.117010
0.119904
0.122571
0.125029
0.127280
0.129320
0.131153
0.132790
0.134251
0.135518
0.136619
0.137572
0.138372
0.139020
0.139550
0.139954
0.140204
0.140327
0.140327
0.140204
0.139954
0.139550
0.139020
0.138372
0.137572
0.136619
0.135518
0.134251
0.132790
0.131153
0.129320
0.127280
0.125029
0.122571
0.119904
0.117010
0.111836
0.115055
0.118064
0.120837
0.123400
0.125749
0.127879
0.129789
0.131485
0.132979
0.134296
0.135411
0.136362
0.137132
0.137763
0.138222
0.138516
0.138665
0.138665
0.138516
0.138222
0.137763
0.137132
0.136362
0.135411
0.134296
0.132979
0.131485
0.129789
0.127879
0.125749
0.123400
0.120837
0.118064
0.115055
0.111836
0.106086
0.109679
0.113030
0.116156
0.119041
0.121710
0.124150
0.126357
0.128342
0.130110
0.131647
0.132969
0.134111
0.135021
0.135771
0.136315
0.136670
0.136849
0.136849
0.136670
0.136315
0.135771
0.135021
0.134111
0.132969
0.131647
0.130110
0.128342
0.126357
0.124150
0.121710
0.119041
0.116156
0.113030
0.109679
0.106086
0.099703
0.103700
0.107440
0.110930
0.114182
0.117182
0.119958
0.122482
0.124772
0.126824
0.128637
0.130219
0.131555
0.132659
0.133545
0.134210
0.134637
0.134854
0.134854
0.134637
0.134210
0.133545
0.132659
0.131555
0.130219
0.128637
0.126824
0.124772
0.122482
0.119958
0.117182
0.114182
0.110930
0.107440
0.103700
0.099703
0.000000
0.000000
0.101217
0.105115
0.108753
0.112138
0.115259
0.118139
0.120757
0.123127
0.125240
0.127092
0.128682
0.130022
0.131066
0.131876
0.132398
0.132659
0.132659
0.132398
0.131876
0.131066
0.130022
0.128682
0.127092
0.125240
0.123127
0.120757
0.118139
0.115259
0.112138
0.108753
0.105115
0.101217
0.000000
0.000000
0.185977
0.000000
0.000000
0.098634
0.102698
0.106492
0.110020
0.113269
0.116260
0.118974
0.121421
0.123587
0.125462
0.127039
0.128320
0.129278
0.129937
0.130255
0.130255
0.129937
0.129278
0.128320
0.127039
0.125462
0.123587
0.121421
0.118974
0.116260
0.113269
0.110020
0.106492
0.102698
0.098634
0.000000
0.000000
0.185977
0.185012
0.185603
0.000000
0.000000
0.000000
0.100180
0.104141
0.107819
0.111209
0.114319
0.117131
0.119651
0.121859
0.123734
0.125260
0.126431
0.127218
0.127621
0.127621
0.127218
0.126431
0.125260
0.123734
0.121859
0.119651
0.117131
0.114319
0.111209
0.107819
0.104141
0.100180
0.000000
0.000000
0.000000
0.185603
0.185012
0.184019
0.184622
0.185220
0.185812
0.000000
0.000000
0.000000
0.101685
0.105531
0.109075
0.112314
0.115229
0.117817
0.120045
0.121885
0.123301
0.124278
0.124766
0.124766
0.124278
0.123301
0.121885
0.120045
0.117817
0.115229
0.112314
0.109075
0.105531
0.101685
0.000000
0.000000
0.000000
0.185812
0.185220
0.184622
0.184019
0.182743
0.183511
0.184220
0.184825
0.185426
0.000000
0.000000
0.000000
0.099112
0.103146
0.106860
0.110244
0.113266
0.115914
0.118133
0.119877
0.121080
0.121706
0.121706
0.121080
0.119877
0.118133
0.115914
0.113266
0.110244
0.106860
0.103146
0.099112
0.000000
0.000000
0.000000
0.185426
0.184825
0.184220
0.183511
0.182743
0.181348
0.182203
0.182980
0.183753
0.184417
0.185027
0.185631
0.000000
0.000000
0.000000
0.100650
0.104557
0.108104
0.111242
0.113938
0.116098
0.117628
0.118428
0.118428
0.117628
0.116098
0.113938
0.111242
0.108104
0.104557
0.100650
0.000000
0.000000
0.000000
0.185631
0.185027
0.184417
0.183753
0.182980
0.182203
0.181348
0.179791
0.180702
0.181592
0.182425
0.183208
0.183988
0.184610
0.185225
0.185834
0.000000
0.000000
0.098015
0.102147
0.105884
0.109155
0.111874
0.113867
0.114936
0.114936
0.113867
0.111874
0.109155
0.105884
0.102147
0.098015
0.000000
0.000000
0.185834
0.185225
0.184610
0.183988
0.183208
0.182425
0.181592
0.180702
0.179791
0.178043
0.179035
0.180025
0.180923
0.181820
0.182634
0.183424
0.184169
0.184795
0.185417
0.000000
0.000000
0.000000
0.099586
0.103569
0.107006
0.109684
0.111214
0.111214
0.109684
0.107006
0.103569
0.099586
0.000000
0.000000
0.000000
0.185417
0.184795
0.184169
0.183424
0.182634
0.181820
0.180923
0.180025
0.179035
0.178043
0.176064
0.177163
0.178238
0.179237
0.180213
0.181118
0.182020
0.182820
0.183618
0.184331
0.184966
0.185596
0.000000
0.000000
0.000000
0.101120
0.104794
0.107199
0.107199
0.104794
0.101120
0.000000
0.000000
0.000000
0.185596
0.184966
0.184331
0.183618
0.182820
0.182020
0.181118
0.180213
0.179237
0.178238
0.177163
0.176064
0.173802
0.175033
0.176224
0.177327
0.178391
0.179394
0.180360
0.181270
0.182160
0.182966
0.183772
0.184461
0.185104
0.185746
0.000000
0.000000
0.098352
0.102518
0.102518
0.098352
0.000000
0.000000
0.185746
0.185104
0.184461
0.183772
0.182966
0.182160
0.181270
0.180360
0.179394
0.178391
0.177327
0.176224
0.175033
0.173802
0.171199
0.172590
0.173920
0.175140
0.176321
0.177424
0.178479
0.179482
0.180439
0.181349
0.182229
0.183035
0.183839
0.184514
0.185154
0.185790
0.000000
0.000000
0.000000
0.000000
0.185790
0.185154
0.184514
0.183839
0.183035
0.182229
0.181349
0.180439
0.179482
0.178479
0.177424
0.176321
0.175140
0.173920
0.172590
0.171199
0.168258
0.169786
0.171233
0.172616
0.173939
0.175150
0.176323
0.177416
0.178462
0.179452
0.180398
0.181288
0.182153
0.182926
0.183681
0.184321
0.184834
0.185182
0.185182
0.184834
0.184321
0.183681
0.182926
0.182153
0.181288
0.180398
0.179452
0.178462
0.177416
0.176323
0.175150
0.173939
0.172616
0.171233
0.169786
0.168258
0.165021
0.166616
0.168186
0.169699
0.171136
0.172509
0.173811
0.175011
0.176172
0.177235
0.178262
0.179207
0.180121
0.180935
0.181707
0.182358
0.182859
0.183155
0.183155
0.182859
0.182358
0.181707
0.180935
0.180121
0.179207
0.178262
0.177235
0.176172
0.175011
0.173811
0.172509
0.171136
0.169699
0.168186
0.166616
0.165021
0.161688
0.163246
0.164821
0.166394
0.167943
0.169427
0.170845
0.172201
0.173457
0.174636
0.175748
0.176757
0.177710
0.178558
0.179311
0.179962
0.180415
0.180663
0.180663
0.180415
0.179962
0.179311
0.178558
0.177710
0.176757
0.175748
0.174636
0.173457
0.172201
0.170845
0.169427
0.167943
0.166394
0.164821
0.163246
0.161688
0.158479
0.159892
0.161373
0.162885
0.164415
0.165947
0.167443
0.168885
0.170266
0.171555
0.172748
0.173866
0.174849
0.175750
0.176505
0.177115
0.177561
0.177799
0.177799
0.177561
0.177115
0.176505
0.175750
0.174849
0.173866
0.172748
0.171555
0.170266
0.168885
0.167443
0.165947
0.164415
0.162885
0.161373
0.159892
0.158479
0.155495
0.156761
0.158057
0.159430
0.160835
0.162268
0.163725
0.165171
0.166582
0.167945
0.169211
0.170391
0.171452
0.172388
0.173169
0.173805
0.174235
0.174452
0.174452
0.174235
0.173805
0.173169
0.172388
0.171452
0.170391
0.169211
0.167945
0.166582
0.165171
0.163725
0.162268
0.160835
0.159430
0.158057
0.156761
0.155495
0.152703
0.153838
0.155015
0.156203
0.157443
0.158711
0.159996
0.161326
0.162645
0.163943
0.165200
0.166382
0.167464
0.168419
0.169222
0.169864
0.170295
0.170513
0.170513
0.170295
0.169864
0.169222
0.168419
0.167464
0.166382
0.165200
0.163943
0.162645
0.161326
0.159996
0.158711
0.157443
0.156203
0.155015
0.153838
0.152703
0.149979
0.151064
0.152142
0.153229
0.154316
0.155425
0.156545
0.157674
0.158820
0.159943
0.161067
0.162125
0.163125
0.164013
0.164775
0.165376
0.165793
0.166007
0.166007
0.165793
0.165376
0.164775
0.164013
0.163125
0.162125
0.161067
0.159943
0.158820
0.157674
0.156545
0.155425
0.154316
0.153229
0.152142
0.151064
0.149979
0.147149
0.148261
0.149320
0.150360
0.151374
0.152376
0.153367
0.154346
0.155321
0.156269
0.157205
0.158079
0.158921
0.159661
0.160299
0.160813
0.161166
0.161347
0.161347
0.161166
0.160813
0.160299
0.159661
0.158921
0.158079
0.157205
0.156269
0.155321
0.154346
0.153367
0.152376
0.151374
0.150360
0.149320
0.148261
0.147149
0.144023
0.145210
0.146350
0.147413
0.148432
0.149401
0.150337
0.151235
0.152097
0.152932
0.153715
0.154459
0.155142
0.155737
0.156249
0.156661
0.156942
0.157085
0.157085
0.156942
0.156661
0.156249
0.155737
0.155142
0.154459
0.153715
0.152932
0.152097
0.151235
0.150337
0.149401
0.148432
0.147413
0.146350
0.145210
0.144023
0.140235
0.141657
0.142946
0.144158
0.145245
0.146280
0.147226
0.148130
0.148957
0.149737
0.150458
0.151116
0.151704
0.152219
0.152652
0.152985
0.153212
0.153328
0.153328
0.153212
0.152985
0.152652
0.152219
0.151704
0.151116
0.150458
0.149737
0.148957
0.148130
0.147226
0.146280
0.145245
0.144158
0.142946
0.141657
0.140235
0.135394
0.137167
0.138765
0.140220
0.141511
0.142684
0.143767
0.144728
0.145620
0.146423
0.147141
0.147795
0.148359
0.148837
0.149231
0.149533
0.149738
0.149842
0.149842
0.149738
0.149533
0.149231
0.148837
0.148359
0.147795
0.147141
0.146423
0.145620
0.144728
0.143767
0.142684
0.141511
0.140220
0.138765
0.137167
0.135394
0.129075
0.131306
0.133321
0.135133
0.136759
0.138227
0.139519
0.140673
0.141717
0.142622
0.143430
0.144148
0.144736
0.145240
0.145654
0.145971
0.146172
0.146272
0.146272
0.146172
0.145971
0.145654
0.145240
0.144736
0.144148
0.143430
0.142622
0.141717
0.140673
0.139519
0.138227
0.136759
0.135133
0.133321
0.131306
0.129075
0.121065
0.123744
0.126207
0.128452
0.130492
0.132333
0.133988
0.135432
0.136718
0.137867
0.138831
0.139690
0.140400
0.140981
0.141455
0.141818
0.142056
0.142167
0.142167
0.142056
0.141818
0.141455
0.140981
0.140400
0.139690
0.138831
0.137867
0.136718
0.135432
0.133988
0.132333
0.130492
0.128452
0.126207
0.123744
0.121065
0.111384
0.114455
0.117307
0.119956
0.122384
0.124607
0.126627
0.128447
0.130078
0.131498
0.132739
0.133822
0.134710
0.135454
0.136056
0.136475
0.136758
0.136901
0.136901
0.136758
0.136475
0.136056
0.135454
0.134710
0.133822
0.132739
0.131498
0.130078
0.128447
0.126627
0.124607
0.122384
0.119956
0.117307
0.114455
0.111384
0.099964
0.103430
0.106666
0.109675
0.112455
0.115014
0.117361
0.119496
0.121420
0.123137
0.124653
0.125979
0.127083
0.128021
0.128740
0.129288
0.129656
0.129842
0.129842
0.129656
0.129288
0.128740
0.128021
0.127083
0.125979
0.124653
0.123137
0.121420
0.119496
0.117361
0.115014
0.112455
0.109675
0.106666
0.103430
0.099964
0.000000
0.000000
0.000000
0.000000
0.100664
0.103558
0.106216
0.108635
0.110827
0.112792
0.114534
0.116058
0.117350
0.118431
0.119291
0.119944
0.120369
0.120582
0.120582
0.120369
0.119944
0.119291
0.118431
0.117350
0.116058
0.114534
0.112792
0.110827
0.108635
0.106216
0.103558
0.100664
0.000000
0.000000
0.000000
0.000000
0.184512
0.184961
0.185397
0.185816
0.000000
0.000000
0.000000
0.000000
0.098236
0.100443
0.102403
0.104117
0.105580
0.106797
0.107776
0.108504
0.108990
0.109233
0.109233
0.108990
0.108504
0.107776
0.106797
0.105580
0.104117
0.102403
0.100443
0.098236
0.000000
0.000000
0.000000
0.000000
0.185816
0.185397
0.184961
0.184512
0.182519
0.183065
0.183593
0.184081
0.184470
0.184841
0.185192
0.185522
0.185829
0.000000
0.000000
0.000000
0.000000
0.000000
0.000000
0.000000
0.000000
0.000000
0.000000
0.000000
0.000000
0.000000
0.000000
0.000000
0.000000
0.000000
0.000000
0.185829
0.185522
0.185192
0.184841
0.184470
0.184081
0.183593
0.183065
0.182519
0.180174
0.180773
0.181351
0.181906
0.182388
0.182836
0.183259
0.183655
0.184019
0.184289
0.184534
0.184752
0.184942
0.185102
0.185232
0.185330
0.185396
0.185429
0.185429
0.185396
0.185330
0.185232
0.185102
0.184942
0.184752
0.184534
0.184289
0.184019
0.183655
0.183259
0.182836
0.182388
0.181906
0.181351
0.180773
0.180174
0.177471
0.178160
0.178777
0.179370
0.179936
0.180429
0.180890
0.181320
0.181720
0.182076
0.182370
0.182631
0.182857
0.183049
0.183203
0.183320
0.183399
0.183438
0.183438
0.183399
0.183320
0.183203
0.183049
0.182857
0.182631
0.182370
0.182076
0.181720
0.181320
0.180890
0.180429
0.179936
0.179370
0.178777
0.178160
0.177471
0.174366
0.175119
0.175844
0.176489
0.177092
0.177663
0.178182
0.178639
0.179062
0.179450
0.179800
0.180100
0.180345
0.180551
0.180718
0.180844
0.180928
0.180971
0.180971
0.180928
0.180844
0.180718
0.180551
0.180345
0.180100
0.179800
0.179450
0.179062
0.178639
0.178182
0.177663
0.177092
0.176489
0.175844
0.175119
0.174366
0.170720
0.171589
0.172391
0.173129
0.173831
0.174454
0.175025
0.175558
0.176047
0.176456
0.176826
0.177154
0.177438
0.177677
0.177871
0.178015
0.178104
0.178148
0.178148
0.178104
0.178015
0.177871
0.177677
0.177438
0.177154
0.176826
0.176456
0.176047
0.175558
0.175025
0.174454
0.173831
0.173129
0.172391
0.171589
0.170720
0.166558
0.167494
0.168377
0.169202
0.169987
0.170686
0.171341
0.171952
0.172476
0.172952
0.173380
0.173760
0.174081
0.174334
0.174538
0.174691
0.174794
0.174846
0.174846
0.174794
0.174691
0.174538
0.174334
0.174081
0.173760
0.173380
0.172952
0.172476
0.171952
0.171341
0.170686
0.169987
0.169202
0.168377
0.167494
0.166558
0.162180
0.163094
0.163970
0.164816
0.165620
0.166374
0.167076
0.167731
0.168321
0.168850
0.169326
0.169747
0.170105
0.170393
0.170625
0.170801
0.170918
0.170977
0.170977
0.170918
0.170801
0.170625
0.170393
0.170105
0.169747
0.169326
0.168850
0.168321
0.167731
0.167076
0.166374
0.165620
0.164816
0.163970
0.163094
0.162180
0.158066
0.158877
0.159653
0.160417
0.161161
0.161863
0.162540
0.163174
0.163759
0.164296
0.164781
0.165210
0.165581
0.165893
0.166142
0.166329
0.166454
0.166516
0.166516
0.166454
0.166329
0.166142
0.165893
0.165581
0.165210
0.164781
0.164296
0.163759
0.163174
0.162540
0.161863
0.161161
0.160417
0.159653
0.158877
0.158066
0.154423
0.155114
0.155775
0.156433
0.157072
0.157674
0.158254
0.158815
0.159331
0.159801
0.160236
0.160630
0.160972
0.161258
0.161489
0.161663
0.161779
0.161837
0.161837
0.161779
0.161663
0.161489
0.161258
0.160972
0.160630
0.160236
0.159801
0.159331
0.158815
0.158254
0.157674
0.157072
0.156433
0.155775
0.155114
0.154423
0.151082
0.151706
0.152310
0.152892
0.153443
0.153962
0.154472
0.154948
0.155385
0.155783
0.156150
0.156487
0.156779
0.157023
0.157220
0.157368
0.157467
0.157517
0.157517
0.157467
0.157368
0.157220
0.157023
0.156779
0.156487
0.156150
0.155783
0.155385
0.154948
0.154472
0.153962
0.153443
0.152892
0.152310
0.151706
0.151082
0.147775
0.148399
0.148987
0.149545
0.150073
0.150565
0.151026
0.151453
0.151846
0.152208
0.152536
0.152826
0.153077
0.153287
0.153455
0.153583
0.153668
0.153710
0.153710
0.153668
0.153583
0.153455
0.153287
0.153077
0.152826
0.152536
0.152208
0.151846
0.151453
0.151026
0.150565
0.150073
0.149545
0.148987
0.148399
0.147775
0.144157
0.144836
0.145484
0.146092
0.146631
0.147139
0.147612
0.148049
0.148434
0.148784
0.149098
0.149375
0.149614
0.149815
0.149976
0.150096
0.150176
0.150217
0.150217
0.150176
0.150096
0.149976
0.149815
0.149614
0.149375
0.149098
0.148784
0.148434
0.148049
0.147612
0.147139
0.146631
0.146092
0.145484
0.144836
0.144157
0.139759
0.140598
0.141375
0.142101
0.142726
0.143314
0.143863
0.144337
0.144761
0.145146
0.145490
0.145795
0.146053
0.146256
0.146420
0.146543
0.146625
0.146666
0.146666
0.146625
0.146543
0.146420
0.146256
0.146053
0.145795
0.145490
0.145146
0.144761
0.144337
0.143863
0.143314
0.142726
0.142101
0.141375
0.140598
0.139759
0.134005
0.135090
0.136113
0.137004
0.137845
0.138572
0.139237
0.139852
0.140373
0.140832
0.141243
0.141606
0.141919
0.142162
0.142351
0.142493
0.142588
0.142636
0.142636
0.142588
0.142493
0.142351
0.142162
0.141919
0.141606
0.141243
0.140832
0.140373
0.139852
0.139237
0.138572
0.137845
0.137004
0.136113
0.135090
0.134005
0.126328
0.127745
0.129032
0.130224
0.131290
0.132268
0.133132
0.133931
0.134608
0.135218
0.135764
0.136222
0.136598
0.136913
0.137166
0.137357
0.137484
0.137548
0.137548
0.137484
0.137357
0.137166
0.136913
0.136598
0.136222
0.135764
0.135218
0.134608
0.133931
0.133132
0.132268
0.131290
0.130224
0.129032
0.127745
0.126328
0.116650
0.118349
0.119923
0.121363
0.122689
0.123910
0.125000
0.126005
0.126880
0.127673
0.128361
0.128951
0.129459
0.129884
0.130211
0.130451
0.130611
0.130692
0.130692
0.130611
0.130451
0.130211
0.129884
0.129459
0.128951
0.128361
0.127673
0.126880
0.126005
0.125000
0.123910
0.122689
0.121363
0.119923
0.118349
0.116650
0.105026
0.106994
0.108819
0.110509
0.112069
0.113491
0.114791
0.115978
0.117032
0.117986
0.118812
0.119538
0.120157
0.120662
0.121067
0.121371
0.121575
0.121676
0.121676
0.121575
0.121371
0.121067
0.120662
0.120157
0.119538
0.118812
0.117986
0.117032
0.115978
0.114791
0.113491
0.112069
0.110509
0.108819
0.106994
0.105026
0.000000
0.000000
0.000000
0.000000
0.099398
0.101040
0.102544
0.103913
0.105138
0.106240
0.107206
0.108055
0.108767
0.109364
0.109842
0.110197
0.110430
0.110547
0.110547
0.110430
0.110197
0.109842
0.109364
0.108767
0.108055
0.107206
0.106240
0.105138
0.103913
0.102544
0.101040
0.099398
0.000000
0.000000
0.000000
0.000000
0.184942
0.185215
0.185474
0.185719
0.185950
0.000000
0.000000
0.000000
0.000000
0.000000
0.000000
0.000000
0.000000
0.000000
0.000000
0.000000
0.000000
0.000000
0.000000
0.000000
0.000000
0.000000
0.000000
0.000000
0.000000
0.000000
0.000000
0.000000
0.000000
0.000000
0.000000
0.185950
0.185719
0.185474
0.185215
0.184942
0.182906
0.183240
0.183557
0.183856
0.184111
0.184322
0.184519
0.184701
0.184867
0.185017
0.185152
0.185270
0.185372
0.185458
0.185526
0.185577
0.185612
0.185629
0.185629
0.185612
0.185577
0.185526
0.185458
0.185372
0.185270
0.185152
0.185017
0.184867
0.184701
0.184519
0.184322
0.184111
0.183856
0.183557
0.183240
0.182906
0.180454
0.180822
0.181172
0.181503
0.181814
0.182093
0.182334
0.182556
0.182759
0.182942
0.183107
0.183251
0.183375
0.183479
0.183563
0.183626
0.183667
0.183688
0.183688
0.183667
0.183626
0.183563
0.183479
0.183375
0.183251
0.183107
0.182942
0.182759
0.182556
0.182334
0.182093
0.181814
0.181503
0.181172
0.180822
0.180454
0.177634
0.178064
0.178441
0.178797
0.179132
0.179446
0.179738
0.180006
0.180230
0.180432
0.180613
0.180772
0.180909
0.181023
0.181115
0.181184
0.181230
0.181253
0.181253
0.181230
0.181184
0.181115
0.181023
0.180909
0.180772
0.180613
0.180432
0.180230
0.180006
0.179738
0.179446
0.179132
0.178797
0.178441
0.178064
0.177634
0.174365
0.174835
0.175281
0.175703
0.176091
0.176428
0.176741
0.177031
0.177295
0.177535
0.177748
0.177936
0.178089
0.178212
0.178311
0.178385
0.178434
0.178459
0.178459
0.178434
0.178385
0.178311
0.178212
0.178089
0.177936
0.177748
0.177535
0.177295
0.177031
0.176741
0.176428
0.176091
0.175703
0.175281
0.174835
0.174365
0.170522
0.171068
0.171586
0.172070
0.172495
0.172893
0.173262
0.173603
0.173915
0.174180
0.174409
0.174611
0.174785
0.174930
0.175047
0.175134
0.175193
0.175222
0.175222
0.175193
0.175134
0.175047
0.174930
0.174785
0.174611
0.174409
0.174180
0.173915
0.173603
0.173262
0.172893
0.172495
0.172070
0.171586
0.171068
0.170522
0.166134
0.166728
0.167290
0.167822
0.168309
0.168758
0.169174
0.169559
0.169910
0.170214
0.170481
0.170715
0.170916
0.171085
0.171220
0.171321
0.171389
0.171423
0.171423
0.171389
0.171321
0.171220
0.171085
0.170916
0.170715
0.170481
0.170214
0.169910
0.169559
0.169174
0.168758
0.168309
0.167822
0.167290
0.166728
0.166134
0.161582
0.162149
0.162703
0.163225
0.163716
0.164177
0.164608
0.165005
0.165368
0.165697
0.165990
0.166244
0.166462
0.166644
0.166790
0.166900
0.166974
0.167010
0.167010
0.166974
0.166900
0.166790
0.166644
0.166462
0.166244
0.165990
0.165697
0.165368
0.165005
0.164608
0.164177
0.163716
0.163225
0.162703
0.162149
0.161582
0.157387
0.157875
0.158361
0.158828
0.159267
0.159676
0.160060
0.160431
0.160770
0.161076
0.161350
0.161590
0.161796
0.161969
0.162111
0.162219
0.162291
0.162327
0.162327
0.162291
0.162219
0.162111
0.161969
0.161796
0.161590
0.161350
0.161076
0.160770
0.160431
0.160060
0.159676
0.159267
0.158828
0.158361
0.157875
0.157387
0.153678
0.154108
0.154533
0.154934
0.155310
0.155662
0.155988
0.156308
0.156602
0.156867
0.157104
0.157312
0.157491
0.157640
0.157760
0.157850
0.157910
0.157940
0.157940
0.157910
0.157850
0.157760
0.157640
0.157491
0.157312
0.157104
0.156867
0.156602
0.156308
0.155988
0.155662
0.155310
0.154934
0.154533
0.154108
0.153678
0.150262
0.150669
0.151055
0.151419
0.151761
0.152083
0.152386
0.152666
0.152922
0.153153
0.153359
0.153540
0.153695
0.153825
0.153929
0.154008
0.154063
0.154091
0.154091
0.154063
0.154008
0.153929
0.153825
0.153695
0.153540
0.153359
0.153153
0.152922
0.152666
0.152386
0.152083
0.151761
0.151419
0.151055
0.150669
0.150262
0.146793
0.147217
0.147618
0.147997
0.148336
0.148653
0.148947
0.149217
0.149464
0.149688
0.149887
0.150061
0.150210
0.150334
0.150433
0.150508
0.150558
0.150583
0.150583
0.150558
0.150508
0.150433
0.150334
0.150210
0.150061
0.149887
0.149688
0.149464
0.149217
0.148947
0.148653
0.148336
0.147997
0.147618
0.147217
0.146793
0.142878
0.143374
0.143844
0.144260
0.144637
0.144989
0.145315
0.145616
0.145891
0.146128
0.146333
0.146513
0.146667
0.146796
0.146899
0.146977
0.147029
0.147055
0.147055
0.147029
0.146977
0.146899
0.146796
0.146667
0.146513
0.146333
0.146128
0.145891
0.145616
0.145315
0.144989
0.144637
0.144260
0.143844
0.143374
0.142878
0.138003
0.138609
0.139182
0.139723
0.140207
0.140632
0.141025
0.141388
0.141719
0.142016
0.142255
0.142465
0.142646
0.142797
0.142917
0.143008
0.143069
0.143099
0.143099
0.143069
0.143008
0.142917
0.142797
0.142646
0.142465
0.142255
0.142016
0.141719
0.141388
0.141025
0.140632
0.140207
0.139723
0.139182
0.138609
0.138003
0.131434
0.132271
0.133024
0.133734
0.134366
0.134936
0.135464
0.135950
0.136357
0.136721
0.137045
0.137330
0.137574
0.137778
0.137942
0.138058
0.138132
0.138169
0.138169
0.138132
0.138058
0.137942
0.137778
0.137574
0.137330
0.137045
0.136721
0.136357
0.135950
0.135464
0.134936
0.134366
0.133734
0.133024
0.132271
0.131434
0.122801
0.123859
0.124821
0.125722
0.126538
0.127287
0.127980
0.128584
0.129133
0.129629
0.130067
0.130429
0.130741
0.131001
0.131210
0.131366
0.131471
0.131523
0.131523
0.131471
0.131366
0.131210
0.131001
0.130741
0.130429
0.130067
0.129629
0.129133
0.128584
0.127980
0.127287
0.126538
0.125722
0.124821
0.123859
0.122801
0.112129
0.113371
0.114530
0.115604
0.116591
0.117500
0.118331
0.119080
0.119763
0.120366
0.120896
0.121361
0.121760
0.122089
0.122346
0.122538
0.122667
0.122731
0.122731
0.122667
0.122538
0.122346
0.122089
0.121760
0.121361
0.120896
0.120366
0.119763
0.119080
0.118331
0.117500
0.116591
0.115604
0.114530
0.113371
0.112129
0.099389
0.100838
0.102191
0.103439
0.104595
0.105660
0.106631
0.107516
0.108314
0.109023
0.109656
0.110204
0.110668
0.111054
0.111364
0.111597
0.111752
0.111829
0.111829
0.111752
0.111597
0.111364
0.111054
0.110668
0.110204
0.109656
0.109023
0.108314
0.107516
0.106631
0.105660
0.104595
0.103439
0.102191
0.100838
0.099389
