0.179463
0.183843
0.000000
0.115653
0.131335
0.141255
0.147737
0.153199
0.159138
0.166014
0.172463
0.177531
0.181527
0.184644
0.000000
0.111919
0.125331
0.135065
0.141682
0.146428
0.150352
0.154071
0.157989
0.162259
0.166603
0.170550
0.173880
0.176594
0.178857
0.180763
0.182376
0.183720
0.184747
0.185612
0.000000
0.000000
0.000000
0.100785
0.103016
0.104372
0.104876
0.104544
0.103348
0.101245
0.098161
0.000000
0.000000
0.185631
0.184715
0.183590
0.182127
0.115880
0.132257
0.142306
0.148897
0.154784
0.161552
0.169046
0.175347
0.180177
0.183978
0.000000
0.111589
0.126624
0.137048
0.143860
0.148850
0.153349
0.158120
0.163520
0.168959
0.173627
0.177366
0.180428
0.182953
0.184951
0.000000
0.102841
0.112994
0.121260
0.127894
0.133037
0.136966
0.139990
0.142296
0.144127
0.145564
0.146706
0.147590
0.148235
0.148640
0.148822
0.148777
0.148503
0.147996
0.147221
0.146199
0.144841
0.143114
0.140886
0.137984
0.134052
0.148625
0.154866
0.162117
0.170067
0.176491
0.181366
0.185037
0.101476
0.120487
0.133972
0.142473
0.148315
0.153405
0.158925
0.165246
0.171325
0.176236
0.180119
0.183245
0.185648
0.099651
0.113887
0.125082
0.133510
0.139508
0.143869
0.147263
0.150194
0.152904
0.155549
0.158204
0.160872
0.163440
0.165800
0.167861
0.169574
0.170948
0.172031
0.172788
0.173297
0.173553
0.173552
0.173293
0.172773
0.171987
0.170848
0.169381
0.167529
0.165284
0.162700
0.159888
0.169280
0.176241
0.181430
0.185279
0.104655
0.123953
0.136937
0.144896
0.150735
0.156450
0.163149
0.170144
0.175863
0.180281
0.183808
0.000000
0.107777
0.122501
0.133323
0.140642
0.145768
0.149871
0.153700
0.157708
0.162075
0.166554
0.170619
0.174034
0.176794
0.179094
0.181022
0.182635
0.184002
0.184985
0.185856
0.000000
0.000000
0.099276
0.102218
0.104194
0.105254
0.105430
0.104711
0.103064
0.100425
0.000000
0.000000
0.000000
0.185146
0.184115
0.182686
0.184757
0.102258
0.123189
0.137097
0.145424
0.151576
0.157868
0.165368
0.172577
0.178153
0.182450
0.185665
0.104624
0.121808
0.134103
0.142056
0.147543
0.152202
0.156992
0.162401
0.168066
0.173002
0.176966
0.180190
0.182820
0.184903
0.000000
0.103230
0.113609
0.122008
0.128662
0.133803
0.137672
0.140599
0.142860
0.144641
0.146061
0.147143
0.147985
0.148557
0.148892
0.148988
0.148841
0.148448
0.147799
0.146865
0.145640
0.144058
0.141999
0.139265
0.135633
0.134679
0.144307
0.150950
0.157559
0.165504
0.173113
0.178886
0.183311
0.000000
0.112238
0.128609
0.139330
0.146159
0.151493
0.156893
0.163141
0.169618
0.175002
0.179222
0.182616
0.185223
0.000000
0.112161
0.124049
0.132964
0.139278
0.143817
0.147322
0.150337
0.153130
0.155860
0.158628
0.161380
0.164011
0.166399
0.168447
0.170137
0.171459
0.172463
0.173162
0.173595
0.173757
0.173645
0.173256
0.172586
0.171602
0.170259
0.168516
0.166357
0.163799
0.160951
0.155655
0.163682
0.172003
0.178349
0.183129
0.000000
0.113921
0.130727
0.141235
0.147986
0.153689
0.160021
0.167290
0.173778
0.178749
0.182668
0.185620
0.102679
0.118973
0.131094
0.139337
0.144930
0.149274
0.153232
0.157329
0.161800
0.166424
0.170626
0.174137
0.176966
0.179313
0.181269
0.182889
0.184226
0.185223
0.000000
0.000000
0.000000
0.100875
0.103574
0.105270
0.106019
0.105820
0.104660
0.102492
0.099216
0.000000
0.000000
0.185574
0.184558
0.183245
0.176490
0.181966
0.185896
0.110457
0.129218
0.140857
0.148105
0.154227
0.161221
0.169051
0.175611
0.180566
0.184389
0.000000
0.115670
0.130171
0.139727
0.145986
0.150896
0.155701
0.161109
0.166955
0.172240
0.176465
0.179868
0.182632
0.184817
0.000000
0.103441
0.114101
0.122651
0.129381
0.134499
0.138330
0.141203
0.143424
0.145155
0.146523
0.147574
0.148352
0.148860
0.149115
0.149112
0.148848
0.148321
0.147504
0.146389
0.144908
0.142993
0.140487
0.137102
0.101438
0.123827
0.138230
0.146643
0.153167
0.160374
0.168705
0.175741
0.180975
0.184906
0.101572
0.121325
0.135007
0.143463
0.149349
0.154727
0.160788
0.167533
0.173500
0.178159
0.181857
0.184717
0.000000
0.109968
0.122671
0.132227
0.138925
0.143683
0.147325
0.150438
0.153324
0.156157
0.159035
0.161876
0.164583
0.166993
0.169029
0.170674
0.171965
0.172883
0.173517
0.173863
0.173918
0.173678
0.173138
0.172296
0.171078
0.169470
0.167413
0.164907
0.162022
0.143461
0.150688
0.157764
0.166355
0.174298
0.180177
0.184548
0.100504
0.121729
0.136064
0.144638
0.150780
0.156805
0.163915
0.171138
0.176864
0.181278
0.184676
0.000000
0.114559
0.128234
0.137666
0.143914
0.148543
0.152645
0.156832
0.161414
0.166195
0.170561
0.174191
0.177105
0.179510
0.181502
0.183135
0.184447
0.185459
0.000000
0.000000
0.098861
0.102416
0.104849
0.106244
0.106626
0.106011
0.104343
0.101556
0.000000
0.000000
0.186000
0.184999
0.183804
0.162068
0.171078
0.178079
0.183217
0.000000
0.117354
0.134033
0.143858
0.150512
0.156975
0.164698
0.172342
0.178208
0.182678
0.185991
0.107829
0.124912
0.136625
0.144040
0.149374
0.154260
0.159620
0.165617
0.171257
0.175827
0.179430
0.182377
0.184686
0.000000
0.103437
0.114439
0.123204
0.130042
0.135152
0.138943
0.141803
0.143988
0.145669
0.146982
0.147999
0.148704
0.149140
0.149302
0.149185
0.148787
0.148103
0.147088
0.145745
0.143980
0.141630
0.138484
0.180653
0.185203
0.107459
0.128295
0.140970
0.148660
0.155333
0.163235
0.171546
0.177981
0.182786
0.000000
0.111566
0.128822
0.139902
0.146830
0.152397
0.158229
0.165031
0.171612
0.176808
0.180868
0.184114
0.000000
0.107169
0.120887
0.131201
0.138427
0.143451
0.147261
0.150490
0.153480
0.156432
0.159420
0.162373
0.165148
0.167586
0.169610
0.171208
0.172430
0.173291
0.173848
0.174085
0.174022
0.173635
0.172921
0.171870
0.170384
0.168443
0.166014
0.163132
0.117143
0.135018
0.145141
0.152241
0.159808
0.168741
0.176236
0.181740
0.185718
0.109129
0.128174
0.140151
0.147487
0.153508
0.160166
0.167819
0.174481
0.179539
0.183479
0.000000
0.108972
0.124504
0.135454
0.142579
0.147635
0.151916
0.156195
0.160892
0.165844
0.170408
0.174186
0.177201
0.179679
0.181718
0.183372
0.184664
0.185695
0.000000
0.000000
0.100572
0.103891
0.106040
0.107084
0.107061
0.105954
0.103686
0.100158
0.000000
0.000000
0.185440
0.184290
0.147883
0.155126
0.163771
0.172708
0.179365
0.184271
0.100393
0.123057
0.137747
0.146301
0.152791
0.159829
0.168061
0.175140
0.180444
0.184463
0.000000
0.117927
0.132359
0.141500
0.147566
0.152639
0.157931
0.163998
0.170041
0.174984
0.178877
0.182041
0.184501
0.000000
0.103172
0.114605
0.123646
0.130601
0.135771
0.139542
0.142357
0.144499
0.146169
0.147439
0.148396
0.149040
0.149390
0.149444
0.149194
0.148638
0.147760
0.146523
0.144869
0.142691
0.139776
0.166793
0.175332
0.181491
0.185869
0.112293
0.131791
0.143127
0.150427
0.157455
0.165968
0.173970
0.179887
0.184318
0.098490
0.119993
0.134735
0.143667
0.149811
0.155529
0.162122
0.169216
0.175122
0.179668
0.183242
0.185925
0.103601
0.118569
0.129845
0.137721
0.143098
0.147115
0.150480
0.153588
0.156669
0.159778
0.162857
0.165706
0.168170
0.170179
0.171741
0.172884
0.173683
0.174136
0.174253
0.174056
0.173497
0.172579
0.171246
0.169441
0.167103
0.164244
0.182852
0.000000
0.119974
0.136941
0.146462
0.153597
0.161698
0.170755
0.177844
0.183036
0.000000
0.116353
0.133283
0.143330
0.150020
0.156301
0.163751
0.171367
0.177320
0.181880
0.185256
0.101820
0.119638
0.132492
0.140856
0.146497
0.151032
0.155425
0.160201
0.165343
0.170146
0.174108
0.177247
0.179814
0.181914
0.183598
0.184876
0.185928
0.000000
0.000000
0.102233
0.105286
0.107113
0.107778
0.107277
0.105583
0.102590
0.098149
0.000000
0.185879
0.184737
0.124586
0.139919
0.148615
0.156059
0.165140
0.173993
0.180411
0.185047
0.106463
0.127640
0.140597
0.148376
0.154999
0.162757
0.171044
0.177526
0.182389
0.185936
0.108614
0.126322
0.138061
0.145317
0.150773
0.156048
0.162078
0.168473
0.173941
0.178182
0.181556
0.184249
0.000000
0.102581
0.114555
0.123950
0.131083
0.136317
0.140109
0.142884
0.145008
0.146644
0.147893
0.148782
0.149353
0.149604
0.149529
0.149122
0.148379
0.147261
0.145747
0.143712
0.140957
0.149916
0.157796
0.167489
0.176010
0.182100
0.000000
0.115976
0.134392
0.144804
0.151963
0.159485
0.168400
0.175976
0.181505
0.185529
0.107649
0.126934
0.139253
0.146746
0.152649
0.158923
0.166216
0.172948
0.178140
0.182163
0.185182
0.099002
0.115539
0.128006
0.136723
0.142596
0.146865
0.150394
0.153636
0.156858
0.160107
0.163319
0.166250
0.168735
0.170725
0.172250
0.173330
0.174049
0.174377
0.174366
0.174010
0.173238
0.172077
0.170402
0.168182
0.165367
0.168761
0.177112
0.183059
0.000000
0.121766
0.138234
0.147422
0.154715
0.163317
0.172370
0.179131
0.184128
0.099331
0.122277
0.137221
0.145932
0.152378
0.159235
0.167282
0.174423
0.179774
0.183889
0.000000
0.113229
0.128432
0.138546
0.145036
0.149937
0.154468
0.159341
0.164656
0.169731
0.173931
0.177227
0.179906
0.182073
0.183809
0.185083
0.000000
0.000000
0.099658
0.103837
0.106602
0.108071
0.108277
0.107213
0.104808
0.100913
0.000000
0.000000
0.185184
0.183498
0.099103
0.124800
0.140255
0.149006
0.156683
0.166090
0.174865
0.181185
0.185679
0.111214
0.131151
0.142791
0.150165
0.157142
0.165563
0.173590
0.179551
0.184058
0.000000
0.117823
0.133011
0.142366
0.148562
0.153944
0.159855
0.166505
0.172540
0.177242
0.180927
0.183890
0.000000
0.101569
0.114234
0.124074
0.131466
0.136792
0.140608
0.143404
0.145515
0.147119
0.148326
0.149155
0.149639
0.149770
0.149540
0.148943
0.147975
0.146566
0.144662
0.142102
0.125669
0.140998
0.149756
0.157795
0.167700
0.176304
0.182423
0.000000
0.118495
0.136210
0.146076
0.153268
0.161323
0.170429
0.177601
0.182853
0.000000
0.115268
0.132458
0.142731
0.149437
0.155521
0.162589
0.170099
0.176148
0.180722
0.184280
0.000000
0.111544
0.125502
0.135356
0.141895
0.146486
0.150210
0.153607
0.156985
0.160403
0.163754
0.166777
0.169297
0.171271
0.172737
0.173764
0.174362
0.174572
0.174407
0.173846
0.172821
0.171314
0.169221
0.166482
0.149747
0.158019
0.168233
0.176881
0.183000
0.000000
0.122457
0.138869
0.148025
0.155507
0.164539
0.173565
0.180156
0.184886
0.105442
0.126967
0.140222
0.148085
0.154646
0.162234
0.170474
0.176991
0.181895
0.185464
0.104670
0.122794
0.135299
0.143117
0.148565
0.153298
0.158244
0.163738
0.169123
0.173615
0.177125
0.179942
0.182191
0.184001
0.185282
0.000000
0.000000
0.101431
0.105374
0.107821
0.108858
0.108528
0.106777
0.103485
0.098436
0.000000
0.185631
0.167785
0.176748
0.183042
0.000000
0.123862
0.140006
0.148996
0.156866
0.166533
0.175376
0.181700
0.000000
0.114657
0.133699
0.144454
0.151686
0.159162
0.168059
0.175686
0.181258
0.185321
0.105925
0.125425
0.138136
0.145801
0.151555
0.157349
0.164047
0.170710
0.176040
0.180122
0.183334
0.185735
0.100004
0.113548
0.123977
0.131721
0.137205
0.141078
0.143914
0.146020
0.147593
0.148749
0.149511
0.149888
0.149871
0.149452
0.148624
0.147352
0.145580
0.143141
0.182582
0.000000
0.123055
0.139885
0.149136
0.157282
0.167331
0.176209
0.182473
0.000000
0.119799
0.137260
0.146901
0.154260
0.162826
0.172016
0.178892
0.183980
0.098259
0.121462
0.136669
0.145501
0.151908
0.158531
0.166322
0.173468
0.178846
0.182973
0.000000
0.106201
0.122096
0.133433
0.140855
0.145935
0.149898
0.153480
0.157031
0.160638
0.164153
0.167287
0.169855
0.171817
0.173220
0.174166
0.174642
0.174707
0.174351
0.173526
0.172191
0.170240
0.167588
0.120103
0.138588
0.148497
0.156786
0.167033
0.176205
0.182623
0.000000
0.121886
0.138838
0.148188
0.155878
0.165258
0.174330
0.180842
0.185472
0.110064
0.130493
0.142454
0.149903
0.156825
0.165138
0.173176
0.179165
0.183685
0.000000
0.114926
0.130555
0.140464
0.146801
0.151852
0.156903
0.162529
0.168276
0.173131
0.176913
0.179904
0.182269
0.184135
0.185471
0.000000
0.000000
0.103162
0.106844
0.108909
0.109447
0.108452
0.105833
0.101384
0.000000
0.000000
0.147091
0.155474
0.165706
0.175420
0.182225
0.000000
0.121428
0.138955
0.148504
0.156516
0.166374
0.175447
0.181897
0.000000
0.116731
0.135317
0.145621
0.152916
0.160933
0.170100
0.177359
0.182669
0.000000
0.114070
0.131473
0.142014
0.148709
0.154540
0.161082
0.168273
0.174379
0.178997
0.182605
0.185293
0.000000
0.112377
0.123575
0.131804
0.137532
0.141511
0.144372
0.146487
0.148064
0.149164
0.149842
0.150085
0.149885
0.149229
0.148112
0.146456
0.144163
0.163404
0.173856
0.181229
0.000000
0.118557
0.137757
0.147962
0.156157
0.166265
0.175611
0.182190
0.000000
0.119705
0.137547
0.147283
0.154862
0.163848
0.173086
0.179866
0.184717
0.104393
0.126293
0.139827
0.147773
0.154261
0.161646
0.169774
0.176318
0.181187
0.184830
0.098902
0.117356
0.130669
0.139399
0.145104
0.149414
0.153219
0.156969
0.160791
0.164504
0.167774
0.170382
0.172335
0.173697
0.174527
0.174876
0.174757
0.174161
0.172991
0.171205
0.168666
0.179635
0.185277
0.113068
0.135032
0.146564
0.154936
0.165017
0.174893
0.181847
0.000000
0.119707
0.137995
0.147839
0.155729
0.165346
0.174604
0.181205
0.185841
0.113129
0.132897
0.144084
0.151403
0.158838
0.167704
0.175386
0.180989
0.185083
0.103779
0.123425
0.136517
0.144434
0.150052
0.155240
0.160963
0.167074
0.172422
0.176556
0.179768
0.182292
0.184242
0.185645
0.000000
0.099529
0.104849
0.108234
0.109849
0.109757
0.107915
0.104143
0.098137
0.000000
0.104502
0.130354
0.144266
0.152972
0.162723
0.173297
0.180848
0.000000
0.116967
0.136855
0.147397
0.155547
0.165470
0.174975
0.181702
0.000000
0.117266
0.136046
0.146280
0.153746
0.162279
0.171605
0.178645
0.183799
0.000000
0.120609
0.136070
0.145006
0.151348
0.157654
0.165028
0.172097
0.177484
0.181599
0.184695
0.000000
0.110514
0.122760
0.131653
0.137743
0.141891
0.144804
0.146950
0.148515
0.149567
0.150136
0.150209
0.149774
0.148814
0.147293
0.145104
0.140727
0.150386
0.159591
0.170689
0.179190
0.184997
0.111333
0.134072
0.146038
0.154398
0.164326
0.174362
0.181435
0.000000
0.117873
0.136885
0.147112
0.154925
0.164230
0.173651
0.180438
0.185236
0.108773
0.129791
0.142113
0.149639
0.156500
0.164680
0.172698
0.178694
0.183184
0.000000
0.110645
0.126600
0.137236
0.143944
0.148697
0.152776
0.156755
0.160829
0.164784
0.168219
0.170893
0.172839
0.174152
0.174859
0.175042
0.174686
0.173758
0.172148
0.169729
0.155963
0.166923
0.176740
0.183478
0.102312
0.129053
0.143624
0.152444
0.162041
0.172737
0.180466
0.185748
0.115329
0.135940
0.146824
0.154934
0.164643
0.174309
0.181160
0.185934
0.114490
0.134220
0.145086
0.152525
0.160520
0.169750
0.177116
0.182480
0.000000
0.112650
0.130214
0.140971
0.147699
0.153187
0.158960
0.165400
0.171353
0.175994
0.179492
0.182237
0.184309
0.185800
0.000000
0.101320
0.106488
0.109514
0.110562
0.109661
0.106673
0.101309
0.000000
0.173266
0.181160
0.000000
0.121057
0.139836
0.149788
0.158887
0.170020
0.178740
0.184716
0.109547
0.133030
0.145472
0.153867
0.163636
0.173810
0.181016
0.185995
0.115900
0.135687
0.146336
0.154052
0.163010
0.172519
0.179520
0.184535
0.103296
0.125599
0.139399
0.147433
0.153827
0.160928
0.168808
0.175320
0.180161
0.183850
0.000000
0.107628
0.121334
0.131167
0.137785
0.142176
0.145211
0.147410
0.148966
0.149955
0.150379
0.150227
0.149477
0.148114
0.146042
0.184448
0.109226
0.133735
0.146342
0.155215
0.166032
0.176152
0.183066
0.100009
0.127685
0.142946
0.151914
0.161379
0.172178
0.180085
0.185476
0.113641
0.134926
0.146239
0.154300
0.163780
0.173563
0.180573
0.185471
0.111231
0.131964
0.143643
0.151109
0.158513
0.167344
0.175066
0.180680
0.184785
0.100814
0.120436
0.133897
0.142168
0.147635
0.152071
0.156324
0.160700
0.164960
0.168609
0.171393
0.173343
0.174571
0.175148
0.175108
0.174431
0.173018
0.170743
0.123868
0.141557
0.151244
0.161049
0.172387
0.180586
0.000000
0.119013
0.138822
0.149167
0.158164
0.169295
0.178283
0.184432
0.107707
0.131979
0.144903
0.153355
0.162946
0.173216
0.180587
0.185670
0.113748
0.134306
0.145446
0.153126
0.161640
0.171141
0.178383
0.183617
0.000000
0.119697
0.135317
0.144383
0.150588
0.156438
0.163074
0.169755
0.175053
0.179014
0.182066
0.184319
0.185925
0.000000
0.103070
0.108077
0.110652
0.110956
0.108934
0.104320
0.000000
0.146721
0.155840
0.167122
0.177130
0.183953
0.106106
0.132031
0.145486
0.154425
0.165083
0.175492
0.182640
0.000000
0.126218
0.142258
0.151389
0.160715
0.171585
0.179674
0.185204
0.111896
0.133888
0.145608
0.153657
0.162872
0.172723
0.179916
0.184947
0.107257
0.128994
0.141739
0.149374
0.156159
0.164153
0.172094
0.178044
0.182446
0.185620
0.103119
0.118939
0.130179
0.137572
0.142345
0.145579
0.147864
0.149414
0.150314
0.150541
0.150076
0.148886
0.146913
0.160711
0.172329
0.180714
0.000000
0.120917
0.140181
0.150314
0.159901
0.171397
0.179970
0.185688
0.116767
0.137729
0.148519
0.157453
0.168549
0.177799
0.184145
0.105808
0.130843
0.144334
0.152842
0.162251
0.172611
0.180143
0.185327
0.111350
0.132675
0.144412
0.152059
0.160062
0.169382
0.176873
0.182284
0.000000
0.110797
0.128340
0.139325
0.146032
0.151000
0.155591
0.160314
0.164973
0.168925
0.171874
0.173847
0.174972
0.175366
0.175010
0.173866
0.171741
0.176316
0.183490
0.104294
0.131433
0.145437
0.154630
0.165675
0.176179
0.183291
0.102556
0.130043
0.144535
0.153601
0.164072
0.174778
0.182192
0.000000
0.124636
0.141502
0.150856
0.160046
0.170977
0.179254
0.184931
0.110084
0.132741
0.144932
0.152990
0.161886
0.171764
0.179093
0.184327
0.102129
0.124887
0.138958
0.147046
0.153284
0.159907
0.167282
0.173587
0.178224
0.181680
0.184237
0.000000
0.000000
0.104775
0.109593
0.111578
0.110823
0.107134
0.099983
0.185504
0.116890
0.138444
0.149386
0.159021
0.170793
0.179741
0.185670
0.117459
0.138511
0.149283
0.158706
0.170282
0.179237
0.185244
0.114261
0.136469
0.147826
0.156720
0.167766
0.177273
0.183815
0.103844
0.129684
0.143741
0.152327
0.161564
0.171989
0.179646
0.184958
0.108594
0.130680
0.143108
0.150789
0.158186
0.166976
0.174704
0.180277
0.184349
0.000000
0.114898
0.128286
0.136948
0.142344
0.145882
0.148293
0.149861
0.150629
0.150565
0.149632
0.147783
0.126341
0.143144
0.152799
0.163529
0.174781
0.182485
0.098653
0.128218
0.143932
0.153316
0.164043
0.175033
0.182556
0.098449
0.127681
0.143440
0.152724
0.162988
0.174010
0.181678
0.000000
0.122924
0.140692
0.150313
0.159405
0.170366
0.178833
0.184658
0.108195
0.131519
0.144216
0.152260
0.160803
0.170566
0.178090
0.183431
0.000000
0.118644
0.134321
0.143392
0.149321
0.154382
0.159532
0.164714
0.169118
0.172299
0.174320
0.175343
0.175459
0.174620
0.172682
0.146587
0.156015
0.167742
0.177846
0.184556
0.111258
0.135610
0.147788
0.157212
0.168965
0.178563
0.184946
0.113299
0.136455
0.148124
0.157410
0.168977
0.178423
0.184754
0.111389
0.135006
0.147052
0.155943
0.166918
0.176727
0.183440
0.101803
0.128461
0.143113
0.151815
0.160873
0.171287
0.179094
0.184546
0.105242
0.128061
0.141334
0.149108
0.155793
0.163462
0.171091
0.176815
0.180945
0.183997
0.185993
0.000000
0.106432
0.111023
0.112134
0.109710
0.103234
0.159214
0.171247
0.180228
0.000000
0.120803
0.140571
0.150918
0.161126
0.172902
0.181256
0.000000
0.124125
0.142046
0.151858
0.162205
0.173681
0.181685
0.000000
0.124808
0.142146
0.151750
0.161792
0.173084
0.181091
0.000000
0.121032
0.139825
0.149750
0.158756
0.169738
0.178413
0.184383
0.106211
0.130168
0.143370
0.151434
0.159522
0.168984
0.176631
0.182069
0.185821
0.107740
0.124665
0.135562
0.142036
0.146060
0.148698
0.150298
0.150860
0.150323
0.148624
0.174038
0.182126
0.000000
0.127960
0.144077
0.153684
0.164874
0.175924
0.183336
0.104164
0.131805
0.145859
0.155253
0.166748
0.177123
0.184110
0.108151
0.133801
0.146729
0.155974
0.167439
0.177444
0.184197
0.108005
0.133252
0.146196
0.155143
0.166005
0.176149
0.183051
0.099669
0.127184
0.142485
0.151307
0.160162
0.170536
0.178472
0.184053
0.100776
0.124172
0.138482
0.146523
0.152384
0.158046
0.163949
0.169073
0.172657
0.174780
0.175654
0.175296
0.173603
0.183606
0.106114
0.133156
0.146681
0.156243
0.168154
0.178222
0.184855
0.113572
0.137051
0.148747
0.158487
0.170515
0.179727
0.185780
0.118789
0.139546
0.150189
0.160122
0.171981
0.180583
0.000000
0.121195
0.140486
0.150643
0.160458
0.172027
0.180428
0.000000
0.118878
0.138809
0.149156
0.158090
0.169080
0.177993
0.184105
0.104090
0.128594
0.142353
0.150402
0.157860
0.166587
0.174210
0.179535
0.183318
0.185817
0.098696
0.108028
0.112312
0.111905
0.106366
0.112939
0.136894
0.148759
0.158634
0.170799
0.180024
0.000000
0.120674
0.140675
0.151113
0.161545
0.173409
0.181709
0.000000
0.126487
0.143353
0.153079
0.164046
0.175284
0.182893
0.101503
0.130175
0.144984
0.154371
0.165553
0.176231
0.183422
0.103801
0.131026
0.145142
0.154233
0.164969
0.175469
0.182637
0.000000
0.125858
0.141841
0.150792
0.159440
0.169661
0.177673
0.183232
0.000000
0.117167
0.132349
0.140984
0.145989
0.149061
0.150724
0.150897
0.149455
0.139600
0.150457
0.160798
0.172864
0.181406
0.000000
0.125993
0.143251
0.153118
0.164272
0.175591
0.183197
0.103865
0.131927
0.146072
0.155614
0.167399
0.177719
0.184547
0.111623
0.136040
0.148149
0.157753
0.169729
0.179164
0.185396
0.116412
0.138263
0.149290
0.158905
0.170653
0.179603
0.185538
0.116296
0.137634
0.148511
0.157432
0.168413
0.177531
0.183777
0.101716
0.126615
0.140872
0.148840
0.155301
0.162098
0.168480
0.172877
0.175240
0.175809
0.174478
0.151849
0.162673
0.174448
0.182483
0.100013
0.129878
0.145141
0.154825
0.166540
0.177218
0.184312
0.110505
0.135666
0.148083
0.157842
0.170027
0.179502
0.185713
0.118872
0.139836
0.150539
0.160805
0.172776
0.181275
0.000000
0.124944
0.142603
0.152448
0.163172
0.174579
0.182387
0.098212
0.127994
0.143802
0.153168
0.163734
0.174662
0.182174
0.000000
0.124439
0.141142
0.150261
0.158632
0.168475
0.176388
0.181741
0.185227
0.098196
0.109503
0.113241
0.109371
0.164209
0.175635
0.183289
0.104757
0.132641
0.146546
0.156237
0.168311
0.178437
0.185069
0.115359
0.138232
0.149605
0.159738
0.171961
0.180807
0.000000
0.123997
0.142349
0.152409
0.163363
0.174926
0.182767
0.101460
0.130570
0.145408
0.154995
0.166636
0.177195
0.184239
0.109590
0.134898
0.147493
0.156982
0.168786
0.178478
0.184895
0.112872
0.136089
0.147746
0.156712
0.167711
0.177069
0.183403
0.098708
0.123415
0.137805
0.145165
0.149295
0.151111
0.150282
0.176490
0.183903
0.108193
0.134565
0.147564
0.157369
0.169611
0.179307
0.185642
0.118794
0.139973
0.150746
0.161243
0.173308
0.181754
0.000000
0.127470
0.144050
0.153836
0.165321
0.176408
0.183817
0.107576
0.134154
0.147285
0.157002
0.169121
0.178931
0.185360
0.116909
0.138886
0.149952
0.160059
0.172143
0.180841
0.000000
0.123283
0.141767
0.151728
0.162078
0.173561
0.181541
0.000000
0.122886
0.140442
0.149674
0.157505
0.166058
0.172601
0.175700
0.175319
0.184267
0.110511
0.135837
0.148266
0.158174
0.170490
0.179917
0.000000
0.121074
0.141064
0.151538
0.162312
0.174222
0.182365
0.099505
0.129701
0.145118
0.154865
0.166667
0.177362
0.184430
0.111497
0.136311
0.148511
0.158445
0.170727
0.180054
0.000000
0.121388
0.141162
0.151566
0.162288
0.174151
0.182278
0.098703
0.129036
0.144701
0.154358
0.165865
0.176670
0.183908
0.107381
0.133548
0.146631
0.155799
0.166910
0.176607
0.182943
0.000000
0.110552
0.112258
0.111876
0.136546
0.148676
0.158684
0.171002
0.180255
0.000000
0.122392
0.141713
0.152009
0.162964
0.174728
0.182710
0.101596
0.130934
0.145748
0.155475
0.167451
0.177920
0.184767
0.113687
0.137468
0.149204
0.159321
0.171624
0.180644
0.000000
0.123789
0.142353
0.152495
0.163590
0.175191
0.183009
0.103259
0.131858
0.146178
0.155868
0.167906
0.178186
0.184913
0.114427
0.137754
0.149296
0.159316
0.171463
0.180403
0.000000
0.120807
0.139713
0.148518
0.151103
0.136807
0.148830
0.158874
0.171193
0.180378
0.000000
0.122863
0.141951
0.152186
0.163202
0.174912
0.182836
0.102338
0.131371
0.145974
0.155692
0.167730
0.178107
0.184886
0.114437
0.137872
0.149446
0.159625
0.171933
0.180846
0.000000
0.124569
0.142727
0.152810
0.164025
0.175536
0.183250
0.104696
0.132698
0.146622
0.156374
0.168528
0.178623
0.185217
0.116430
0.138843
0.150061
0.160397
0.172622
0.181314
0.000000
0.126213
0.143497
0.153435
0.164858
0.176145
0.168305
0.175147
0.180328
0.184309
0.000000
0.116458
0.131246
0.140783
0.147058
0.152220
0.157590
0.163812
0.170126
0.175320
0.179420
0.182731
0.185287
0.000000
0.112352
0.124179
0.133082
0.139407
0.143976
0.147522
0.150609
0.153515
0.156429
0.159430
0.162469
0.165406
0.168071
0.170356
0.172265
0.173825
0.175059
0.176061
0.176783
0.177309
0.177634
0.177758
0.177676
0.177388
0.176890
0.176182
0.175187
0.173932
0.172304
0.170285
0.167817
0.164907
0.180381
0.184535
0.099265
0.120004
0.134432
0.143299
0.149411
0.155024
0.161459
0.168560
0.174642
0.179340
0.183063
0.185878
0.104137
0.119860
0.131578
0.139574
0.145048
0.149344
0.153284
0.157386
0.161885
0.166558
0.170812
0.174370
0.177267
0.179687
0.181716
0.183399
0.184737
0.185852
0.000000
0.099233
0.104980
0.109607
0.113244
0.116015
0.117989
0.119223
0.119776
0.119638
0.118803
0.117237
0.114868
0.111606
0.107313
0.101834
0.000000
0.000000
0.185001
0.119176
0.134579
0.143842
0.150210
0.156301
0.163529
0.171003
0.176944
0.181516
0.184979
0.099805
0.118233
0.131703
0.140539
0.146462
0.151247
0.155987
0.161360
0.167135
0.172340
0.176521
0.179909
0.182668
0.184860
0.000000
0.104164
0.115000
0.123739
0.130592
0.135798
0.139681
0.142638
0.144980
0.146892
0.148489
0.149824
0.150936
0.151830
0.152518
0.152982
0.153216
0.153216
0.152979
0.152503
0.151791
0.150853
0.149673
0.148240
0.146492
0.144352
0.141640
0.149594
0.155992
0.163642
0.171544
0.177704
0.182386
0.185843
0.107491
0.125221
0.137228
0.144733
0.150274
0.155568
0.161635
0.168238
0.173974
0.178436
0.182038
0.184811
0.000000
0.110239
0.122824
0.132329
0.139023
0.143803
0.147484
0.150665
0.153659
0.156677
0.159777
0.162924
0.165928
0.168609
0.170888
0.172768
0.174298
0.175500
0.176436
0.177118
0.177591
0.177850
0.177893
0.177717
0.177320
0.176699
0.175838
0.174657
0.173150
0.171246
0.168877
0.166029
0.170378
0.177128
0.182203
0.185893
0.109166
0.127428
0.139241
0.146557
0.152324
0.158405
0.165555
0.172375
0.177696
0.181858
0.185015
0.098459
0.115868
0.128969
0.138046
0.144098
0.148645
0.152713
0.156890
0.161481
0.166294
0.170704
0.174380
0.177360
0.179840
0.181910
0.183612
0.184935
0.000000
0.000000
0.101034
0.106668
0.111150
0.114626
0.117204
0.118970
0.119990
0.120270
0.119833
0.118639
0.116643
0.113755
0.109846
0.104750
0.098274
0.000000
0.185448
0.185178
0.105577
0.125803
0.138819
0.146662
0.152814
0.159473
0.167265
0.174232
0.179498
0.183597
0.000000
0.111476
0.127213
0.137900
0.144726
0.149859
0.154661
0.159962
0.165888
0.171420
0.175917
0.179479
0.182409
0.184718
0.000000
0.104006
0.115182
0.124138
0.131093
0.136320
0.140200
0.143131
0.145464
0.147361
0.148943
0.150269
0.151357
0.152220
0.152859
0.153255
0.153403
0.153301
0.152945
0.152332
0.151474
0.150369
0.148997
0.147329
0.145284
0.142715
0.135987
0.145185
0.151804
0.158691
0.166904
0.174343
0.179917
0.184164
0.000000
0.117205
0.132307
0.141791
0.148060
0.153421
0.159273
0.165992
0.172283
0.177228
0.181134
0.184252
0.000000
0.107600
0.121108
0.131319
0.138505
0.143539
0.147381
0.150671
0.153762
0.156890
0.160101
0.163359
0.166430
0.169140
0.171418
0.173271
0.174754
0.175939
0.176804
0.177442
0.177854
0.178034
0.177989
0.177705
0.177184
0.176422
0.175360
0.173986
0.172187
0.169928
0.167135
0.156300
0.164592
0.172852
0.179066
0.183768
0.000000
0.117579
0.133386
0.142978
0.149416
0.155303
0.162123
0.169529
0.175650
0.180332
0.184030
0.000000
0.110907
0.125657
0.136062
0.142868
0.147799
0.152016
0.156269
0.160955
0.165920
0.170513
0.174331
0.177410
0.179963
0.182074
0.183813
0.185127
0.000000
0.000000
0.102796
0.108320
0.112656
0.115967
0.118345
0.119892
0.120643
0.120634
0.119856
0.118250
0.115747
0.112227
0.107531
0.101454
0.000000
0.185895
0.176935
0.182356
0.000000
0.113044
0.131176
0.142155
0.149145
0.155439
0.162842
0.170712
0.176967
0.181733
0.185271
0.102915
0.121330
0.134331
0.142557
0.148243
0.153168
0.158415
0.164397
0.170289
0.175122
0.178948
0.182079
0.184527
0.000000
0.103594
0.115192
0.124414
0.131523
0.136784
0.140665
0.143613
0.145943
0.147830
0.149398
0.150710
0.151773
0.152604
0.153183
0.153499
0.153550
0.153330
0.152837
0.152068
0.151043
0.149743
0.148153
0.146199
0.143754
0.102908
0.125091
0.139099
0.147327
0.153923
0.161458
0.169905
0.176718
0.181838
0.185571
0.106656
0.125342
0.137768
0.145383
0.151093
0.156763
0.163375
0.170196
0.175757
0.180073
0.183492
0.000000
0.104300
0.118925
0.130018
0.137809
0.143164
0.147201
0.150618
0.153816
0.157062
0.160404
0.163769
0.166917
0.169665
0.171947
0.173774
0.175211
0.176341
0.177165
0.177751
0.178085
0.178173
0.178032
0.177627
0.176963
0.176039
0.174739
0.173065
0.170919
0.168231
0.143796
0.151043
0.158298
0.167080
0.174946
0.180735
0.184996
0.104130
0.124615
0.138022
0.146037
0.152109
0.158486
0.166013
0.173047
0.178447
0.182626
0.185746
0.104691
0.121403
0.133452
0.141334
0.146750
0.151190
0.155531
0.160281
0.165408
0.170221
0.174213
0.177409
0.180045
0.182207
0.184000
0.185312
0.000000
0.000000
0.104520
0.109936
0.114127
0.117244
0.119417
0.120716
0.121190
0.120849
0.119668
0.117571
0.114455
0.110170
0.104498
0.000000
0.000000
0.162276
0.171375
0.178363
0.183509
0.000000
0.119282
0.135413
0.144805
0.151428
0.158157
0.166226
0.173715
0.179334
0.183657
0.000000
0.113643
0.129431
0.139714
0.146295
0.151483
0.156694
0.162654
0.168874
0.174164
0.178297
0.181620
0.184277
0.000000
0.102877
0.114993
0.124555
0.131868
0.137202
0.141105
0.144074
0.146386
0.148283
0.149852
0.151150
0.152190
0.152977
0.153485
0.153710
0.153647
0.153291
0.152639
0.151695
0.150472
0.148940
0.147058
0.144718
0.180684
0.185274
0.108274
0.129062
0.141549
0.149173
0.155986
0.164189
0.172485
0.178752
0.183475
0.000000
0.115694
0.131930
0.141948
0.148458
0.154111
0.160449
0.167597
0.173896
0.178715
0.182523
0.185397
0.100146
0.116149
0.128286
0.136843
0.142657
0.146927
0.150491
0.153811
0.157181
0.160664
0.164151
0.167386
0.170170
0.172436
0.174252
0.175666
0.176734
0.177517
0.178039
0.178277
0.178272
0.178020
0.177469
0.176637
0.175477
0.173936
0.171903
0.169293
0.116895
0.135043
0.145261
0.152444
0.160180
0.169247
0.176692
0.182171
0.000000
0.111944
0.130342
0.141573
0.148641
0.154806
0.161911
0.169704
0.176076
0.180873
0.184562
0.000000
0.115941
0.130006
0.139327
0.145453
0.150189
0.154642
0.159459
0.164735
0.169794
0.174010
0.177346
0.180084
0.182313
0.184134
0.185487
0.000000
0.099430
0.106206
0.111508
0.115547
0.118479
0.120422
0.121451
0.121606
0.120875
0.119215
0.116526
0.112656
0.107405
0.100500
0.000000
0.147672
0.155009
0.163750
0.172796
0.179512
0.184419
0.101875
0.124382
0.138677
0.147022
0.153597
0.160985
0.169360
0.176257
0.181388
0.185194
0.103543
0.122655
0.135761
0.143847
0.149544
0.154788
0.160648
0.167128
0.172912
0.177448
0.181033
0.183943
0.000000
0.101785
0.114537
0.124528
0.132099
0.137562
0.141514
0.144485
0.146819
0.148727
0.150303
0.151589
0.152605
0.153335
0.153761
0.153878
0.153681
0.153165
0.152326
0.151181
0.149720
0.147916
0.145660
0.166357
0.175094
0.181383
0.185844
0.112463
0.132118
0.143440
0.150777
0.157978
0.166721
0.174655
0.180494
0.184801
0.102507
0.123245
0.137003
0.145243
0.151281
0.157328
0.164438
0.171492
0.177024
0.181300
0.184596
0.000000
0.112573
0.126025
0.135576
0.141986
0.146537
0.150276
0.153732
0.157237
0.160872
0.164498
0.167833
0.170645
0.172918
0.174711
0.176110
0.177122
0.177858
0.178284
0.178436
0.178321
0.177931
0.177207
0.176179
0.174728
0.172817
0.170334
0.182544
0.000000
0.119146
0.136636
0.146380
0.153618
0.161856
0.171026
0.178135
0.183332
0.000000
0.118419
0.134816
0.144400
0.151015
0.157584
0.165432
0.172934
0.178631
0.182984
0.000000
0.108830
0.125322
0.136619
0.143806
0.148963
0.153571
0.158447
0.163864
0.169194
0.173672
0.177205
0.180072
0.182385
0.184249
0.185650
0.000000
0.101110
0.107852
0.113046
0.116925
0.119655
0.121342
0.122074
0.121856
0.120663
0.118426
0.114993
0.110176
0.103684
0.000000
0.122952
0.139143
0.148210
0.155725
0.164853
0.173868
0.180403
0.185097
0.107194
0.128400
0.141180
0.148906
0.155687
0.163774
0.172094
0.178406
0.183145
0.000000
0.113372
0.130027
0.140537
0.147217
0.152664
0.158386
0.164980
0.171328
0.176373
0.180301
0.183428
0.185776
0.100199
0.113755
0.124293
0.132198
0.137848
0.141884
0.144877
0.147244
0.149168
0.150752
0.152026
0.153012
0.153673
0.154002
0.153991
0.153635
0.152929
0.151871
0.150486
0.148736
0.146556
0.149188
0.157071
0.166766
0.175558
0.181847
0.000000
0.115494
0.134309
0.144875
0.152136
0.159829
0.168906
0.176448
0.181983
0.185931
0.110741
0.129386
0.140894
0.148054
0.154050
0.160810
0.168392
0.174844
0.179745
0.183548
0.000000
0.107945
0.123010
0.133856
0.141015
0.146004
0.149947
0.153562
0.157213
0.161013
0.164798
0.168241
0.171106
0.173396
0.175170
0.176522
0.177504
0.178167
0.178503
0.178551
0.178307
0.177741
0.176813
0.175505
0.173720
0.171332
0.167635
0.176396
0.182598
0.000000
0.120324
0.137582
0.147119
0.154517
0.163211
0.172404
0.179249
0.184265
0.100816
0.123658
0.138251
0.146708
0.153250
0.160466
0.168742
0.175690
0.180848
0.184731
0.099460
0.118985
0.132830
0.141603
0.147445
0.152291
0.157232
0.162758
0.168393
0.173189
0.176966
0.179997
0.182416
0.184341
0.185798
0.000000
0.102735
0.109453
0.114550
0.118266
0.120762
0.122172
0.122539
0.121888
0.120140
0.117171
0.112797
0.106733
0.098607
0.182815
0.000000
0.122502
0.139141
0.148368
0.156069
0.165502
0.174529
0.181014
0.185617
0.111201
0.131399
0.143076
0.150509
0.157677
0.166360
0.174356
0.180238
0.184587
0.100627
0.121587
0.135747
0.144258
0.150237
0.155885
0.162396
0.169269
0.174959
0.179329
0.182774
0.185369
0.000000
0.112540
0.123783
0.132140
0.138036
0.142184
0.145246
0.147659
0.149608
0.151202
0.152471
0.153409
0.153987
0.154208
0.154034
0.153484
0.152547
0.151237
0.149548
0.147427
0.122477
0.139445
0.148776
0.156785
0.166649
0.175636
0.182028
0.000000
0.117325
0.135723
0.145907
0.153227
0.161422
0.170666
0.177896
0.183154
0.000000
0.117517
0.134186
0.143952
0.150546
0.156920
0.164465
0.171957
0.177707
0.182109
0.185353
0.101844
0.118994
0.131466
0.139732
0.145232
0.149472
0.153273
0.157086
0.161068
0.165036
0.168606
0.171550
0.173869
0.175628
0.176934
0.177880
0.178446
0.178688
0.178610
0.178207
0.177420
0.176245
0.174566
0.172304
0.148432
0.156620
0.166732
0.175916
0.182364
0.000000
0.120295
0.137860
0.147467
0.155055
0.164118
0.173347
0.180096
0.184909
0.106064
0.127712
0.140810
0.148640
0.155382
0.163340
0.171638
0.178013
0.182754
0.000000
0.110341
0.127375
0.138533
0.145494
0.150740
0.155760
0.161365
0.167311
0.172520
0.176601
0.179824
0.182392
0.184402
0.185926
0.000000
0.104299
0.111016
0.116024
0.119553
0.121803
0.122872
0.122825
0.121631
0.119174
0.115275
0.109655
0.101920
0.165821
0.175422
0.182171
0.000000
0.120704
0.138442
0.148091
0.155956
0.165601
0.174783
0.181340
0.185944
0.113868
0.133450
0.144459
0.151816
0.159481
0.168565
0.176204
0.181769
0.185759
0.109408
0.128268
0.140088
0.147301
0.153139
0.159415
0.166597
0.173089
0.178076
0.181934
0.184840
0.000000
0.110750
0.122900
0.131868
0.138099
0.142412
0.145583
0.148058
0.150043
0.151651
0.152912
0.153790
0.154282
0.154350
0.153976
0.153191
0.151972
0.150353
0.148284
0.181416
0.000000
0.118786
0.137738
0.147860
0.155951
0.165904
0.175250
0.181878
0.000000
0.117839
0.136349
0.146472
0.153955
0.162608
0.171974
0.178971
0.184108
0.099745
0.122915
0.137798
0.146379
0.152872
0.159880
0.168005
0.174957
0.180159
0.184123
0.000000
0.113548
0.128131
0.137916
0.144207
0.148809
0.152830
0.156825
0.161011
0.165193
0.168925
0.171972
0.174305
0.176078
0.177343
0.178222
0.178700
0.178826
0.178593
0.177992
0.176923
0.175383
0.173225
0.114462
0.135664
0.146819
0.155101
0.165104
0.174867
0.181760
0.000000
0.118807
0.137330
0.147342
0.155130
0.164469
0.173848
0.180585
0.185359
0.109784
0.130619
0.142698
0.150238
0.157376
0.165994
0.174044
0.179955
0.184342
0.098321
0.119433
0.133996
0.142843
0.148807
0.154004
0.159635
0.165866
0.171576
0.176072
0.179533
0.182295
0.184422
0.000000
0.000000
0.105791
0.112540
0.117449
0.120785
0.122742
0.123428
0.122863
0.120978
0.117600
0.112441
0.105097
0.144949
0.153493
0.163289
0.173665
0.181030
0.000000
0.117134
0.136784
0.147256
0.155303
0.165033
0.174554
0.181316
0.000000
0.115061
0.134571
0.145326
0.152790
0.160952
0.170290
0.177639
0.182976
0.000000
0.116563
0.133453
0.143390
0.149980
0.156087
0.163215
0.170541
0.176351
0.180736
0.184150
0.000000
0.108159
0.121518
0.131291
0.138013
0.142560
0.145878
0.148423
0.150470
0.152103
0.153348
0.154160
0.154528
0.154403
0.153786
0.152703
0.151148
0.149114
0.160597
0.171539
0.179705
0.185278
0.112789
0.134704
0.146285
0.154546
0.164380
0.174304
0.181317
0.000000
0.116762
0.136108
0.146540
0.154241
0.163247
0.172738
0.179720
0.184701
0.104836
0.126982
0.140440
0.148371
0.155065
0.162867
0.171105
0.177491
0.182260
0.185712
0.105998
0.123334
0.135246
0.142727
0.147893
0.152182
0.156381
0.160801
0.165238
0.169178
0.172335
0.174721
0.176493
0.177751
0.178541
0.178921
0.178899
0.178467
0.177578
0.176176
0.174134
0.177666
0.184074
0.105439
0.130743
0.144372
0.152982
0.162618
0.173106
0.180642
0.185817
0.115416
0.135794
0.146636
0.154632
0.164123
0.173799
0.180714
0.185566
0.111875
0.132424
0.143994
0.151477
0.159122
0.168222
0.175955
0.181548
0.185573
0.107846
0.126840
0.138948
0.146293
0.151888
0.157532
0.163939
0.170239
0.175252
0.179080
0.182100
0.184386
0.000000
0.000000
0.107194
0.114027
0.118842
0.121970
0.123576
0.123781
0.122551
0.119753
0.115091
0.108159
0.000000
0.124271
0.141301
0.150723
0.159916
0.170915
0.179278
0.185007
0.111074
0.133721
0.145728
0.153987
0.163651
0.173703
0.180860
0.185827
0.114530
0.134684
0.145647
0.153306
0.161901
0.171447
0.178668
0.183928
0.098643
0.122171
0.137305
0.146023
0.152435
0.159193
0.167014
0.173964
0.179112
0.183057
0.185936
0.104388
0.119395
0.130308
0.137691
0.142597
0.146104
0.148765
0.150891
0.152563
0.153777
0.154510
0.154704
0.154328
0.153403
0.151934
0.149945
0.136487
0.147774
0.156610
0.167594
0.177141
0.183722
0.103412
0.129543
0.143771
0.152471
0.161949
0.172546
0.180252
0.185534
0.113622
0.134699
0.145994
0.153934
0.163166
0.172930
0.180057
0.185049
0.108101
0.129735
0.142297
0.149962
0.157076
0.165616
0.173681
0.179601
0.184041
0.000000
0.116342
0.131219
0.140580
0.146582
0.151269
0.155706
0.160376
0.165127
0.169338
0.172654
0.175124
0.176908
0.178141
0.178842
0.179092
0.178876
0.178183
0.176905
0.174975
0.152954
0.163167
0.174062
0.181664
0.000000
0.122592
0.140495
0.150172
0.159260
0.170286
0.178850
0.184735
0.109316
0.132672
0.145146
0.153451
0.162914
0.173056
0.180386
0.185463
0.112057
0.133046
0.144615
0.152271
0.160418
0.169876
0.177375
0.182798
0.000000
0.115528
0.132589
0.142693
0.149225
0.154996
0.161431
0.168318
0.174086
0.178402
0.181735
0.184269
0.000000
0.098844
0.108495
0.115456
0.120205
0.123061
0.124253
0.123832
0.121703
0.117606
0.111087
0.169669
0.178774
0.184918
0.112076
0.135202
0.147073
0.155889
0.166781
0.176602
0.183343
0.101306
0.128281
0.143130
0.151960
0.161302
0.171985
0.179847
0.185248
0.111739
0.133530
0.145269
0.153226
0.162136
0.171974
0.179253
0.184460
0.103470
0.126222
0.140068
0.148101
0.154728
0.162322
0.170440
0.176790
0.181503
0.184960
0.098819
0.116150
0.128659
0.137038
0.142471
0.146240
0.149069
0.151302
0.153024
0.154206
0.154815
0.154773
0.154059
0.152727
0.150767
0.182365
0.000000
0.126573
0.142810
0.152151
0.162158
0.173271
0.181143
0.000000
0.120795
0.139630
0.149606
0.158594
0.169630
0.178420
0.184464
0.107514
0.131591
0.144561
0.152908
0.162159
0.172385
0.179874
0.185073
0.109234
0.131083
0.143384
0.151095
0.158741
0.167870
0.175685
0.181314
0.185358
0.105828
0.124820
0.137211
0.144669
0.149966
0.154715
0.159659
0.164785
0.169361
0.172911
0.175508
0.177321
0.178505
0.179113
0.179187
0.178706
0.177622
0.175815
0.113291
0.136287
0.147931
0.157093
0.168514
0.178054
0.184477
0.109361
0.133773
0.146336
0.155177
0.165936
0.176048
0.182956
0.099110
0.126945
0.142486
0.151460
0.160656
0.171377
0.179414
0.184957
0.109745
0.132242
0.144498
0.152457
0.161029
0.170803
0.178317
0.183705
0.000000
0.121402
0.136788
0.145583
0.151885
0.158246
0.165548
0.172282
0.177333
0.181125
0.184033
0.000000
0.099392
0.109652
0.116838
0.121521
0.124076
0.124693
0.123403
0.119971
0.113907
0.142482
0.152098
0.162382
0.173711
0.181627
0.000000
0.124076
0.141655
0.151306
0.161113
0.172423
0.180594
0.000000
0.118853
0.138675
0.149023
0.157921
0.168947
0.177986
0.184192
0.105666
0.130454
0.143968
0.152356
0.161401
0.171652
0.179282
0.184643
0.105925
0.128629
0.141835
0.149674
0.156775
0.165222
0.173259
0.179148
0.183522
0.000000
0.111054
0.125941
0.135873
0.142097
0.146251
0.149317
0.151698
0.153484
0.154629
0.155045
0.154669
0.153502
0.151588
0.156085
0.167619
0.177615
0.184333
0.109207
0.134157
0.146795
0.155920
0.167225
0.177199
0.184000
0.106325
0.132126
0.145515
0.154425
0.165037
0.175417
0.182557
0.000000
0.125549
0.141818
0.150959
0.160009
0.170768
0.178976
0.184661
0.107609
0.130783
0.143622
0.151607
0.159774
0.169381
0.177097
0.182619
0.000000
0.114325
0.131434
0.141662
0.148054
0.153248
0.158509
0.164083
0.169166
0.173068
0.175860
0.177733
0.178861
0.179337
0.179155
0.178289
0.176596
0.172043
0.180623
0.000000
0.121438
0.140649
0.150808
0.160760
0.172386
0.180760
0.000000
0.121136
0.140288
0.150388
0.159984
0.171466
0.180004
0.185697
0.116723
0.137638
0.148417
0.157270
0.168252
0.177506
0.183898
0.103772
0.129266
0.143310
0.151793
0.160612
0.170828
0.178626
0.184152
0.101817
0.125367
0.139658
0.147816
0.154347
0.161629
0.169434
0.175636
0.180152
0.183507
0.185847
0.099389
0.110588
0.118166
0.122795
0.124931
0.124759
0.122152
0.116596
0.182988
0.101930
0.130359
0.145055
0.154428
0.165627
0.176294
0.183488
0.104352
0.131505
0.145490
0.154693
0.165767
0.176248
0.183342
0.102844
0.130194
0.144596
0.153635
0.164079
0.174747
0.182140
0.000000
0.124074
0.141088
0.150457
0.159397
0.170157
0.178532
0.184354
0.105273
0.129107
0.142572
0.150621
0.158313
0.167501
0.175412
0.181051
0.185077
0.102697
0.121247
0.133689
0.141234
0.146050
0.149468
0.152070
0.153945
0.155021
0.155142
0.154258
0.152420
0.112861
0.136569
0.148399
0.157980
0.169925
0.179260
0.185441
0.116608
0.138345
0.149348
0.159002
0.170800
0.179762
0.185693
0.117637
0.138616
0.149358
0.158799
0.170371
0.179292
0.185270
0.114343
0.136454
0.147770
0.156593
0.167521
0.177020
0.183556
0.101832
0.128041
0.142640
0.151215
0.159776
0.169901
0.177847
0.183444
0.000000
0.120624
0.136212
0.144999
0.151054
0.156702
0.162790
0.168597
0.173052
0.176141
0.178128
0.179203
0.179472
0.178888
0.177361
0.140869
0.151182
0.161544
0.173328
0.181598
0.000000
0.125716
0.142885
0.152621
0.163337
0.174666
0.182429
0.098424
0.128146
0.143925
0.153333
0.164092
0.175086
0.182600
0.098748
0.127877
0.143532
0.152788
0.163046
0.174024
0.181657
0.000000
0.122485
0.140345
0.149952
0.158785
0.169513
0.178078
0.184030
0.102628
0.127061
0.141222
0.149362
0.156474
0.164790
0.172696
0.178427
0.182564
0.185427
0.098393
0.111148
0.119398
0.124035
0.125560
0.124102
0.119173
0.153663
0.164905
0.175994
0.183416
0.104813
0.132296
0.146174
0.155632
0.167314
0.177584
0.184422
0.110518
0.135270
0.147636
0.157085
0.168863
0.178522
0.184935
0.113319
0.136505
0.148172
0.157482
0.169071
0.178488
0.184793
0.111596
0.135074
0.147051
0.155885
0.166751
0.176525
0.183211
0.099846
0.126734
0.141943
0.150596
0.158871
0.168730
0.176781
0.182440
0.000000
0.112659
0.129402
0.139480
0.145412
0.149432
0.152397
0.154427
0.155348
0.154970
0.153262
0.167849
0.178056
0.184768
0.113164
0.136915
0.148714
0.158506
0.170596
0.179830
0.185879
0.119547
0.140038
0.150580
0.160738
0.172611
0.181088
0.000000
0.123724
0.141901
0.151786
0.162152
0.173672
0.181699
0.000000
0.124971
0.142236
0.151826
0.161885
0.173146
0.181110
0.000000
0.120764
0.139536
0.149438
0.158173
0.168852
0.177565
0.183593
0.099417
0.124316
0.139230
0.147510
0.153835
0.160443
0.167280
0.172688
0.176304
0.178493
0.179517
0.179416
0.178113
0.179673
0.185830
0.119583
0.140206
0.150813
0.161200
0.173154
0.181565
0.000000
0.126234
0.143291
0.153085
0.164134
0.175414
0.183027
0.102575
0.130980
0.145494
0.154958
0.166438
0.176950
0.184031
0.107776
0.133667
0.146700
0.155980
0.167484
0.177496
0.184235
0.108279
0.133399
0.146247
0.155153
0.165931
0.176012
0.182863
0.000000
0.125375
0.141128
0.149892
0.157766
0.167109
0.175129
0.180690
0.184559
0.000000
0.110915
0.120485
0.125189
0.125661
0.121639
0.000000
0.124466
0.142567
0.152587
0.163600
0.175112
0.182897
0.102262
0.131066
0.145682
0.155282
0.167039
0.177511
0.184451
0.111186
0.135913
0.148142
0.157823
0.169904
0.179348
0.185564
0.117716
0.139084
0.149945
0.159878
0.171806
0.180508
0.000000
0.121157
0.140517
0.150693
0.160547
0.172112
0.180480
0.000000
0.118830
0.138645
0.148916
0.157590
0.168178
0.177000
0.183061
0.000000
0.119830
0.135356
0.143825
0.148969
0.152599
0.154912
0.155512
0.154109
0.128123
0.144329
0.154077
0.165622
0.176603
0.183953
0.108274
0.134506
0.147473
0.157202
0.169344
0.179078
0.185457
0.117510
0.139206
0.150177
0.160391
0.172474
0.181108
0.000000
0.124687
0.142573
0.152506
0.163370
0.174832
0.182634
0.100220
0.129552
0.144752
0.154215
0.165429
0.176193
0.183425
0.103962
0.131176
0.145229
0.154302
0.165001
0.175411
0.182507
0.000000
0.123930
0.140204
0.148965
0.156174
0.164190
0.171427
0.176190
0.178839
0.179748
0.178808
0.145630
0.155328
0.167222
0.177729
0.184635
0.112730
0.136906
0.148837
0.158820
0.171074
0.180259
0.000000
0.122077
0.141469
0.151770
0.162547
0.174336
0.182396
0.099406
0.129461
0.144914
0.154580
0.166189
0.176940
0.184126
0.109115
0.134809
0.147548
0.157173
0.169170
0.178860
0.185240
0.115714
0.138032
0.149208
0.158878
0.170686
0.179656
0.185579
0.116483
0.137627
0.148377
0.157017
0.167448
0.176306
0.182257
0.000000
0.108352
0.121172
0.126230
0.123989
0.156300
0.168418
0.178532
0.185146
0.115935
0.138560
0.149853
0.160092
0.172327
0.181089
0.000000
0.125249
0.142999
0.152993
0.164215
0.175636
0.183287
0.104722
0.132608
0.146521
0.156199
0.168255
0.178390
0.185030
0.115066
0.138059
0.149470
0.159539
0.171724
0.180628
0.000000
0.123052
0.141832
0.151929
0.162606
0.174243
0.182225
0.000000
0.127819
0.143806
0.153224
0.163837
0.174710
0.182131
0.000000
0.122270
0.138746
0.147093
0.152346
0.155396
0.154995
0.169239
0.179079
0.185505
0.118084
0.139643
0.150559
0.161030
0.173153
0.181668
0.000000
0.127329
0.144023
0.153847
0.165385
0.176488
0.183903
0.108204
0.134576
0.147572
0.157380
0.169625
0.179318
0.185648
0.118830
0.139989
0.150754
0.161250
0.173309
0.181749
0.000000
0.127401
0.144003
0.153775
0.165209
0.176305
0.183717
0.106862
0.133642
0.146943
0.156523
0.168429
0.178345
0.184869
0.113003
0.136221
0.147764
0.156445
0.166537
0.174760
0.179089
0.179503
0.179409
0.185721
0.119331
0.140263
0.150981
0.161591
0.173647
0.182012
0.000000
0.128512
0.144576
0.154372
0.166077
0.176972
0.184213
0.110180
0.135665
0.148181
0.158077
0.170400
0.179859
0.000000
0.120905
0.140992
0.151493
0.162259
0.174188
0.182347
0.099418
0.129664
0.145107
0.154860
0.166668
0.177366
0.184435
0.111537
0.136333
0.148523
0.158454
0.170726
0.180042
0.000000
0.121175
0.140986
0.151360
0.161842
0.173550
0.181599
0.000000
0.118850
0.126209
0.185803
0.119799
0.140481
0.151138
0.161800
0.173829
0.182125
0.098135
0.128931
0.144778
0.154566
0.166324
0.177147
0.184318
0.110870
0.136048
0.148390
0.158339
0.170666
0.180044
0.000000
0.121612
0.141339
0.151747
0.162615
0.174468
0.182540
0.100612
0.130385
0.145476
0.155224
0.167145
0.177714
0.184649
0.112974
0.137113
0.149006
0.159089
0.171406
0.180513
0.000000
0.123361
0.142177
0.152365
0.163438
0.175091
0.182955
0.103020
0.131768
0.146161
0.155881
0.148832
0.154814
0.161715
0.169338
0.175688
0.180519
0.184288
0.000000
0.114362
0.129013
0.138862
0.145296
0.150259
0.154996
0.160265
0.166117
0.171563
0.175998
0.179527
0.182442
0.184749
0.000000
0.104484
0.115804
0.124877
0.131947
0.137197
0.141117
0.144156
0.146586
0.148649
0.150448
0.152039
0.153465
0.154721
0.155783
0.156663
0.157314
0.157718
0.157871
0.157770
0.157413
0.156796
0.155924
0.154855
0.153562
0.152075
0.150390
0.148456
0.146199
0.161804
0.169875
0.176433
0.181391
0.185109
0.102409
0.121511
0.134861
0.143208
0.149031
0.154282
0.160142
0.166775
0.172813
0.177577
0.181355
0.184368
0.000000
0.107982
0.121313
0.131435
0.138583
0.143621
0.147486
0.150824
0.153995
0.157263
0.160676
0.164147
0.167438
0.170334
0.172761
0.174770
0.176426
0.177783
0.178864
0.179749
0.180413
0.180888
0.181196
0.181334
0.181299
0.181091
0.180707
0.180145
0.179344
0.178330
0.177028
0.175419
0.173414
0.170923
0.181184
0.185150
0.104083
0.123786
0.137003
0.145055
0.150982
0.156863
0.163793
0.170874
0.176556
0.180949
0.184398
0.000000
0.112462
0.126579
0.136525
0.143112
0.147941
0.152108
0.156339
0.161018
0.165994
0.170607
0.174456
0.177583
0.180176
0.182335
0.184131
0.185494
0.000000
0.100333
0.107761
0.113841
0.118762
0.122693
0.125765
0.128077
0.129717
0.130765
0.131283
0.131283
0.130759
0.129684
0.127982
0.125542
0.122267
0.118003
0.112558
0.105727
0.000000
0.122046
0.136533
0.145151
0.151427
0.157804
0.165427
0.172742
0.178370
0.182703
0.185934
0.106963
0.123967
0.135831
0.143379
0.148780
0.153601
0.158817
0.164729
0.170499
0.175242
0.179014
0.182116
0.184554
0.000000
0.103965
0.115685
0.125029
0.132245
0.137573
0.141513
0.144542
0.146991
0.149069
0.150886
0.152499
0.153923
0.155186
0.156233
0.157079
0.157664
0.157985
0.158041
0.157821
0.157329
0.156559
0.155542
0.154297
0.152848
0.151181
0.149279
0.147070
0.150467
0.157090
0.165060
0.172844
0.178760
0.183275
0.000000
0.112766
0.129260
0.139938
0.146702
0.152140
0.157794
0.164400
0.170955
0.176250
0.180378
0.183698
0.000000
0.104882
0.119238
0.130169
0.137895
0.143230
0.147279
0.150735
0.154005
0.157377
0.160911
0.164492
0.167861
0.170777
0.173214
0.175211
0.176841
0.178182
0.179234
0.180088
0.180699
0.181133
0.181387
0.181460
0.181348
0.181050
0.180564
0.179876
0.178920
0.177727
0.176208
0.174298
0.171921
0.171319
0.177929
0.182849
0.000000
0.113105
0.130393
0.141165
0.148042
0.153857
0.160386
0.167831
0.174340
0.179312
0.183219
0.000000
0.106942
0.122790
0.134213
0.141725
0.146960
0.151324
0.155625
0.160356
0.165474
0.170292
0.174306
0.177545
0.180218
0.182432
0.184251
0.185651
0.000000
0.101889
0.109290
0.115304
0.120140
0.123951
0.126862
0.129011
0.130492
0.131369
0.131698
0.131471
0.130682
0.129278
0.127164
0.124226
0.120296
0.115202
0.108726
0.100576
0.185548
0.108415
0.128015
0.140272
0.147759
0.153968
0.161031
0.168992
0.175673
0.180699
0.184548
0.000000
0.117436
0.131739
0.140937
0.147041
0.152056
0.157215
0.163121
0.169201
0.174344
0.178395
0.181677
0.184306
0.000000
0.103149
0.115365
0.125047
0.132457
0.137896
0.141878
0.144911
0.147386
0.149485
0.151323
0.152958
0.154400
0.155649
0.156689
0.157479
0.157990
0.158232
0.158168
0.157805
0.157159
0.156216
0.155038
0.153612
0.151969
0.150100
0.147941
0.137002
0.145951
0.152575
0.159736
0.168162
0.175399
0.180789
0.184827
0.101404
0.121524
0.135358
0.143848
0.149789
0.155344
0.161721
0.168675
0.174598
0.179175
0.182812
0.185571
0.101060
0.116644
0.128529
0.136954
0.142719
0.146985
0.150577
0.153956
0.157440
0.161101
0.164801
0.168248
0.171206
0.173660
0.175650
0.177256
0.178562
0.179602
0.180401
0.180977
0.181363
0.181556
0.181554
0.181354
0.180953
0.180350
0.179496
0.178379
0.176939
0.175130
0.172848
0.156852
0.165366
0.173588
0.179699
0.184271
0.098777
0.120730
0.135602
0.144473
0.150742
0.156891
0.164177
0.171526
0.177284
0.181734
0.185080
0.100076
0.118012
0.131177
0.139950
0.145788
0.150394
0.154788
0.159564
0.164811
0.169857
0.174077
0.177446
0.180220
0.182501
0.184355
0.185796
0.000000
0.103378
0.110776
0.116735
0.121472
0.125152
0.127936
0.129923
0.131210
0.131912
0.132021
0.131536
0.130444
0.128651
0.126054
0.122465
0.117729
0.111607
0.103813
0.177283
0.182671
0.000000
0.115197
0.132788
0.143207
0.150082
0.156582
0.164364
0.172182
0.178180
0.182733
0.000000
0.109035
0.126181
0.137703
0.144925
0.150317
0.155457
0.161282
0.167623
0.173210
0.177617
0.181122
0.183992
0.000000
0.101995
0.114805
0.124901
0.132568
0.138140
0.142184
0.145259
0.147770
0.149895
0.151758
0.153418
0.154881
0.156116
0.157137
0.157862
0.158307
0.158434
0.158230
0.157709
0.156886
0.155758
0.154384
0.152770
0.150912
0.148774
0.103944
0.126053
0.139801
0.147898
0.154601
0.162420
0.170912
0.177575
0.182551
0.000000
0.111072
0.128750
0.140037
0.147058
0.152754
0.158834
0.165908
0.172542
0.177712
0.181753
0.184844
0.000000
0.113385
0.126432
0.135765
0.142065
0.146588
0.150337
0.153838
0.157439
0.161235
0.165067
0.168602
0.171617
0.174088
0.176078
0.177671
0.178941
0.179969
0.180709
0.181244
0.181575
0.181698
0.181610
0.181307
0.180787
0.180049
0.178997
0.177665
0.175960
0.173769
0.143992
0.151287
0.158711
0.167657
0.175481
0.181211
0.185385
0.107198
0.127046
0.139622
0.147225
0.153364
0.160133
0.167949
0.174713
0.179848
0.183827
0.000000
0.111925
0.127187
0.137598
0.144313
0.149277
0.153789
0.158615
0.163975
0.169262
0.173729
0.177276
0.180174
0.182536
0.184437
0.185926
0.000000
0.104804
0.112220
0.118134
0.122771
0.126330
0.128941
0.130754
0.131881
0.132350
0.132220
0.131449
0.130004
0.127733
0.124505
0.120130
0.114363
0.106917
0.162331
0.171533
0.178551
0.183724
0.000000
0.120812
0.136524
0.145613
0.152240
0.159277
0.167590
0.174886
0.180338
0.184452
0.098127
0.118666
0.133162
0.142228
0.148291
0.153530
0.159223
0.165703
0.171808
0.176634
0.180445
0.183507
0.185814
0.100393
0.113951
0.124559
0.132557
0.138304
0.142437
0.145581
0.148133
0.150296
0.152195
0.153877
0.155361
0.156602
0.157573
0.158239
0.158586
0.158579
0.158211
0.157512
0.156482
0.155161
0.153566
0.151722
0.149605
0.180624
0.185281
0.108652
0.129544
0.141963
0.149568
0.156550
0.164996
0.173262
0.179426
0.184071
0.000000
0.119224
0.134472
0.143647
0.149926
0.155801
0.162663
0.169938
0.175866
0.180395
0.183989
0.000000
0.109256
0.123725
0.134179
0.141150
0.146066
0.149996
0.153634
0.157360
0.161300
0.165279
0.168920
0.172008
0.174478
0.176471
0.178077
0.179320
0.180303
0.181010
0.181499
0.181766
0.181806
0.181616
0.181194
0.180535
0.179602
0.178351
0.176717
0.174630
0.116260
0.134834
0.145242
0.152525
0.160407
0.169598
0.177037
0.182493
0.000000
0.114250
0.132118
0.142748
0.149657
0.156011
0.163568
0.171355
0.177434
0.182075
0.185484
0.104099
0.121901
0.134439
0.142421
0.147935
0.152630
0.157487
0.162943
0.168495
0.173245
0.177016
0.180068
0.182530
0.184494
0.000000
0.000000
0.106162
0.113607
0.119485
0.124047
0.127460
0.129926
0.131547
0.132454
0.132695
0.132290
0.131170
0.129264
0.126410
0.122401
0.116995
0.109906
0.147328
0.154758
0.163560
0.172744
0.179554
0.184499
0.102846
0.125333
0.139391
0.147615
0.154295
0.161996
0.170476
0.177187
0.182216
0.185864
0.108597
0.126667
0.138504
0.145822
0.151384
0.156962
0.163413
0.170019
0.175398
0.179582
0.182905
0.185432
0.098237
0.112703
0.123971
0.132396
0.138380
0.142638
0.145873
0.148468
0.150686
0.152636
0.154354
0.155840
0.157083
0.157995
0.158596
0.158817
0.158651
0.158091
0.157189
0.155920
0.154372
0.152543
0.150431
0.165744
0.174724
0.181177
0.185749
0.112198
0.132161
0.143593
0.151000
0.158380
0.167306
0.175210
0.180995
0.185217
0.105886
0.125981
0.138853
0.146607
0.152650
0.159101
0.166617
0.173467
0.178681
0.182728
0.185744
0.103974
0.120198
0.132064
0.139992
0.145340
0.149527
0.153325
0.157186
0.161281
0.165425
0.169195
0.172344
0.174856
0.176859
0.178453
0.179699
0.180632
0.181304
0.181737
0.181928
0.181871
0.181561
0.180997
0.180174
0.178999
0.177468
0.175471
0.182146
0.000000
0.117909
0.136101
0.146157
0.153504
0.161842
0.171138
0.178302
0.183539
0.000000
0.120032
0.136040
0.145263
0.151886
0.158775
0.166937
0.174290
0.179781
0.183995
0.000000
0.114857
0.130060
0.139914
0.146256
0.151248
0.156156
0.161670
0.167497
0.172605
0.176647
0.179876
0.182471
0.184520
0.000000
0.000000
0.107430
0.114940
0.120800
0.125267
0.128552
0.130832
0.132275
0.132948
0.132926
0.132196
0.130647
0.128177
0.124544
0.119513
0.112763
0.120858
0.138153
0.147650
0.155247
0.164380
0.173591
0.180291
0.185074
0.107423
0.128812
0.141573
0.149302
0.156248
0.164622
0.172924
0.179135
0.183815
0.000000
0.117418
0.133042
0.142579
0.148900
0.154494
0.160765
0.167733
0.173814
0.178474
0.182160
0.184949
0.000000
0.110964
0.123039
0.132045
0.138348
0.142775
0.146115
0.148782
0.151066
0.153073
0.154838
0.156340
0.157557
0.158426
0.158915
0.158986
0.158629
0.157850
0.156700
0.155191
0.153369
0.151252
0.148319
0.156184
0.165852
0.174962
0.181474
0.000000
0.114549
0.133952
0.144786
0.152166
0.160002
0.169234
0.176790
0.182315
0.000000
0.113251
0.131360
0.142245
0.149174
0.155386
0.162619
0.170319
0.176477
0.181137
0.184683
0.000000
0.115563
0.129180
0.138372
0.144401
0.148901
0.152883
0.156890
0.161154
0.165487
0.169413
0.172649
0.175218
0.177242
0.178827
0.180071
0.180957
0.181587
0.181955
0.182047
0.181879
0.181426
0.180691
0.179637
0.178197
0.176283
0.166285
0.175501
0.182039
0.000000
0.118394
0.136652
0.146661
0.154163
0.162911
0.172276
0.179246
0.184325
0.101715
0.124605
0.138980
0.147331
0.153981
0.161562
0.169999
0.176746
0.181801
0.185480
0.105413
0.123861
0.136360
0.144094
0.149586
0.154615
0.160125
0.166202
0.171746
0.176139
0.179573
0.182345
0.184505
0.000000
0.098870
0.108605
0.116222
0.122084
0.126463
0.129606
0.131710
0.132918
0.133350
0.133010
0.131877
0.129788
0.126553
0.121913
0.115507
0.182033
0.000000
0.119635
0.137737
0.147559
0.155329
0.164708
0.174040
0.180728
0.185473
0.110664
0.131309
0.143172
0.150704
0.158045
0.166954
0.174938
0.180774
0.185039
0.104413
0.124706
0.137942
0.145845
0.151766
0.157808
0.164870
0.171710
0.177030
0.181139
0.184341
0.000000
0.108563
0.121688
0.131409
0.138174
0.142829
0.146299
0.149068
0.151432
0.153505
0.155320
0.156850
0.158023
0.158832
0.159185
0.159072
0.158484
0.157453
0.155996
0.154202
0.152075
0.118587
0.137487
0.147624
0.155624
0.165383
0.174780
0.181466
0.000000
0.115632
0.134916
0.145553
0.153028
0.161321
0.170717
0.178044
0.183350
0.000000
0.119221
0.135499
0.144895
0.151504
0.158202
0.166164
0.173521
0.179038
0.183261
0.000000
0.109386
0.125233
0.136157
0.143117
0.148076
0.152272
0.156438
0.160888
0.165438
0.169558
0.172914
0.175559
0.177617
0.179201
0.180415
0.181278
0.181857
0.182127
0.182116
0.181812
0.181184
0.180240
0.178875
0.177048
0.146909
0.155104
0.164995
0.174701
0.181572
0.000000
0.117535
0.136475
0.146738
0.154430
0.163483
0.172949
0.179904
0.184844
0.106079
0.128044
0.141175
0.149035
0.155949
0.164240
0.172570
0.178817
0.183502
0.000000
0.115115
0.131112
0.141099
0.147517
0.152792
0.158293
0.164534
0.170563
0.175397
0.179137
0.182134
0.184437
0.000000
0.099608
0.109665
0.117430
0.123311
0.127621
0.130609
0.132515
0.133493
0.133626
0.132896
0.131229
0.128423
0.124183
0.118137
0.163618
0.173843
0.181087
0.000000
0.116827
0.136467
0.146973
0.154923
0.164436
0.174020
0.180852
0.185660
0.112493
0.132852
0.144274
0.151781
0.159597
0.168859
0.176542
0.182137
0.000000
0.112195
0.130520
0.141631
0.148597
0.154613
0.161427
0.168895
0.175113
0.179824
0.183463
0.000000
0.105243
0.119736
0.130429
0.137797
0.142773
0.146421
0.149316
0.151779
0.153930
0.155803
0.157357
0.158507
0.159202
0.159386
0.159046
0.158172
0.156836
0.155063
0.152917
0.180050
0.185456
0.113607
0.134998
0.146353
0.154519
0.164225
0.174096
0.181092
0.185965
0.115243
0.135049
0.145848
0.153486
0.162156
0.171722
0.178905
0.184138
0.100521
0.123864
0.138570
0.147043
0.153669
0.161089
0.169417
0.176218
0.181248
0.184985
0.100978
0.119729
0.132952
0.141351
0.146943
0.151453
0.155796
0.160439
0.165245
0.169606
0.173124
0.175874
0.177982
0.179574
0.180758
0.181593
0.182096
0.182260
0.182125
0.181643
0.180794
0.179549
0.177812
0.107663
0.131897
0.144851
0.153318
0.162938
0.173268
0.180682
0.185796
0.114977
0.135359
0.146297
0.154188
0.163442
0.173133
0.180190
0.185148
0.108856
0.130339
0.142716
0.150394
0.157724
0.166602
0.174663
0.180545
0.184845
0.102691
0.123132
0.136678
0.144789
0.150601
0.156127
0.162421
0.168959
0.174385
0.178524
0.181783
0.184299
0.000000
0.100085
0.110576
0.118562
0.124501
0.128735
0.131576
0.133257
0.133972
0.133730
0.132506
0.130147
0.126323
0.120641
0.142371
0.151423
0.160704
0.171542
0.179636
0.185185
0.111890
0.134007
0.145774
0.153929
0.163443
0.173421
0.180592
0.185585
0.112711
0.133415
0.144816
0.152471
0.160727
0.170253
0.177748
0.183158
0.000000
0.118404
0.134934
0.144494
0.151065
0.157540
0.165173
0.172473
0.178029
0.182238
0.185338
0.100612
0.116925
0.128923
0.137125
0.142569
0.146456
0.149514
0.152103
0.154365
0.156304
0.157862
0.158971
0.159523
0.159492
0.158863
0.157649
0.155917
0.153759
0.157757
0.168780
0.177895
0.184168
0.105792
0.130765
0.144282
0.152807
0.162256
0.172689
0.180273
0.185493
0.113019
0.134161
0.145558
0.153441
0.162383
0.172170
0.179409
0.184579
0.104539
0.127172
0.140764
0.148767
0.155666
0.163849
0.172185
0.178451
0.183120
0.000000
0.111917
0.128219
0.138782
0.145403
0.150352
0.154924
0.159756
0.164853
0.169520
0.173259
0.176136
0.178302
0.179944
0.181101
0.181900
0.182296
0.182345
0.182050
0.181328
0.180197
0.178524
0.175304
0.182465
0.000000
0.125187
0.141672
0.150909
0.160046
0.170936
0.179215
0.184914
0.110118
0.132919
0.145159
0.153353
0.162640
0.172709
0.180066
0.185180
0.109868
0.131483
0.143637
0.151347
0.159155
0.168467
0.176291
0.181954
0.185958
0.111026
0.129523
0.140846
0.147846
0.153592
0.159802
0.166762
0.172934
0.177638
0.181239
0.184063
0.000000
0.100202
0.111294
0.119601
0.125643
0.129826
0.132488
0.133939
0.134289
0.133584
0.131698
0.128331
0.123032
0.185703
0.116568
0.137472
0.148289
0.157106
0.168074
0.177403
0.183859
0.103867
0.129607
0.143684
0.152296
0.161587
0.172106
0.179843
0.185184
0.110930
0.132809
0.144748
0.152647
0.161255
0.171030
0.178510
0.183913
0.099237
0.123080
0.138160
0.146749
0.153333
0.160543
0.168700
0.175482
0.180491
0.184282
0.000000
0.112846
0.126637
0.136071
0.142157
0.146370
0.149640
0.152395
0.154790
0.156818
0.158388
0.159409
0.159773
0.159459
0.158450
0.156815
0.154632
0.130703
0.144748
0.153687
0.164054
0.174669
0.182060
0.000000
0.123677
0.140922
0.150391
0.159420
0.170330
0.178795
0.184643
0.108291
0.131805
0.144533
0.152762
0.161812
0.171955
0.179453
0.184739
0.106582
0.129133
0.142198
0.150060
0.157397
0.166250
0.174385
0.180299
0.184621
0.100506
0.120966
0.134811
0.143181
0.148842
0.153711
0.158767
0.164181
0.169243
0.173286
0.176337
0.178603
0.180282
0.181443
0.182172
0.182460
0.182357
0.181831
0.180796
0.179219
0.149899
0.159310
0.170737
0.179458
0.185326
0.114407
0.136368
0.147662
0.156439
0.167329
0.176905
0.183505
0.101887
0.128394
0.143056
0.151789
0.160923
0.171475
0.179376
0.184865
0.108677
0.131305
0.143860
0.151781
0.160009
0.169697
0.177417
0.182957
0.000000
0.117565
0.134333
0.144032
0.150518
0.156672
0.163770
0.170831
0.176332
0.180445
0.183611
0.185874
0.099800
0.111744
0.120509
0.126721
0.130858
0.133347
0.134487
0.134412
0.133060
0.130200
0.125307
0.165386
0.175907
0.183050
0.100875
0.128848
0.143881
0.152958
0.163138
0.174009
0.181596
0.000000
0.122079
0.140161
0.149868
0.158794
0.169705
0.178375
0.184371
0.106408
0.130602
0.143882
0.152149
0.160964
0.171083
0.178776
0.184249
0.102671
0.126187
0.140328
0.148496
0.155381
0.163438
0.171722
0.177991
0.182603
0.185928
0.106757
0.123091
0.134308
0.141379
0.146105
0.149657
0.152629
0.155194
0.157330
0.158918
0.159804
0.159911
0.159210
0.157702
0.155518
0.179760
0.185641
0.117040
0.138183
0.148995
0.158261
0.169737
0.178806
0.184928
0.112057
0.135134
0.146998
0.155768
0.166563
0.176398
0.183148
0.099847
0.127129
0.142428
0.151289
0.160256
0.170826
0.178896
0.184531
0.106203
0.129575
0.142791
0.150817
0.158644
0.168043
0.176036
0.181753
0.185797
0.109667
0.128212
0.139735
0.146696
0.152054
0.157345
0.163106
0.168680
0.173149
0.176462
0.178874
0.180611
0.181784
0.182416
0.182571
0.182254
0.181382
0.179914
0.099836
0.128723
0.144082
0.153361
0.163989
0.174908
0.182416
0.000000
0.126731
0.142872
0.152183
0.162171
0.173251
0.181103
0.000000
0.120372
0.139314
0.149334
0.158164
0.169058
0.177951
0.184098
0.104462
0.129334
0.143152
0.151515
0.160053
0.170125
0.178013
0.183603
0.000000
0.122270
0.137722
0.146444
0.152948
0.159855
0.167682
0.174337
0.179211
0.182884
0.185516
0.098589
0.111778
0.121235
0.127742
0.131878
0.134156
0.134897
0.134227
0.131918
0.127459
0.136675
0.148307
0.157694
0.169394
0.178770
0.185031
0.113529
0.136417
0.148011
0.157179
0.168603
0.178104
0.184501
0.109451
0.133772
0.146301
0.155098
0.165769
0.175867
0.182785
0.000000
0.125829
0.141778
0.150788
0.159604
0.170163
0.178397
0.184177
0.103406
0.127508
0.141510
0.149673
0.157052
0.165896
0.174098
0.180018
0.184333
0.000000
0.117418
0.131354
0.140063
0.145524
0.149505
0.152773
0.155565
0.157840
0.159436
0.160137
0.159864
0.158603
0.156432
0.151840
0.162223
0.173741
0.181762
0.000000
0.125418
0.142529
0.152150
0.162464
0.173788
0.181684
0.000000
0.124277
0.141750
0.151362
0.161164
0.172441
0.180583
0.000000
0.118544
0.138425
0.148790
0.157559
0.168410
0.177489
0.183781
0.102444
0.127987
0.142387
0.150837
0.159094
0.168965
0.177024
0.182740
0.000000
0.116694
0.133619
0.143373
0.149714
0.155330
0.161416
0.167652
0.172749
0.176461
0.179098
0.180932
0.182109
0.182631
0.182587
0.181949
0.180552
0.166627
0.177050
0.184075
0.108006
0.133778
0.146758
0.156057
0.167614
0.177629
0.184350
0.109375
0.134270
0.146867
0.156000
0.167327
0.177267
0.184036
0.106522
0.132195
0.145521
0.154392
0.164932
0.175279
0.182416
0.000000
0.124465
0.141078
0.150285
0.158958
0.169444
0.177855
0.183737
0.100122
0.124911
0.139821
0.148219
0.155093
0.162976
0.171093
0.177233
0.181713
0.184906
0.000000
0.111114
0.121677
0.128656
0.132832
0.134855
0.135071
0.133447
0.129486
0.179653
0.185729
0.118489
0.139394
0.150098
0.160019
0.171906
0.180555
0.000000
0.121325
0.140627
0.150814
0.160792
0.172433
0.180803
0.000000
0.121354
0.140395
0.150461
0.160067
0.171525
0.180023
0.185693
0.116555
0.137446
0.148233
0.156957
0.167749
0.177027
0.183438
0.100338
0.126498
0.141513
0.150079
0.157982
0.167527
0.175745
0.181551
0.185617
0.107823
0.126081
0.137612
0.144428
0.149060
0.152758
0.155876
0.158370
0.159935
0.160346
0.159476
0.157379
0.000000
0.126413
0.143291
0.153011
0.163937
0.175191
0.182827
0.101113
0.129963
0.144892
0.154307
0.165512
0.176242
0.183467
0.104331
0.131543
0.145532
0.154750
0.165856
0.176315
0.183394
0.103127
0.130335
0.144645
0.153649
0.164042
0.174662
0.182035
0.000000
0.123052
0.140379
0.149776
0.158296
0.168674
0.177216
0.183179
0.000000
0.121368
0.137266
0.146109
0.152433
0.158805
0.165784
0.171876
0.176235
0.179233
0.181239
0.182406
0.182788
0.182423
0.181183
0.132253
0.146198
0.155707
0.167473
0.177742
0.184545
0.111523
0.135946
0.148078
0.157655
0.169607
0.179081
0.185345
0.116153
0.138172
0.149268
0.158943
0.170776
0.179767
0.185709
0.117789
0.138714
0.149431
0.158893
0.170459
0.179342
0.185290
0.114340
0.136361
0.147639
0.156343
0.167067
0.176565
0.183092
0.098112
0.124843
0.140477
0.149164
0.156661
0.165536
0.173768
0.179603
0.183819
0.000000
0.109127
0.121572
0.129432
0.133776
0.135439
0.134765
0.131385
0.148480
0.158264
0.170403
0.179729
0.185836
0.119446
0.140059
0.150646
0.160897
0.172815
0.181277
0.000000
0.124798
0.142508
0.152356
0.163040
0.174481
0.182331
0.000000
0.127970
0.143876
0.153324
0.164117
0.175129
0.182640
0.099041
0.128068
0.143621
0.152844
0.163079
0.174001
0.181588
0.000000
0.121590
0.139642
0.149260
0.157632
0.167823
0.176468
0.182476
0.000000
0.115765
0.132606
0.142222
0.148052
0.152425
0.156069
0.158901
0.160414
0.160259
0.158348
0.160655
0.172715
0.181286
0.000000
0.125432
0.142956
0.152851
0.163879
0.175266
0.182960
0.102387
0.130992
0.145567
0.155095
0.166703
0.177203
0.184224
0.109384
0.134742
0.147393
0.156870
0.168678
0.178435
0.184900
0.113226
0.136515
0.148206
0.157546
0.169162
0.178552
0.184831
0.111766
0.135091
0.146993
0.155727
0.166379
0.176103
0.182742
0.000000
0.122884
0.139102
0.147920
0.154795
0.162341
0.169932
0.175491
0.179177
0.181515
0.182695
0.182814
0.181814
0.174516
0.182514
0.100107
0.129881
0.145116
0.154776
0.166446
0.177129
0.184245
0.109979
0.135321
0.147866
0.157565
0.169676
0.179243
0.185527
0.117695
0.139179
0.150081
0.160154
0.172167
0.180822
0.000000
0.123033
0.141629
0.151642
0.162021
0.173612
0.181689
0.000000
0.125106
0.142324
0.151902
0.161973
0.173190
0.181098
0.000000
0.120060
0.138861
0.148733
0.156932
0.166770
0.175410
0.181347
0.185369
0.104031
0.120214
0.129910
0.134660
0.135731
0.133156
0.183461
0.105649
0.133095
0.146754
0.156441
0.168513
0.178551
0.185129
0.115650
0.138332
0.149644
0.159753
0.171942
0.180773
0.000000
0.123692
0.142172
0.152230
0.163076
0.174669
0.182569
0.100128
0.129691
0.144920
0.154482
0.165924
0.176652
0.183862
0.107026
0.133363
0.146604
0.155937
0.167490
0.177534
0.184271
0.108552
0.133534
0.146272
0.155092
0.165670
0.175606
0.182380
0.000000
0.120202
0.136810
0.145614
0.151330
0.155933
0.159405
0.160770
0.159360
0.109815
0.135403
0.148009
0.157835
0.170105
0.179621
0.185833
0.119821
0.140418
0.151040
0.161598
0.173589
0.181929
0.000000
0.127927
0.144222
0.153961
0.165448
0.176465
0.183836
0.107549
0.134069
0.147196
0.156858
0.168903
0.178748
0.185215
0.115885
0.138293
0.149509
0.159435
0.171457
0.180342
0.000000
0.120916
0.140486
0.150721
0.160629
0.172198
0.180525
0.000000
0.118420
0.138080
0.148179
0.156073
0.165168
0.173299
0.178569
0.181693
0.182959
0.182395
0.137002
0.148920
0.158957
0.171247
0.180394
0.000000
0.122774
0.141868
0.152096
0.163042
0.174758
0.182710
0.101471
0.130789
0.145635
0.155329
0.167217
0.177720
0.184626
0.112650
0.136849
0.148793
0.158750
0.170988
0.180191
0.000000
0.121685
0.141241
0.151575
0.162231
0.174051
0.182170
0.000000
0.128318
0.144273
0.153868
0.165105
0.176054
0.183379
0.103973
0.131301
0.145316
0.154353
0.164914
0.175097
0.181981
0.000000
0.114471
0.129311
0.135525
0.134809
0.149562
0.159755
0.172046
0.180912
0.000000
0.124741
0.142792
0.152851
0.164061
0.175549
0.183249
0.104634
0.132631
0.146570
0.156297
0.168419
0.178534
0.185149
0.115960
0.138575
0.149864
0.160107
0.172341
0.181098
0.000000
0.125272
0.143005
0.152993
0.164206
0.175620
0.183269
0.104566
0.132484
0.146434
0.156071
0.168065
0.178227
0.184894
0.114003
0.137340
0.148929
0.158685
0.170629
0.179689
0.185620
0.116538
0.137222
0.147470
0.154406
0.159769
0.160393
0.160248
0.172491
0.181223
0.000000
0.125887
0.143337
0.153302
0.164676
0.176019
0.183570
0.106457
0.133670
0.147108
0.156897
0.169110
0.178999
0.185457
0.117818
0.139519
0.150485
0.160941
0.173083
0.181624
0.000000
0.127212
0.143976
0.153813
0.165348
0.176468
0.183893
0.108169
0.134568
0.147573
0.157386
0.169637
0.179327
0.185655
0.118864
0.140000
0.150753
0.161230
0.173266
0.181694
0.000000
0.126871
0.143580
0.153214
0.163939
0.174589
0.181103
0.182954
0.172659
0.181340
0.000000
0.126298
0.143539
0.153469
0.164903
0.176176
0.183688
0.107109
0.134044
0.147303
0.157114
0.169359
0.179166
0.185566
0.118462
0.139853
0.150703
0.161234
0.173342
0.181808
0.000000
0.127869
0.144280
0.154098
0.165736
0.176743
0.184082
0.109329
0.135217
0.147949
0.157816
0.170138
0.179682
0.185898
0.120325
0.140727
0.151313
0.162029
0.174023
0.182244
0.098850
0.129357
0.144978
0.154755
0.166560
0.177310
0.184413
0.111483
0.136354
0.119805
0.134486
0.143456
0.149640
0.155384
0.162040
0.169288
0.175345
0.180027
0.183710
0.000000
0.108762
0.123923
0.134811
0.142049
0.147140
0.151442
0.155711
0.160429
0.165539
0.170360
0.174390
0.177662
0.180363
0.182617
0.184456
0.185924
0.000000
0.105076
0.112861
0.119249
0.124441
0.128583
0.131836
0.134319
0.136196
0.137552
0.138485
0.139036
0.139245
0.139107
0.138619
0.137754
0.136423
0.134560
0.132047
0.128669
0.124282
0.118662
0.111608
0.143543
0.150059
0.156230
0.163573
0.171163
0.177164
0.181781
0.185230
0.102129
0.120398
0.133493
0.141922
0.147657
0.152540
0.157647
0.163510
0.169477
0.174499
0.178482
0.181730
0.184333
0.000000
0.103403
0.115693
0.125463
0.132934
0.138415
0.142448
0.145578
0.148171
0.150431
0.152492
0.154416
0.156221
0.157902
0.159441
0.160771
0.161858
0.162689
0.163230
0.163473
0.163413
0.163046
0.162370
0.161404
0.160148
0.158663
0.156966
0.155101
0.153089
0.150916
0.163210
0.171256
0.177564
0.182346
0.185864
0.108006
0.125889
0.137855
0.145279
0.150875
0.156382
0.162796
0.169548
0.175168
0.179554
0.183051
0.185715
0.101830
0.117071
0.128746
0.137060
0.142780
0.147042
0.150655
0.154086
0.157655
0.161456
0.165324
0.168915
0.172023
0.174568
0.176678
0.178432
0.179897
0.181081
0.182084
0.182839
0.183448
0.183908
0.184173
0.184297
0.184297
0.184171
0.183898
0.183422
0.182784
0.181980
0.180891
0.179578
0.177966
0.175967
0.181920
0.185717
0.108307
0.127042
0.139153
0.146603
0.152475
0.158722
0.166063
0.172929
0.178250
0.182389
0.185504
0.102658
0.119647
0.132127
0.140416
0.146061
0.150566
0.154914
0.159659
0.164884
0.169920
0.174140
0.177535
0.180335
0.182655
0.184532
0.000000
0.000000
0.106347
0.114153
0.120509
0.125631
0.129673
0.132786
0.135150
0.136899
0.138164
0.138962
0.139401
0.139473
0.139176
0.138505
0.137395
0.135785
0.133524
0.130469
0.126410
0.121125
0.114399
0.124491
0.138180
0.146318
0.152569
0.159290
0.167195
0.174282
0.179630
0.183779
0.000000
0.113231
0.128822
0.139140
0.145790
0.150942
0.156003
0.161800
0.168029
0.173457
0.177759
0.181200
0.184030
0.000000
0.102196
0.115048
0.125221
0.132954
0.138572
0.142677
0.145868
0.148489
0.150795
0.152906
0.154881
0.156735
0.158448
0.159980
0.161308
0.162356
0.163119
0.163567
0.163694
0.163498
0.162974
0.162119
0.160967
0.159522
0.157833
0.155954
0.153923
0.151737
0.151242
0.158089
0.166351
0.174007
0.179714
0.184084
0.000000
0.117379
0.132652
0.142167
0.148466
0.153965
0.160100
0.167082
0.173360
0.178245
0.182108
0.185047
0.000000
0.114057
0.126779
0.135933
0.142138
0.146639
0.150396
0.153931
0.157607
0.161528
0.165519
0.169201
0.172346
0.174921
0.177040
0.178789
0.180247
0.181426
0.182385
0.183126
0.183710
0.184108
0.184318
0.184396
0.184342
0.184153
0.183785
0.183206
0.182454
0.181466
0.180223
0.178657
0.176735
0.172133
0.178584
0.183431
0.000000
0.116524
0.132879
0.142793
0.149369
0.155368
0.162357
0.169906
0.176071
0.180755
0.184406
0.000000
0.114310
0.128623
0.138350
0.144709
0.149533
0.153969
0.158758
0.164077
0.169329
0.173784
0.177340
0.180261
0.182659
0.184587
0.000000
0.000000
0.107539
0.115381
0.121728
0.126776
0.130713
0.133724
0.135976
0.137592
0.138710
0.139407
0.139717
0.139635
0.139155
0.138274
0.136874
0.134886
0.132149
0.128415
0.123472
0.117070
0.185863
0.110800
0.129855
0.141466
0.148720
0.155079
0.162515
0.170536
0.176927
0.181785
0.185370
0.104102
0.122593
0.135431
0.143463
0.149121
0.154236
0.159894
0.166279
0.172180
0.176847
0.180564
0.183575
0.185848
0.100587
0.114135
0.124792
0.132855
0.138657
0.142861
0.146117
0.148788
0.151148
0.153314
0.155344
0.157249
0.159001
0.160546
0.161839
0.162845
0.163524
0.163864
0.163860
0.163508
0.162803
0.161752
0.160382
0.158735
0.156856
0.154795
0.152572
0.137838
0.146556
0.153248
0.160694
0.169248
0.176322
0.181579
0.185439
0.106123
0.125238
0.137897
0.145603
0.151411
0.157284
0.164179
0.171099
0.176618
0.180894
0.184271
0.000000
0.110301
0.124293
0.134439
0.141270
0.146125
0.150045
0.153702
0.157485
0.161532
0.165658
0.169446
0.172644
0.175259
0.177395
0.179143
0.180586
0.181771
0.182686
0.183410
0.183965
0.184280
0.184448
0.184474
0.184358
0.184096
0.183609
0.182913
0.182030
0.180825
0.179344
0.177499
0.157282
0.165998
0.174190
0.180222
0.184673
0.102126
0.123420
0.137429
0.145760
0.151964
0.158444
0.166123
0.173275
0.178729
0.182946
0.000000
0.107584
0.124085
0.135633
0.143036
0.148311
0.152902
0.157696
0.163100
0.168588
0.173301
0.177065
0.180130
0.182623
0.184616
0.000000
0.098872
0.108646
0.116555
0.122893
0.127897
0.131731
0.134605
0.136722
0.138243
0.139233
0.139813
0.139975
0.139714
0.139024
0.137890
0.136155
0.133692
0.130296
0.125700
0.119630
0.177530
0.182912
0.000000
0.116940
0.134106
0.144115
0.150906
0.157645
0.165759
0.173440
0.179215
0.183637
0.000000
0.114361
0.130260
0.140435
0.146976
0.152292
0.157814
0.164213
0.170574
0.175745
0.179784
0.183013
0.185485
0.098486
0.112866
0.124140
0.132613
0.138655
0.142990
0.146323
0.149064
0.151487
0.153713
0.155803
0.157763
0.159553
0.161111
0.162374
0.163316
0.163898
0.164115
0.163958
0.163426
0.162512
0.161241
0.159635
0.157756
0.155671
0.153414
0.104533
0.126683
0.140295
0.148336
0.155166
0.163256
0.171782
0.178303
0.183175
0.000000
0.114880
0.131613
0.141913
0.148555
0.154356
0.160924
0.168275
0.174590
0.179421
0.183212
0.000000
0.105596
0.121117
0.132511
0.140184
0.145434
0.149580
0.153377
0.157273
0.161453
0.165728
0.169642
0.172912
0.175579
0.177740
0.179494
0.180924
0.182103
0.182985
0.183690
0.184170
0.184440
0.184559
0.184526
0.184337
0.183988
0.183356
0.182524
0.181424
0.180027
0.178239
0.144038
0.151417
0.158985
0.168079
0.175901
0.181600
0.185715
0.109761
0.129060
0.140942
0.148285
0.154538
0.161731
0.169677
0.176174
0.181057
0.184769
0.099012
0.118158
0.131979
0.140880
0.146817
0.151644
0.156479
0.161913
0.167652
0.172681
0.176692
0.179925
0.182537
0.184613
0.000000
0.099689
0.109661
0.117665
0.124027
0.128954
0.132693
0.135462
0.137459
0.138838
0.139726
0.140152
0.140143
0.139691
0.138756
0.137278
0.135106
0.132054
0.127804
0.122076
0.162225
0.171548
0.178640
0.183859
0.098169
0.121972
0.137381
0.146268
0.152950
0.160274
0.168773
0.175919
0.181196
0.185120
0.103483
0.122979
0.136225
0.144321
0.150108
0.155572
0.161828
0.168581
0.174338
0.178781
0.182331
0.185037
0.000000
0.111167
0.123177
0.132195
0.138548
0.143054
0.146488
0.149313
0.151809
0.154109
0.156276
0.158295
0.160112
0.161673
0.162904
0.163764
0.164235
0.164307
0.163970
0.163227
0.162069
0.160546
0.158693
0.156581
0.154269
0.180471
0.185222
0.108594
0.129734
0.142187
0.149843
0.156978
0.165642
0.173907
0.180001
0.184499
0.100679
0.122222
0.136564
0.145089
0.151271
0.157470
0.164803
0.172002
0.177567
0.181882
0.185110
0.099637
0.117053
0.129985
0.138721
0.144558
0.148981
0.152935
0.156952
0.161273
0.165715
0.169778
0.173143
0.175876
0.178067
0.179839
0.181261
0.182409
0.183284
0.183966
0.184360
0.184586
0.184649
0.184544
0.184270
0.183781
0.183007
0.182014
0.180649
0.178934
0.115202
0.134385
0.145081
0.152477
0.160472
0.169790
0.177268
0.182731
0.000000
0.116090
0.133519
0.143729
0.150548
0.157164
0.165086
0.172784
0.178627
0.183074
0.000000
0.110407
0.126931
0.138005
0.144957
0.150171
0.155078
0.160514
0.166462
0.171885
0.176199
0.179614
0.182390
0.184571
0.000000
0.100333
0.110560
0.118698
0.125087
0.129998
0.133635
0.136288
0.138170
0.139414
0.140163
0.140416
0.140226
0.139537
0.138314
0.136418
0.133670
0.129779
0.124393
0.146849
0.154368
0.163197
0.172549
0.179488
0.184510
0.103318
0.125940
0.139906
0.148072
0.154880
0.162877
0.171406
0.178004
0.182894
0.000000
0.112926
0.130030
0.140740
0.147533
0.153138
0.159175
0.166113
0.172538
0.177537
0.181441
0.184485
0.000000
0.108901
0.121850
0.131525
0.138310
0.143035
0.146601
0.149528
0.152111
0.154507
0.156757
0.158842
0.160695
0.162238
0.163420
0.164185
0.164524
0.164422
0.163873
0.162881
0.161454
0.159637
0.157512
0.155155
0.164946
0.174218
0.180869
0.185583
0.111470
0.131922
0.143580
0.151092
0.158623
0.167715
0.175633
0.181398
0.185564
0.108661
0.128213
0.140367
0.147785
0.153915
0.160820
0.168594
0.175166
0.180142
0.184004
0.000000
0.111796
0.126583
0.136783
0.143412
0.148216
0.152350
0.156494
0.160967
0.165597
0.169839
0.173327
0.176132
0.178356
0.180162
0.181597
0.182715
0.183581
0.184189
0.184540
0.184714
0.184708
0.184519
0.184144
0.183476
0.182533
0.181268
0.179629
0.181612
0.000000
0.116196
0.135259
0.145774
0.153251
0.161652
0.171085
0.178355
0.183654
0.000000
0.121192
0.136923
0.145976
0.152642
0.159836
0.168251
0.175426
0.180750
0.184739
0.100144
0.120012
0.133907
0.142535
0.148393
0.153454
0.158873
0.164974
0.170808
0.175513
0.179189
0.182167
0.184480
0.000000
0.100765
0.111329
0.119653
0.126113
0.130966
0.134528
0.137063
0.138816
0.139965
0.140528
0.140609
0.140201
0.139216
0.137609
0.135159
0.131623
0.126592
0.118245
0.136826
0.146932
0.154618
0.163719
0.173156
0.180071
0.184974
0.107135
0.128885
0.141771
0.149558
0.156672
0.165285
0.173603
0.179750
0.184315
0.099068
0.120815
0.135507
0.144283
0.150418
0.156285
0.163126
0.170214
0.175940
0.180307
0.183757
0.000000
0.105889
0.120015
0.130546
0.137895
0.142912
0.146649
0.149698
0.152390
0.154888
0.157231
0.159388
0.161279
0.162810
0.163918
0.164571
0.164747
0.164437
0.163635
0.162342
0.160600
0.158470
0.156044
0.147272
0.155187
0.164730
0.174217
0.180989
0.185754
0.113100
0.133262
0.144531
0.152049
0.159997
0.169375
0.177000
0.182549
0.000000
0.115209
0.132906
0.143308
0.150155
0.156618
0.164298
0.171993
0.177889
0.182364
0.185663
0.104871
0.122022
0.134131
0.141903
0.147206
0.151593
0.155873
0.160501
0.165345
0.169803
0.173450
0.176343
0.178628
0.180462
0.181931
0.183021
0.183877
0.184399
0.184706
0.184818
0.184730
0.184439
0.183928
0.183045
0.181886
0.180294
0.164717
0.174415
0.181299
0.000000
0.115917
0.135405
0.146045
0.153665
0.162408
0.171978
0.179116
0.184303
0.102020
0.125136
0.139479
0.147798
0.154593
0.162489
0.171008
0.177644
0.182574
0.000000
0.110475
0.127918
0.139159
0.146171
0.151564
0.156969
0.163130
0.169413
0.174602
0.178619
0.181827
0.184327
0.000000
0.100935
0.111939
0.120504
0.127056
0.131923
0.135390
0.137835
0.139451
0.140432
0.140836
0.140707
0.140035
0.138674
0.136541
0.133337
0.128669
0.181037
0.000000
0.116116
0.135932
0.146569
0.154427
0.163706
0.173334
0.180323
0.185245
0.109573
0.130867
0.143074
0.150745
0.158247
0.167343
0.175365
0.181195
0.185410
0.107486
0.127242
0.139678
0.147176
0.153187
0.159695
0.167167
0.173804
0.178812
0.182706
0.185600
0.101846
0.117486
0.129135
0.137211
0.142654
0.146612
0.149812
0.152632
0.155248
0.157696
0.159932
0.161862
0.163375
0.164398
0.164907
0.164884
0.164318
0.163209
0.161565
0.159457
0.156991
0.113894
0.135003
0.146268
0.154344
0.163892
0.173739
0.180779
0.185699
0.113347
0.133782
0.145016
0.152664
0.161010
0.170573
0.178048
0.183439
0.000000
0.120409
0.136465
0.145656
0.152318
0.159373
0.167642
0.174840
0.180203
0.184256
0.000000
0.115788
0.130345
0.139795
0.145903
0.150619
0.155078
0.159839
0.164921
0.169642
0.173495
0.176511
0.178877
0.180753
0.182232
0.183327
0.184136
0.184602
0.184855
0.184890
0.184701
0.184284
0.183545
0.182443
0.180925
0.145131
0.153482
0.163039
0.173256
0.180608
0.185697
0.114096
0.134680
0.145820
0.153645
0.162626
0.172365
0.179562
0.184689
0.105466
0.127956
0.141308
0.149265
0.156365
0.164928
0.173294
0.179488
0.184114
0.000000
0.119092
0.134128
0.143177
0.149293
0.154778
0.160888
0.167566
0.173370
0.177847
0.181324
0.184092
0.000000
0.100759
0.112330
0.121233
0.127951
0.132801
0.136227
0.138544
0.140061
0.140856
0.141066
0.140677
0.139640
0.137814
0.134930
0.130621
0.161244
0.171940
0.179839
0.185268
0.112111
0.133956
0.145643
0.153721
0.163048
0.172994
0.180232
0.185283
0.110485
0.131881
0.143879
0.151573
0.159501
0.168931
0.176722
0.182365
0.000000
0.114314
0.132265
0.142849
0.149701
0.155966
0.163322
0.170889
0.176828
0.181322
0.184715
0.000000
0.114005
0.127110
0.136216
0.142218
0.146462
0.149849
0.152824
0.155580
0.158158
0.160502
0.162460
0.163929
0.164845
0.165175
0.164903
0.164017
0.162524
0.160464
0.157938
0.178410
0.184444
0.107347
0.131510
0.144554
0.152956
0.162327
0.172644
0.180170
0.185370
0.111932
0.133311
0.144981
0.152833
0.161480
0.171251
0.178687
0.184071
0.100578
0.124294
0.139045
0.147521
0.154304
0.162085
0.170574
0.177231
0.182189
0.185763
0.107144
0.124856
0.136740
0.144115
0.149344
0.154011
0.158946
0.164266
0.169313
0.173434
0.176620
0.179095
0.181031
0.182523
0.183632
0.184367
0.184794
0.184979
0.184916
0.184600
0.184025
0.182984
0.181556
0.099477
0.127032
0.142475
0.151425
0.160597
0.171335
0.179412
0.184988
0.110258
0.132799
0.144982
0.153096
0.162169
0.172210
0.179616
0.184835
0.107232
0.129608
0.142498
0.150364
0.157858
0.166962
0.175096
0.180991
0.185250
0.106190
0.126111
0.138793
0.146406
0.152229
0.158225
0.165129
0.171677
0.176743
0.180632
0.183685
0.185901
0.100114
0.112443
0.121813
0.128735
0.133655
0.137008
0.139233
0.140592
0.141223
0.141188
0.140468
0.138941
0.136413
0.132450
0.139090
0.149203
0.158044
0.169002
0.177982
0.184173
0.105495
0.130378
0.143973
0.152427
0.161621
0.172021
0.179693
0.185032
0.109586
0.131782
0.144083
0.151954
0.160248
0.169978
0.177675
0.183208
0.000000
0.119608
0.136005
0.145327
0.151967
0.158840
0.166888
0.174092
0.179419
0.183488
0.000000
0.109101
0.124180
0.134683
0.141489
0.146158
0.149782
0.152948
0.155871
0.158623
0.161072
0.163063
0.164474
0.165245
0.165344
0.164753
0.163463
0.161492
0.158945
0.154980
0.165586
0.175721
0.182695
0.000000
0.125692
0.141819
0.150926
0.159953
0.170729
0.178985
0.184707
0.108332
0.131588
0.144301
0.152445
0.161271
0.171322
0.178925
0.184345
0.103453
0.126837
0.140802
0.148958
0.156054
0.164571
0.172978
0.179204
0.183853
0.000000
0.116784
0.132108
0.141542
0.147648
0.152651
0.157723
0.163306
0.168753
0.173226
0.176647
0.179268
0.181290
0.182809
0.183938
0.184595
0.184971
0.185068
0.184879
0.184396
0.183519
0.182166
0.172453
0.180546
0.000000
0.118152
0.138201
0.148651
0.157431
0.168335
0.177512
0.183877
0.103597
0.129192
0.143332
0.151896
0.160916
0.171332
0.179181
0.184678
0.107012
0.130023
0.143010
0.151003
0.158926
0.168437
0.176427
0.182177
0.000000
0.113383
0.131542
0.142320
0.149141
0.155166
0.161992
0.169273
0.175197
0.179649
0.183067
0.185573
0.098785
0.112167
0.122174
0.129426
0.134442
0.137787
0.139917
0.141092
0.141509
0.141150
0.139995
0.137782
0.134161
0.184158
0.107013
0.132303
0.145500
0.154310
0.164773
0.175136
0.182320
0.000000
0.124286
0.141105
0.150427
0.159341
0.170123
0.178555
0.184422
0.106319
0.130278
0.143551
0.151765
0.160316
0.170339
0.178163
0.183744
0.098918
0.123357
0.138598
0.147244
0.154010
0.161665
0.170075
0.176718
0.181640
0.185216
0.102046
0.119836
0.132352
0.140359
0.145607
0.149565
0.152972
0.156111
0.159061
0.161637
0.163665
0.164998
0.165576
0.165368
0.164352
0.162527
0.159957
0.122902
0.140980
0.150763
0.160324
0.171649
0.180037
0.185666
0.116232
0.137213
0.148089
0.156814
0.167649
0.177040
0.183537
0.101653
0.127978
0.142688
0.151370
0.160197
0.170619
0.178645
0.184302
0.104136
0.127955
0.141778
0.149920
0.157448
0.166565
0.174826
0.180786
0.185080
0.104663
0.124630
0.137565
0.145260
0.150840
0.156104
0.161913
0.167858
0.172807
0.176555
0.179377
0.181522
0.183089
0.184195
0.184817
0.185124
0.185103
0.184743
0.184037
0.182725
0.146571
0.155615
0.166748
0.176804
0.183664
0.104200
0.130713
0.144724
0.153634
0.163934
0.174535
0.181929
0.000000
0.122815
0.140389
0.149927
0.158729
0.169484
0.178123
0.184134
0.104203
0.128843
0.142728
0.151047
0.159313
0.169195
0.177226
0.182948
0.000000
0.118783
0.135497
0.144978
0.151573
0.158170
0.165862
0.172918
0.178203
0.182180
0.185073
0.000000
0.111295
0.122224
0.129983
0.135164
0.138507
0.140530
0.141545
0.141667
0.140865
0.139014
0.135743
0.160789
0.172325
0.180659
0.000000
0.120292
0.139754
0.149951
0.159356
0.170760
0.179453
0.185307
0.114174
0.136171
0.147490
0.156186
0.166942
0.176566
0.183197
0.099662
0.126688
0.142040
0.150836
0.159488
0.169866
0.178076
0.183868
0.100814
0.125442
0.140218
0.148627
0.155754
0.164213
0.172646
0.178878
0.183486
0.000000
0.113214
0.128620
0.138527
0.144696
0.149125
0.152847
0.156265
0.159456
0.162202
0.164267
0.165488
0.165798
0.165162
0.163559
0.161025
0.176563
0.183629
0.104831
0.131604
0.145445
0.154562
0.165487
0.175978
0.183091
0.101071
0.128925
0.143893
0.152940
0.163068
0.173905
0.181486
0.000000
0.121284
0.139630
0.149421
0.158118
0.168837
0.177656
0.183800
0.101956
0.127271
0.141825
0.150258
0.158202
0.167842
0.176099
0.181981
0.000000
0.112404
0.130690
0.141603
0.148355
0.153962
0.159946
0.166419
0.172067
0.176279
0.179385
0.181710
0.183358
0.184440
0.185030
0.185240
0.185050
0.184449
0.183284
0.185761
0.118209
0.139004
0.149684
0.159304
0.170990
0.179820
0.185681
0.117282
0.138300
0.149065
0.158334
0.169795
0.178827
0.184927
0.111942
0.134993
0.146868
0.155573
0.166225
0.176088
0.182856
0.000000
0.125363
0.141316
0.150290
0.158761
0.169024
0.177402
0.183297
0.000000
0.122268
0.138128
0.146966
0.153723
0.161189
0.169395
0.175984
0.180751
0.184314
0.000000
0.109481
0.121786
0.130303
0.135826
0.139203
0.141123
0.141917
0.141613
0.140171
0.137202
0.128102
0.143942
0.153388
0.164229
0.175248
0.182753
0.099989
0.128845
0.144152
0.153431
0.164090
0.174986
0.182467
0.000000
0.126876
0.142922
0.152200
0.162153
0.173192
0.181026
0.000000
0.119679
0.138819
0.148914
0.157538
0.168187
0.177172
0.183423
0.099527
0.125497
0.140733
0.149348
0.156961
0.166135
0.174553
0.180576
0.184888
0.102637
0.122384
0.135406
0.143166
0.148332
0.152482
0.156265
0.159782
0.162767
0.164870
0.165918
0.165831
0.164561
0.162099
0.147541
0.156994
0.168782
0.178488
0.184929
0.113410
0.136633
0.148304
0.157712
0.169436
0.178809
0.185063
0.113760
0.136546
0.148088
0.157263
0.168689
0.178149
0.184519
0.109472
0.133708
0.146219
0.154952
0.165487
0.175566
0.182514
0.000000
0.123997
0.140577
0.149722
0.157991
0.168103
0.176629
0.182626
0.000000
0.117937
0.134983
0.144586
0.151055
0.157220
0.164141
0.170711
0.175672
0.179225
0.181824
0.183610
0.184684
0.185228
0.185289
0.184843
0.183843
0.160625
0.172506
0.181013
0.000000
0.123465
0.141789
0.151725
0.162104
0.173670
0.181733
0.000000
0.125434
0.142561
0.152193
0.162540
0.173863
0.181741
0.000000
0.124476
0.141841
0.151411
0.161197
0.172432
0.180543
0.000000
0.117983
0.137998
0.148405
0.156966
0.167516
0.176679
0.183030
0.000000
0.123412
0.139396
0.148238
0.155444
0.163856
0.172277
0.178446
0.182920
0.000000
0.105978
0.120483
0.130269
0.136346
0.139893
0.141694
0.142128
0.141169
0.138573
0.175407
0.183007
0.102385
0.130829
0.145402
0.154860
0.166308
0.176860
0.183976
0.107478
0.133542
0.146669
0.155993
0.167574
0.177624
0.184359
0.109504
0.134371
0.146936
0.156084
0.167429
0.177335
0.184070
0.106681
0.132225
0.145490
0.154303
0.164721
0.175027
0.182170
0.000000
0.122558
0.139799
0.149120
0.157200
0.167003
0.175664
0.181744
0.185945
0.111308
0.129518
0.140402
0.146880
0.151700
0.155985
0.159979
0.163307
0.165467
0.166231
0.165501
0.163208
0.184534
0.111602
0.136072
0.148197
0.157852
0.169900
0.179324
0.185536
0.117493
0.138950
0.149849
0.159757
0.171692
0.180446
0.000000
0.121093
0.140559
0.150794
0.160800
0.172465
0.180840
0.000000
0.121569
0.140502
0.150533
0.160144
0.171568
0.180022
0.185664
0.116160
0.137067
0.147888
0.156393
0.166832
0.176171
0.182609
0.000000
0.120786
0.137548
0.146687
0.153413
0.160547
0.168260
0.174437
0.178751
0.181797
0.183828
0.184928
0.185393
0.185202
0.184321
0.118735
0.139758
0.150487
0.160741
0.172728
0.181251
0.000000
0.124979
0.142663
0.152542
0.163373
0.174804
0.182597
0.099919
0.129334
0.144641
0.154111
0.165317
0.176143
0.183419
0.104184
0.131524
0.145553
0.154795
0.165938
0.176382
0.183446
0.103404
0.130459
0.144674
0.153626
0.163920
0.174474
0.181802
0.000000
0.121067
0.138919
0.148460
0.156272
0.165608
0.174275
0.180354
0.184625
0.098994
0.117413
0.129499
0.136652
0.140511
0.142194
0.142044
0.139865
0.142427
0.152450
0.163388
0.174926
0.182756
0.101337
0.130475
0.145352
0.154939
0.166571
0.177158
0.184227
0.109615
0.134988
0.147601
0.157184
0.169136
0.178811
0.185196
0.115401
0.137866
0.149123
0.158817
0.170698
0.179744
0.185712
0.117896
0.138802
0.149502
0.158986
0.170543
0.179383
0.185294
0.114161
0.136105
0.147346
0.155833
0.166139
0.175596
0.182130
0.000000
0.117008
0.134451
0.144047
0.150103
0.155176
0.159897
0.163792
0.166047
0.166281
0.164322
0.154148
0.165684
0.176625
0.183954
0.108196
0.134419
0.147398
0.157091
0.169186
0.178951
0.185360
0.116843
0.138828
0.149904
0.159992
0.172090
0.180817
0.000000
0.123417
0.141935
0.151950
0.162574
0.174180
0.182166
0.000000
0.127598
0.143753
0.153270
0.164099
0.175152
0.182674
0.099323
0.128253
0.143707
0.152884
0.163058
0.173884
0.181405
0.000000
0.119505
0.137960
0.147654
0.155091
0.163497
0.171746
0.177551
0.181445
0.183962
0.185173
0.185475
0.184768
0.167562
0.177947
0.184752
0.113399
0.137214
0.148994
0.158985
0.171210
0.180327
0.000000
0.122186
0.141486
0.151754
0.162486
0.174259
0.182323
0.098833
0.129035
0.144671
0.154310
0.165795
0.176630
0.183900
0.107569
0.133883
0.146988
0.156500
0.168340
0.178264
0.184821
0.112918
0.136445
0.148211
0.157594
0.169248
0.178616
0.184866
0.111849
0.134982
0.146791
0.155297
0.165416
0.174924
0.181442
0.185804
0.109765
0.126794
0.136438
0.141088
0.142540
0.141036
0.178912
0.185383
0.117276
0.139195
0.150242
0.160574
0.172722
0.181345
0.000000
0.126045
0.143343
0.153249
0.164525
0.175843
0.183407
0.105294
0.132865
0.146619
0.156270
0.168291
0.178384
0.185006
0.114791
0.137848
0.149299
0.159272
0.171401
0.180382
0.000000
0.121797
0.141122
0.151355
0.161739
0.173447
0.181627
0.000000
0.125181
0.142402
0.151978
0.162051
0.173185
0.180996
0.000000
0.117810
0.136657
0.146402
0.152984
0.159012
0.164107
0.166569
0.165444
0.185863
0.120073
0.140576
0.151182
0.161826
0.173823
0.182104
0.000000
0.128717
0.144642
0.154404
0.166077
0.176943
0.184178
0.109829
0.135404
0.148005
0.157824
0.170086
0.179601
0.185816
0.119687
0.140339
0.150968
0.161482
0.173466
0.181826
0.000000
0.127425
0.143950
0.153676
0.164994
0.176097
0.183516
0.105462
0.132674
0.146353
0.155776
0.167399
0.177537
0.184301
0.108826
0.133632
0.146205
0.154761
0.164618
0.173956
0.180052
0.183794
0.185417
0.185215
0.121954
0.141488
0.151843
0.162731
0.174544
0.182583
0.100817
0.130474
0.145506
0.155238
0.167143
0.177698
0.184632
0.112809
0.136998
0.148921
0.158961
0.171254
0.180400
0.000000
0.122805
0.141885
0.152108
0.163058
0.174769
0.182716
0.101491
0.130789
0.145628
0.155312
0.167181
0.177682
0.184594
0.112371
0.136655
0.148644
0.158513
0.170684
0.179938
0.185968
0.120097
0.140265
0.150673
0.160679
0.172283
0.180538
0.185932
0.115642
0.133735
0.141504
0.142174
0.142033
0.152246
0.163278
0.174967
0.182870
0.102526
0.131473
0.146020
0.155734
0.167777
0.178134
0.184901
0.114517
0.137907
0.149461
0.159638
0.171941
0.180847
0.000000
0.124541
0.142705
0.152786
0.163984
0.175497
0.183219
0.104485
0.132561
0.146541
0.156273
0.168399
0.178526
0.185147
0.115963
0.138583
0.149873
0.160122
0.172354
0.181106
0.000000
0.125269
0.142986
0.152954
0.164108
0.175493
0.183128
0.103276
0.131278
0.145403
0.154226
0.163067
0.166558
0.152399
0.163483
0.175125
0.182977
0.103149
0.131843
0.146196
0.155917
0.168009
0.178283
0.184999
0.115122
0.138212
0.149656
0.159881
0.172172
0.181006
0.000000
0.125134
0.142990
0.153023
0.164310
0.175749
0.183392
0.105487
0.133135
0.146842
0.156613
0.168797
0.178799
0.185330
0.117093
0.139170
0.150269
0.160668
0.172855
0.181474
0.000000
0.126749
0.143760
0.153648
0.165142
0.176339
0.183807
0.107757
0.134381
0.147488
0.157316
0.169585
0.179314
0.185662
