0.132259
0.133517
0.134647
0.135674
0.136578
0.137393
0.138133
0.138759
0.139330
0.139845
0.140273
0.140634
0.140944
0.141203
0.141411
0.141567
0.141671
0.141723
0.141723
0.141671
0.141567
0.141411
0.141203
0.140944
0.140634
0.140273
0.139845
0.139330
0.138759
0.138133
0.137393
0.136578
0.135674
0.134647
0.133517
0.132259
0.131394
0.132717
0.133928
0.134979
0.135959
0.136792
0.137561
0.138242
0.138824
0.139348
0.139816
0.140203
0.140519
0.140783
0.140995
0.141154
0.141260
0.141313
0.141313
0.141260
0.141154
0.140995
0.140783
0.140519
0.140203
0.139816
0.139348
0.138824
0.138242
0.137561
0.136792
0.135959
0.134979
0.133928
0.132717
0.131394
0.130499
0.131904
0.133143
0.134279
0.135276
0.136188
0.136971
0.137692
0.138315
0.138850
0.139327
0.139745
0.140094
0.140363
0.140579
0.140740
0.140848
0.140903
0.140903
0.140848
0.140740
0.140579
0.140363
0.140094
0.139745
0.139327
0.138850
0.138315
0.137692
0.136971
0.136188
0.135276
0.134279
0.133143
0.131904
0.130499
0.129567
0.131026
0.132352
0.133534
0.134589
0.135538
0.136378
0.137113
0.137784
0.138350
0.138836
0.139263
0.139629
0.139936
0.140162
0.140327
0.140437
0.140492
0.140492
0.140437
0.140327
0.140162
0.139936
0.139629
0.139263
0.138836
0.138350
0.137784
0.137113
0.136378
0.135538
0.134589
0.133534
0.132352
0.131026
0.129567
0.128591
0.130140
0.131519
0.132759
0.133888
0.134864
0.135760
0.136531
0.137214
0.137832
0.138344
0.138779
0.139153
0.139465
0.139716
0.139904
0.140026
0.140082
0.140082
0.140026
0.139904
0.139716
0.139465
0.139153
0.138779
0.138344
0.137832
0.137214
0.136531
0.135760
0.134864
0.133888
0.132759
0.131519
0.130140
0.128591
0.127580
0.129192
0.130650
0.131975
0.133128
0.134186
0.135099
0.135940
0.136643
0.137273
0.137834
0.138295
0.138676
0.138995
0.139250
0.139442
0.139570
0.139634
0.139634
0.139570
0.139442
0.139250
0.138995
0.138676
0.138295
0.137834
0.137273
0.136643
0.135940
0.135099
0.134186
0.133128
0.131975
0.130650
0.129192
0.127580
0.126522
0.128224
0.129756
0.131122
0.132361
0.133457
0.134434
0.135292
0.136069
0.136711
0.137285
0.137788
0.138198
0.138524
0.138784
0.138980
0.139111
0.139176
0.139176
0.139111
0.138980
0.138784
0.138524
0.138198
0.137788
0.137285
0.136711
0.136069
0.135292
0.134434
0.133457
0.132361
0.131122
0.129756
0.128224
0.126522
0.125422
0.127200
0.128808
0.130263
0.131555
0.132706
0.133743
0.134640
0.135440
0.136148
0.136733
0.137247
0.137689
0.138052
0.138318
0.138518
0.138652
0.138718
0.138718
0.138652
0.138518
0.138318
0.138052
0.137689
0.137247
0.136733
0.136148
0.135440
0.134640
0.133743
0.132706
0.131555
0.130263
0.128808
0.127200
0.125422
0.124281
0.126151
0.127840
0.129352
0.130713
0.131945
0.133008
0.133983
0.134801
0.135539
0.136180
0.136705
0.137156
0.137533
0.137835
0.138056
0.138192
0.138261
0.138261
0.138192
0.138056
0.137835
0.137533
0.137156
0.136705
0.136180
0.135539
0.134801
0.133983
0.133008
0.131945
0.130713
0.129352
0.127840
0.126151
0.124281
0.123085
0.125041
0.126812
0.128414
0.129854
0.131121
0.132267
0.133263
0.134159
0.134913
0.135586
0.136161
0.136622
0.137007
0.137316
0.137548
0.137703
0.137781
0.137781
0.137703
0.137548
0.137316
0.137007
0.136622
0.136161
0.135586
0.134913
0.134159
0.133263
0.132267
0.131121
0.129854
0.128414
0.126812
0.125041
0.123085
0.121854
0.123905
0.125761
0.127433
0.128936
0.130290
0.131482
0.132539
0.133469
0.134284
0.134972
0.135576
0.136087
0.136481
0.136797
0.137034
0.137193
0.137272
0.137272
0.137193
0.137034
0.136797
0.136481
0.136087
0.135576
0.134972
0.134284
0.133469
0.132539
0.131482
0.130290
0.128936
0.127433
0.125761
0.123905
0.121854
0.120559
0.122704
0.124653
0.126416
0.128009
0.129412
0.130670
0.131793
0.132759
0.133619
0.134355
0.134973
0.135505
0.135949
0.136277
0.136520
0.136683
0.136764
0.136764
0.136683
0.136520
0.136277
0.135949
0.135505
0.134973
0.134355
0.133619
0.132759
0.131793
0.130670
0.129412
0.128009
0.126416
0.124653
0.122704
0.120559
0.119217
0.121466
0.123508
0.125354
0.127015
0.128506
0.129839
0.130999
0.132046
0.132925
0.133711
0.134368
0.134912
0.135367
0.135732
0.136006
0.136172
0.136255
0.136255
0.136172
0.136006
0.135732
0.135367
0.134912
0.134368
0.133711
0.132925
0.132046
0.130999
0.129839
0.128506
0.127015
0.125354
0.123508
0.121466
0.119217
0.117827
0.120180
0.122318
0.124257
0.126009
0.127566
0.128954
0.130198
0.131273
0.132228
0.133032
0.133739
0.134318
0.134784
0.135158
0.135439
0.135627
0.135720
0.135720
0.135627
0.135439
0.135158
0.134784
0.134318
0.133739
0.133032
0.132228
0.131273
0.130198
0.128954
0.127566
0.126009
0.124257
0.122318
0.120180
0.117827
0.116371
0.118831
0.121073
0.123105
0.124938
0.126584
0.128060
0.129348
0.130491
0.131487
0.132349
0.133074
0.133697
0.134200
0.134583
0.134871
0.135064
0.135160
0.135160
0.135064
0.134871
0.134583
0.134200
0.133697
0.133074
0.132349
0.131487
0.130491
0.129348
0.128060
0.126584
0.124938
0.123105
0.121073
0.118831
0.116371
0.114854
0.117435
0.119789
0.121922
0.123845
0.125569
0.127106
0.128476
0.129682
0.130724
0.131636
0.132406
0.133045
0.133580
0.134008
0.134303
0.134501
0.134599
0.134599
0.134501
0.134303
0.134008
0.133580
0.133045
0.132406
0.131636
0.130724
0.129682
0.128476
0.127106
0.125569
0.123845
0.121922
0.119789
0.117435
0.114854
0.113277
0.115986
0.118442
0.120675
0.122694
0.124510
0.126137
0.127571
0.128832
0.129952
0.130891
0.131714
0.132391
0.132939
0.133380
0.133711
0.133932
0.134039
0.134039
0.133932
0.133711
0.133380
0.132939
0.132391
0.131714
0.130891
0.129952
0.128832
0.127571
0.126137
0.124510
0.122694
0.120675
0.118442
0.115986
0.113277
0.111632
0.114463
0.117041
0.119386
0.121506
0.123411
0.125113
0.126627
0.127973
0.129123
0.130141
0.130985
0.131713
0.132297
0.132750
0.133090
0.133317
0.133430
0.133430
0.133317
0.133090
0.132750
0.132297
0.131713
0.130985
0.130141
0.129123
0.127973
0.126627
0.125113
0.123411
0.121506
0.119386
0.117041
0.114463
0.111632
0.109914
0.112878
0.115587
0.118050
0.120270
0.122272
0.124068
0.125656
0.127054
0.128288
0.129343
0.130253
0.131001
0.131626
0.132119
0.132468
0.132702
0.132819
0.132819
0.132702
0.132468
0.132119
0.131626
0.131001
0.130253
0.129343
0.128288
0.127054
0.125656
0.124068
0.122272
0.120270
0.118050
0.115587
0.112878
0.109914
0.108113
0.111225
0.114070
0.116644
0.118977
0.121080
0.122963
0.124639
0.126126
0.127411
0.128529
0.129484
0.130286
0.130929
0.131445
0.131834
0.132086
0.132207
0.132207
0.132086
0.131834
0.131445
0.130929
0.130286
0.129484
0.128529
0.127411
0.126126
0.124639
0.122963
0.121080
0.118977
0.116644
0.114070
0.111225
0.108113
0.106227
0.109497
0.112478
0.115185
0.117640
0.119852
0.121832
0.123592
0.125145
0.126509
0.127692
0.128691
0.129537
0.130230
0.130761
0.131161
0.131429
0.131562
0.131562
0.131429
0.131161
0.130761
0.130230
0.129537
0.128691
0.127692
0.126509
0.125145
0.123592
0.121832
0.119852
0.117640
0.115185
0.112478
0.109497
0.106227
0.104251
0.107688
0.110817
0.113666
0.116243
0.118562
0.120644
0.122500
0.124145
0.125577
0.126815
0.127887
0.128765
0.129495
0.130076
0.130488
0.130763
0.130901
0.130901
0.130763
0.130488
0.130076
0.129495
0.128765
0.127887
0.126815
0.125577
0.124145
0.122500
0.120644
0.118562
0.116243
0.113666
0.110817
0.107688
0.104251
0.102178
0.105791
0.109080
0.112078
0.114781
0.117223
0.119414
0.121366
0.123092
0.124607
0.125927
0.127035
0.127988
0.128741
0.129346
0.129801
0.130098
0.130240
0.130240
0.130098
0.129801
0.129346
0.128741
0.127988
0.127035
0.125927
0.124607
0.123092
0.121366
0.119414
0.117223
0.114781
0.112078
0.109080
0.105791
0.102178
0.100001
0.103798
0.107259
0.110409
0.113258
0.115832
0.118139
0.120194
0.122018
0.123608
0.124986
0.126177
0.127160
0.127983
0.128608
0.129078
0.129392
0.129549
0.129549
0.129392
0.129078
0.128608
0.127983
0.127160
0.126177
0.124986
0.123608
0.122018
0.120194
0.118139
0.115832
0.113258
0.110409
0.107259
0.103798
0.100001
0.000000
0.101703
0.105348
0.108663
0.111667
0.114373
0.116799
0.118964
0.120883
0.122567
0.124036
0.125274
0.126326
0.127177
0.127861
0.128355
0.128679
0.128842
0.128842
0.128679
0.128355
0.127861
0.127177
0.126326
0.125274
0.124036
0.122567
0.120883
0.118964
0.116799
0.114373
0.111667
0.108663
0.105348
0.101703
0.000000
0.000000
0.099497
0.103338
0.106831
0.110001
0.112847
0.115408
0.117695
0.119719
0.121492
0.123031
0.124354
0.125459
0.126367
0.127074
0.127607
0.127964
0.128134
0.128134
0.127964
0.127607
0.127074
0.126367
0.125459
0.124354
0.123031
0.121492
0.119719
0.117695
0.115408
0.112847
0.110001
0.106831
0.103338
0.099497
0.000000
0.000000
0.000000
0.101221
0.104905
0.108246
0.111252
0.113960
0.116366
0.118500
0.120377
0.122012
0.123398
0.124568
0.125528
0.126285
0.126837
0.127206
0.127391
0.127391
0.127206
0.126837
0.126285
0.125528
0.124568
0.123398
0.122012
0.120377
0.118500
0.116366
0.113960
0.111252
0.108246
0.104905
0.101221
0.000000
0.000000
0.000000
0.000000
0.098988
0.102876
0.106402
0.109581
0.112434
0.114977
0.117233
0.119215
0.120936
0.122414
0.123655
0.124665
0.125465
0.126065
0.126449
0.126641
0.126641
0.126449
0.126065
0.125465
0.124665
0.123655
0.122414
0.120936
0.119215
0.117233
0.114977
0.112434
0.109581
0.106402
0.102876
0.098988
0.000000
0.000000
0.000000
0.000000
0.000000
0.100736
0.104461
0.107824
0.110836
0.113530
0.115920
0.118018
0.119838
0.121394
0.122706
0.123786
0.124627
0.125254
0.125673
0.125884
0.125884
0.125673
0.125254
0.124627
0.123786
0.122706
0.121394
0.119838
0.118018
0.115920
0.113530
0.110836
0.107824
0.104461
0.100736
0.000000
0.000000
0.000000
0.185903
0.000000
0.000000
0.098474
0.102413
0.105973
0.109160
0.112017
0.114537
0.116756
0.118686
0.120343
0.121736
0.122870
0.123775
0.124437
0.124874
0.125092
0.125092
0.124874
0.124437
0.123775
0.122870
0.121736
0.120343
0.118686
0.116756
0.114537
0.112017
0.109160
0.105973
0.102413
0.098474
0.000000
0.000000
0.185903
0.185538
0.000000
0.000000
0.000000
0.100247
0.104017
0.107395
0.110418
0.113093
0.115449
0.117496
0.119249
0.120725
0.121944
0.122889
0.123600
0.124073
0.124301
0.124301
0.124073
0.123600
0.122889
0.121944
0.120725
0.119249
0.117496
0.115449
0.113093
0.110418
0.107395
0.104017
0.100247
0.000000
0.000000
0.000000
0.185538
0.185161
0.185808
0.000000
0.000000
0.000000
0.101946
0.105533
0.108738
0.111583
0.114086
0.116258
0.118124
0.119691
0.120972
0.121997
0.122740
0.123237
0.123486
0.123486
0.123237
0.122740
0.121997
0.120972
0.119691
0.118124
0.116258
0.114086
0.111583
0.108738
0.105533
0.101946
0.000000
0.000000
0.000000
0.185808
0.185161
0.184769
0.185435
0.000000
0.000000
0.000000
0.099748
0.103560
0.106967
0.109997
0.112648
0.114960
0.116943
0.118613
0.119991
0.121062
0.121871
0.122396
0.122657
0.122657
0.122396
0.121871
0.121062
0.119991
0.118613
0.116943
0.114960
0.112648
0.109997
0.106967
0.103560
0.099748
0.000000
0.000000
0.000000
0.185435
0.184769
0.184361
0.185047
0.185708
0.000000
0.000000
0.000000
0.101466
0.105092
0.108315
0.111143
0.113609
0.115724
0.117502
0.118960
0.120120
0.120967
0.121536
0.121821
0.121821
0.121536
0.120967
0.120120
0.118960
0.117502
0.115724
0.113609
0.111143
0.108315
0.105092
0.101466
0.000000
0.000000
0.000000
0.185708
0.185047
0.184361
0.183921
0.184643
0.185325
0.185980
0.000000
0.000000
0.099236
0.103103
0.106538
0.109560
0.112192
0.114447
0.116349
0.117913
0.119137
0.120059
0.120657
0.120957
0.120957
0.120657
0.120059
0.119137
0.117913
0.116349
0.114447
0.112192
0.109560
0.106538
0.103103
0.099236
0.000000
0.000000
0.185980
0.185325
0.184643
0.183921
0.183368
0.184222
0.184924
0.185601
0.000000
0.000000
0.000000
0.100982
0.104652
0.107887
0.110696
0.113110
0.115145
0.116815
0.118141
0.119114
0.119767
0.120092
0.120092
0.119767
0.119114
0.118141
0.116815
0.115145
0.113110
0.110696
0.107887
0.104652
0.100982
0.000000
0.000000
0.000000
0.185601
0.184924
0.184222
0.183368
0.182789
0.183726
0.184506
0.185205
0.185876
0.000000
0.000000
0.098715
0.102643
0.106109
0.109119
0.111713
0.113899
0.115689
0.117102
0.118160
0.118851
0.119197
0.119197
0.118851
0.118160
0.117102
0.115689
0.113899
0.111713
0.109119
0.106109
0.102643
0.098715
0.000000
0.000000
0.185876
0.185205
0.184506
0.183726
0.182789
0.182183
0.183148
0.184067
0.184790
0.185485
0.000000
0.000000
0.000000
0.100493
0.104211
0.107449
0.110237
0.112583
0.114514
0.116045
0.117171
0.117929
0.118299
0.118299
0.117929
0.117171
0.116045
0.114514
0.112583
0.110237
0.107449
0.104211
0.100493
0.000000
0.000000
0.000000
0.185485
0.184790
0.184067
0.183148
0.182183
0.181489
0.182541
0.183507
0.184353
0.185073
0.185763
0.000000
0.000000
0.098183
0.102181
0.105671
0.108671
0.111206
0.113290
0.114937
0.116168
0.116974
0.117379
0.117379
0.116974
0.116168
0.114937
0.113290
0.111206
0.108671
0.105671
0.102181
0.098183
0.000000
0.000000
0.185763
0.185073
0.184353
0.183507
0.182541
0.181489
0.180736
0.181890
0.182899
0.183866
0.184639
0.185356
0.000000
0.000000
0.000000
0.099997
0.103765
0.107008
0.109756
0.112017
0.113802
0.115126
0.116015
0.116448
0.116448
0.116015
0.115126
0.113802
0.112017
0.109756
0.107008
0.103765
0.099997
0.000000
0.000000
0.000000
0.185356
0.184639
0.183866
0.182899
0.181890
0.180736
0.179937
0.181131
0.182257
0.183257
0.184179
0.184925
0.185638
0.000000
0.000000
0.000000
0.101710
0.105229
0.108214
0.110666
0.112612
0.114066
0.115019
0.115500
0.115500
0.115019
0.114066
0.112612
0.110666
0.108214
0.105229
0.101710
0.000000
0.000000
0.000000
0.185638
0.184925
0.184179
0.183257
0.182257
0.181131
0.179937
0.179016
0.180329
0.181524
0.182611
0.183614
0.184466
0.185210
0.185920
0.000000
0.000000
0.099479
0.103312
0.106563
0.109245
0.111373
0.112958
0.114018
0.114536
0.114536
0.114018
0.112958
0.111373
0.109245
0.106563
0.103312
0.099479
0.000000
0.000000
0.185920
0.185210
0.184466
0.183614
0.182611
0.181524
0.180329
0.179016
0.178043
0.179427
0.180712
0.181916
0.182965
0.183972
0.184753
0.185496
0.000000
0.000000
0.000000
0.101228
0.104788
0.107735
0.110077
0.111822
0.112977
0.113558
0.113558
0.112977
0.111822
0.110077
0.107735
0.104788
0.101228
0.000000
0.000000
0.000000
0.185496
0.184753
0.183972
0.182965
0.181916
0.180712
0.179427
0.178043
0.176917
0.178437
0.179834
0.181092
0.182271
0.183317
0.184263
0.185040
0.185781
0.000000
0.000000
0.098943
0.102859
0.106111
0.108695
0.110631
0.111924
0.112562
0.112562
0.111924
0.110631
0.108695
0.106111
0.102859
0.098943
0.000000
0.000000
0.185781
0.185040
0.184263
0.183317
0.182271
0.181092
0.179834
0.178437
0.176917
0.175692
0.177324
0.178822
0.180213
0.181468
0.182614
0.183668
0.184548
0.185327
0.000000
0.000000
0.000000
0.100739
0.104345
0.107225
0.109387
0.110828
0.111552
0.111552
0.110828
0.109387
0.107225
0.104345
0.100739
0.000000
0.000000
0.000000
0.185327
0.184548
0.183668
0.182614
0.181468
0.180213
0.178822
0.177324
0.175692
0.174296
0.176095
0.177718
0.179198
0.180569
0.181838
0.182954
0.184014
0.184833
0.185614
0.000000
0.000000
0.098380
0.102404
0.105639
0.108078
0.109706
0.110522
0.110522
0.109706
0.108078
0.105639
0.102404
0.098380
0.000000
0.000000
0.185614
0.184833
0.184014
0.182954
0.181838
0.180569
0.179198
0.177718
0.176095
0.174296
0.172704
0.174667
0.176452
0.178087
0.179560
0.180915
0.182179
0.183290
0.184292
0.185117
0.185900
0.000000
0.000000
0.100236
0.103898
0.106668
0.108535
0.109474
0.109474
0.108535
0.106668
0.103898
0.100236
0.000000
0.000000
0.185900
0.185117
0.184292
0.183290
0.182179
0.180915
0.179560
0.178087
0.176452
0.174667
0.172704
0.170900
0.173054
0.175010
0.176786
0.178412
0.179907
0.181249
0.182492
0.183619
0.184567
0.185400
0.000000
0.000000
0.000000
0.101946
0.105140
0.107309
0.108407
0.108407
0.107309
0.105140
0.101946
0.000000
0.000000
0.000000
0.185400
0.184567
0.183619
0.182492
0.181249
0.179907
0.178412
0.176786
0.175010
0.173054
0.170900
0.168856
0.171208
0.173364
0.175318
0.177091
0.178712
0.180210
0.181567
0.182794
0.183941
0.184838
0.185683
0.000000
0.000000
0.099698
0.103439
0.106011
0.107315
0.107315
0.106011
0.103439
0.099698
0.000000
0.000000
0.185683
0.184838
0.183941
0.182794
0.181567
0.180210
0.178712
0.177091
0.175318
0.173364
0.171208
0.168856
0.166570
0.169096
0.171461
0.173624
0.175582
0.177357
0.178980
0.180478
0.181861
0.183080
0.184201
0.185104
0.185963
0.000000
0.000000
0.101473
0.104586
0.106201
0.106201
0.104586
0.101473
0.000000
0.000000
0.185963
0.185104
0.184201
0.183080
0.181861
0.180478
0.178980
0.177357
0.175582
0.173624
0.171461
0.169096
0.166570
0.164083
0.166716
0.169262
0.171644
0.173820
0.175789
0.177572
0.179203
0.180709
0.182109
0.183340
0.184434
0.185361
0.000000
0.000000
0.099080
0.102969
0.105041
0.105041
0.102969
0.099080
0.000000
0.000000
0.185361
0.184434
0.183340
0.182109
0.180709
0.179203
0.177572
0.175789
0.173820
0.171644
0.169262
0.166716
0.164083
0.161490
0.164112
0.166768
0.169336
0.171739
0.173934
0.175920
0.177719
0.179366
0.180886
0.182296
0.183562
0.184642
0.185602
0.000000
0.000000
0.100982
0.103825
0.103825
0.100982
0.000000
0.000000
0.185602
0.184642
0.183562
0.182296
0.180886
0.179366
0.177719
0.175920
0.173934
0.171739
0.169336
0.166768
0.164112
0.161490
0.158892
0.161393
0.164027
0.166703
0.169294
0.171721
0.173941
0.175949
0.177772
0.179441
0.180984
0.182414
0.183718
0.184804
0.185809
0.000000
0.098153
0.102447
0.102447
0.098153
0.000000
0.185809
0.184804
0.183718
0.182414
0.180984
0.179441
0.177772
0.175949
0.173941
0.171721
0.169294
0.166703
0.164027
0.161393
0.158892
0.156352
0.158672
0.161168
0.163804
0.166492
0.169105
0.171557
0.173804
0.175841
0.177690
0.179386
0.180956
0.182415
0.183753
0.184869
0.185928
0.000000
0.100302
0.100302
0.000000
0.185928
0.184869
0.183753
0.182415
0.180956
0.179386
0.177690
0.175841
0.173804
0.171557
0.169105
0.166492
0.163804
0.161168
0.158672
0.156352
0.153890
0.156016
0.158312
0.160787
0.163410
0.166099
0.168726
0.171201
0.173475
0.175540
0.177416
0.179136
0.180728
0.182210
0.183545
0.184696
0.185736
0.000000
0.000000
0.185736
0.184696
0.183545
0.182210
0.180728
0.179136
0.177416
0.175540
0.173475
0.171201
0.168726
0.166099
0.163410
0.160787
0.158312
0.156016
0.153890
0.151466
0.153469
0.155563
0.157799
0.160217
0.162802
0.165467
0.168105
0.170594
0.172887
0.174971
0.176862
0.178586
0.180169
0.181589
0.182836
0.183903
0.184503
0.184503
0.183903
0.182836
0.181589
0.180169
0.178586
0.176862
0.174971
0.172887
0.170594
0.168105
0.165467
0.162802
0.160217
0.157799
0.155563
0.153469
0.151466
0.148963
0.150929
0.152903
0.154947
0.157117
0.159446
0.161934
0.164540
0.167141
0.169637
0.171949
0.174035
0.175901
0.177552
0.179008
0.180261
0.181202
0.181757
0.181757
0.181202
0.180261
0.179008
0.177552
0.175901
0.174035
0.171949
0.169637
0.167141
0.164540
0.161934
0.159446
0.157117
0.154947
0.152903
0.150929
0.148963
0.146254
0.148291
0.150239
0.152167
0.154138
0.156209
0.158422
0.160784
0.163258
0.165765
0.168196
0.170451
0.172483
0.174270
0.175789
0.177000
0.177906
0.178370
0.178370
0.177906
0.177000
0.175789
0.174270
0.172483
0.170451
0.168196
0.165765
0.163258
0.160784
0.158422
0.156209
0.154138
0.152167
0.150239
0.148291
0.146254
0.143087
0.145361
0.147425
0.149365
0.151252
0.153147
0.155097
0.157142
0.159303
0.161564
0.163873
0.166139
0.168255
0.170142
0.171733
0.172979
0.173875
0.174322
0.174322
0.173875
0.172979
0.171733
0.170142
0.168255
0.166139
0.163873
0.161564
0.159303
0.157142
0.155097
0.153147
0.151252
0.149365
0.147425
0.145361
0.143087
0.139167
0.141902
0.144248
0.146346
0.148281
0.150119
0.151915
0.153723
0.155576
0.157489
0.159459
0.161450
0.163395
0.165202
0.166775
0.168044
0.168914
0.169369
0.169369
0.168914
0.168044
0.166775
0.165202
0.163395
0.161450
0.159459
0.157489
0.155576
0.153723
0.151915
0.150119
0.148281
0.146346
0.144248
0.141902
0.139167
0.134035
0.137441
0.140336
0.142799
0.144964
0.146915
0.148721
0.150436
0.152094
0.153734
0.155374
0.156998
0.158579
0.160065
0.161411
0.162506
0.163289
0.163693
0.163693
0.163289
0.162506
0.161411
0.160065
0.158579
0.156998
0.155374
0.153734
0.152094
0.150436
0.148721
0.146915
0.144964
0.142799
0.140336
0.137441
0.134035
0.127160
0.131494
0.135183
0.138311
0.140940
0.143212
0.145205
0.146995
0.148639
0.150171
0.151612
0.152982
0.154259
0.155440
0.156472
0.157316
0.157901
0.158215
0.158215
0.157901
0.157316
0.156472
0.155440
0.154259
0.152982
0.151612
0.150171
0.148639
0.146995
0.145205
0.143212
0.140940
0.138311
0.135183
0.131494
0.127160
0.118389
0.123618
0.128238
0.132236
0.135635
0.138501
0.140928
0.143014
0.144831
0.146441
0.147875
0.149150
0.150298
0.151299
0.152142
0.152815
0.153278
0.153514
0.153514
0.153278
0.152815
0.152142
0.151299
0.150298
0.149150
0.147875
0.146441
0.144831
0.143014
0.140928
0.138501
0.135635
0.132236
0.128238
0.123618
0.118389
0.107649
0.113712
0.119169
0.124056
0.128347
0.132070
0.135214
0.137898
0.140143
0.142051
0.143659
0.145033
0.146223
0.147198
0.148009
0.148610
0.149021
0.149230
0.149230
0.149021
0.148610
0.148009
0.147198
0.146223
0.145033
0.143659
0.142051
0.140143
0.137898
0.135214
0.132070
0.128347
0.124056
0.119169
0.113712
0.107649
0.000000
0.101674
0.107967
0.113643
0.118741
0.123288
0.127288
0.130748
0.133703
0.136184
0.138247
0.139969
0.141353
0.142492
0.143381
0.144060
0.144483
0.144698
0.144698
0.144483
0.144060
0.143381
0.142492
0.141353
0.139969
0.138247
0.136184
0.133703
0.130748
0.127288
0.123288
0.118741
0.113643
0.107967
0.101674
0.000000
0.185376
0.000000
0.000000
0.100913
0.106797
0.112098
0.116827
0.121030
0.124721
0.127924
0.130624
0.132884
0.134736
0.136228
0.137361
0.138209
0.138740
0.139009
0.139009
0.138740
0.138209
0.137361
0.136228
0.134736
0.132884
0.130624
0.127924
0.124721
0.121030
0.116827
0.112098
0.106797
0.100913
0.000000
0.000000
0.185376
0.183419
0.184402
0.185248
0.000000
0.000000
0.098364
0.103821
0.108695
0.113022
0.116827
0.120139
0.122958
0.125326
0.127250
0.128755
0.129874
0.130590
0.130948
0.130948
0.130590
0.129874
0.128755
0.127250
0.125326
0.122958
0.120139
0.116827
0.113022
0.108695
0.103821
0.098364
0.000000
0.000000
0.185248
0.184402
0.183419
0.180956
0.182128
0.183155
0.184124
0.184897
0.185642
0.000000
0.000000
0.098549
0.102935
0.106769
0.110076
0.112859
0.115153
0.116969
0.118323
0.119214
0.119663
0.119663
0.119214
0.118323
0.116969
0.115153
0.112859
0.110076
0.106769
0.102935
0.098549
0.000000
0.000000
0.185642
0.184897
0.184124
0.183155
0.182128
0.180956
0.178091
0.179363
0.180546
0.181637
0.182612
0.183509
0.184293
0.184942
0.185552
0.000000
0.000000
0.000000
0.000000
0.099987
0.102082
0.103642
0.104677
0.105193
0.105193
0.104677
0.103642
0.102082
0.099987
0.000000
0.000000
0.000000
0.000000
0.185552
0.184942
0.184293
0.183509
0.182612
0.181637
0.180546
0.179363
0.178091
0.174675
0.176154
0.177474
0.178684
0.179804
0.180797
0.181726
0.182535
0.183264
0.183939
0.184444
0.184886
0.185274
0.185603
0.185872
0.000000
0.000000
0.000000
0.000000
0.000000
0.000000
0.185872
0.185603
0.185274
0.184886
0.184444
0.183939
0.183264
0.182535
0.181726
0.180797
0.179804
0.178684
0.177474
0.176154
0.174675
0.170596
0.172293
0.173835
0.175210
0.176470
0.177608
0.178626
0.179553
0.180380
0.181107
0.181769
0.182320
0.182779
0.183169
0.183486
0.183726
0.183888
0.183969
0.183969
0.183888
0.183726
0.183486
0.183169
0.182779
0.182320
0.181769
0.181107
0.180380
0.179553
0.178626
0.177608
0.176470
0.175210
0.173835
0.172293
0.170596
0.165835
0.167691
0.169427
0.171023
0.172482
0.173803
0.174963
0.176036
0.176947
0.177788
0.178501
0.179122
0.179664
0.180112
0.180450
0.180706
0.180878
0.180965
0.180965
0.180878
0.180706
0.180450
0.180112
0.179664
0.179122
0.178501
0.177788
0.176947
0.176036
0.174963
0.173803
0.172482
0.171023
0.169427
0.167691
0.165835
0.160881
0.162645
0.164395
0.166094
0.167698
0.169179
0.170534
0.171761
0.172832
0.173801
0.174621
0.175336
0.175960
0.176443
0.176831
0.177125
0.177323
0.177422
0.177422
0.177323
0.177125
0.176831
0.176443
0.175960
0.175336
0.174621
0.173801
0.172832
0.171761
0.170534
0.169179
0.167698
0.166094
0.164395
0.162645
0.160881
0.156363
0.157859
0.159393
0.160928
0.162444
0.163924
0.165338
0.166654
0.167868
0.168943
0.169913
0.170729
0.171434
0.172028
0.172473
0.172809
0.173035
0.173149
0.173149
0.173035
0.172809
0.172473
0.172028
0.171434
0.170729
0.169913
0.168943
0.167868
0.166654
0.165338
0.163924
0.162444
0.160928
0.159393
0.157859
0.156363
0.152377
0.153669
0.154962
0.156236
0.157520
0.158790
0.160021
0.161237
0.162379
0.163451
0.164426
0.165298
0.166056
0.166686
0.167195
0.167580
0.167838
0.167968
0.167968
0.167838
0.167580
0.167195
0.166686
0.166056
0.165298
0.164426
0.163451
0.162379
0.161237
0.160021
0.158790
0.157520
0.156236
0.154962
0.153669
0.152377
0.148568
0.149807
0.150988
0.152121
0.153226
0.154287
0.155326
0.156317
0.157277
0.158167
0.159015
0.159769
0.160447
0.161030
0.161501
0.161856
0.162098
0.162222
0.162222
0.162098
0.161856
0.161501
0.161030
0.160447
0.159769
0.159015
0.158167
0.157277
0.156317
0.155326
0.154287
0.153226
0.152121
0.150988
0.149807
0.148568
0.144436
0.145801
0.147030
0.148182
0.149237
0.150234
0.151164
0.152032
0.152854
0.153606
0.154299
0.154932
0.155481
0.155943
0.156337
0.156638
0.156840
0.156941
0.156941
0.156840
0.156638
0.156337
0.155943
0.155481
0.154932
0.154299
0.153606
0.152854
0.152032
0.151164
0.150234
0.149237
0.148182
0.147030
0.145801
0.144436
0.139282
0.140988
0.142498
0.143841
0.145015
0.146102
0.147054
0.147942
0.148727
0.149441
0.150084
0.150648
0.151136
0.151547
0.151879
0.152132
0.152304
0.152390
0.152390
0.152304
0.152132
0.151879
0.151547
0.151136
0.150648
0.150084
0.149441
0.148727
0.147942
0.147054
0.146102
0.145015
0.143841
0.142498
0.140988
0.139282
0.132184
0.134504
0.136530
0.138299
0.139840
0.141161
0.142346
0.143369
0.144283
0.145064
0.145767
0.146359
0.146857
0.147276
0.147614
0.147868
0.148037
0.148118
0.148118
0.148037
0.147868
0.147614
0.147276
0.146857
0.146359
0.145767
0.145064
0.144283
0.143369
0.142346
0.141161
0.139840
0.138299
0.136530
0.134504
0.132184
0.122349
0.125399
0.128128
0.130524
0.132632
0.134474
0.136084
0.137451
0.138640
0.139674
0.140541
0.141278
0.141915
0.142405
0.142792
0.143083
0.143279
0.143377
0.143377
0.143279
0.143083
0.142792
0.142405
0.141915
0.141278
0.140541
0.139674
0.138640
0.137451
0.136084
0.134474
0.132632
0.130524
0.128128
0.125399
0.122349
0.109767
0.113465
0.116818
0.119854
0.122570
0.124997
0.127149
0.129038
0.130684
0.132117
0.133316
0.134345
0.135185
0.135890
0.136415
0.136803
0.137063
0.137193
0.137193
0.137063
0.136803
0.136415
0.135890
0.135185
0.134345
0.133316
0.132117
0.130684
0.129038
0.127149
0.124997
0.122570
0.119854
0.116818
0.113465
0.109767
0.000000
0.098709
0.102690
0.106311
0.109586
0.112538
0.115186
0.117552
0.119645
0.121479
0.123070
0.124435
0.125578
0.126511
0.127244
0.127796
0.128156
0.128330
0.128330
0.128156
0.127796
0.127244
0.126511
0.125578
0.124435
0.123070
0.121479
0.119645
0.117552
0.115186
0.112538
0.109586
0.106311
0.102690
0.098709
0.000000
0.184986
0.185537
0.000000
0.000000
0.000000
0.000000
0.100240
0.103055
0.105565
0.107780
0.109710
0.111368
0.112770
0.113930
0.114837
0.115518
0.115974
0.116195
0.116195
0.115974
0.115518
0.114837
0.113930
0.112770
0.111368
0.109710
0.107780
0.105565
0.103055
0.100240
0.000000
0.000000
0.000000
0.000000
0.185537
0.184986
0.182540
0.183212
0.183853
0.184369
0.184830
0.185263
0.185668
0.000000
0.000000
0.000000
0.000000
0.000000
0.000000
0.098179
0.099264
0.100079
0.100613
0.100880
0.100880
0.100613
0.100079
0.099264
0.098179
0.000000
0.000000
0.000000
0.000000
0.000000
0.000000
0.185668
0.185263
0.184830
0.184369
0.183853
0.183212
0.182540
0.179513
0.180297
0.181002
0.181671
0.182270
0.182797
0.183289
0.183745
0.184131
0.184435
0.184708
0.184948
0.185156
0.185329
0.185469
0.185574
0.185644
0.185680
0.185680
0.185644
0.185574
0.185469
0.185329
0.185156
0.184948
0.184708
0.184435
0.184131
0.183745
0.183289
0.182797
0.182270
0.181671
0.181002
0.180297
0.179513
0.175951
0.176828
0.177660
0.178409
0.179088
0.179726
0.180291
0.180791
0.181250
0.181667
0.182036
0.182328
0.182579
0.182790
0.182959
0.183087
0.183172
0.183215
0.183215
0.183172
0.183087
0.182959
0.182790
0.182579
0.182328
0.182036
0.181667
0.181250
0.180791
0.180291
0.179726
0.179088
0.178409
0.177660
0.176828
0.175951
0.171623
0.172678
0.173657
0.174534
0.175334
0.176077
0.176714
0.177303
0.177843
0.178303
0.178703
0.179055
0.179358
0.179612
0.179816
0.179970
0.180066
0.180113
0.180113
0.180066
0.179970
0.179816
0.179612
0.179358
0.179055
0.178703
0.178303
0.177843
0.177303
0.176714
0.176077
0.175334
0.174534
0.173657
0.172678
0.171623
0.166479
0.167683
0.168796
0.169840
0.170775
0.171643
0.172418
0.173109
0.173742
0.174289
0.174759
0.175173
0.175529
0.175828
0.176061
0.176225
0.176335
0.176389
0.176389
0.176335
0.176225
0.176061
0.175828
0.175529
0.175173
0.174759
0.174289
0.173742
0.173109
0.172418
0.171643
0.170775
0.169840
0.168796
0.167683
0.166479
0.161058
0.162203
0.163326
0.164394
0.165409
0.166356
0.167229
0.168036
0.168747
0.169392
0.169969
0.170448
0.170859
0.171203
0.171480
0.171687
0.171826
0.171896
0.171896
0.171826
0.171687
0.171480
0.171203
0.170859
0.170448
0.169969
0.169392
0.168747
0.168036
0.167229
0.166356
0.165409
0.164394
0.163326
0.162203
0.161058
0.156158
0.157142
0.158083
0.159030
0.159923
0.160803
0.161628
0.162404
0.163127
0.163783
0.164374
0.164896
0.165346
0.165722
0.166024
0.166248
0.166398
0.166472
0.166472
0.166398
0.166248
0.166024
0.165722
0.165346
0.164896
0.164374
0.163783
0.163127
0.162404
0.161628
0.160803
0.159923
0.159030
0.158083
0.157142
0.156158
0.151900
0.152752
0.153565
0.154352
0.155115
0.155830
0.156530
0.157186
0.157788
0.158356
0.158877
0.159336
0.159730
0.160064
0.160345
0.160555
0.160696
0.160767
0.160767
0.160696
0.160555
0.160345
0.160064
0.159730
0.159336
0.158877
0.158356
0.157788
0.157186
0.156530
0.155830
0.155115
0.154352
0.153565
0.152752
0.151900
0.147815
0.148648
0.149432
0.150172
0.150863
0.151510
0.152115
0.152685
0.153206
0.153678
0.154106
0.154497
0.154834
0.155116
0.155342
0.155512
0.155625
0.155682
0.155682
0.155625
0.155512
0.155342
0.155116
0.154834
0.154497
0.154106
0.153678
0.153206
0.152685
0.152115
0.151510
0.150863
0.150172
0.149432
0.148648
0.147815
0.143237
0.144223
0.145091
0.145913
0.146635
0.147305
0.147929
0.148481
0.148983
0.149437
0.149844
0.150199
0.150503
0.150757
0.150962
0.151115
0.151218
0.151269
0.151269
0.151218
0.151115
0.150962
0.150757
0.150503
0.150199
0.149844
0.149437
0.148983
0.148481
0.147929
0.147305
0.146635
0.145913
0.145091
0.144223
0.143237
0.137302
0.138600
0.139766
0.140779
0.141709
0.142519
0.143245
0.143915
0.144479
0.144982
0.145431
0.145826
0.146154
0.146417
0.146628
0.146786
0.146892
0.146945
0.146945
0.146892
0.146786
0.146628
0.146417
0.146154
0.145826
0.145431
0.144982
0.144479
0.143915
0.143245
0.142519
0.141709
0.140779
0.139766
0.138600
0.137302
0.128883
0.130692
0.132314
0.133756
0.135019
0.136165
0.137145
0.138045
0.138790
0.139464
0.140059
0.140533
0.140941
0.141282
0.141555
0.141761
0.141898
0.141967
0.141967
0.141898
0.141761
0.141555
0.141282
0.140941
0.140533
0.140059
0.139464
0.138790
0.138045
0.137145
0.136165
0.135019
0.133756
0.132314
0.130692
0.128883
0.117426
0.119751
0.121866
0.123782
0.125506
0.127054
0.128441
0.129671
0.130743
0.131693
0.132502
0.133192
0.133786
0.134259
0.134624
0.134898
0.135081
0.135173
0.135173
0.135081
0.134898
0.134624
0.134259
0.133786
0.133192
0.132502
0.131693
0.130743
0.129671
0.128441
0.127054
0.125506
0.123782
0.121866
0.119751
0.117426
0.103003
0.105817
0.108390
0.110738
0.112876
0.114814
0.116564
0.118137
0.119530
0.120761
0.121844
0.122763
0.123549
0.124196
0.124698
0.125076
0.125328
0.125454
0.125454
0.125328
0.125076
0.124698
0.124196
0.123549
0.122763
0.121844
0.120761
0.119530
0.118137
0.116564
0.114814
0.112876
0.110738
0.108390
0.105817
0.103003
0.000000
0.000000
0.000000
0.000000
0.000000
0.099499
0.101609
0.103506
0.105202
0.106705
0.108028
0.109159
0.110128
0.110918
0.111551
0.112027
0.112335
0.112489
0.112489
0.112335
0.112027
0.111551
0.110918
0.110128
0.109159
0.108028
0.106705
0.105202
0.103506
0.101609
0.099499
0.000000
0.000000
0.000000
0.000000
0.000000
0.183775
0.184203
0.184567
0.184910
0.185233
0.185534
0.185814
0.000000
0.000000
0.000000
0.000000
0.000000
0.000000
0.000000
0.000000
0.000000
0.000000
0.000000
0.000000
0.000000
0.000000
0.000000
0.000000
0.000000
0.000000
0.000000
0.000000
0.000000
0.000000
0.185814
0.185534
0.185233
0.184910
0.184567
0.184203
0.183775
0.180847
0.181379
0.181882
0.182316
0.182712
0.183081
0.183424
0.183740
0.184023
0.184231
0.184418
0.184581
0.184721
0.184839
0.184933
0.185004
0.185051
0.185074
0.185074
0.185051
0.185004
0.184933
0.184839
0.184721
0.184581
0.184418
0.184231
0.184023
0.183740
0.183424
0.183081
0.182712
0.182316
0.181882
0.181379
0.180847
0.177399
0.178028
0.178571
0.179085
0.179566
0.180015
0.180394
0.180743
0.181062
0.181351
0.181608
0.181834
0.182025
0.182169
0.182284
0.182370
0.182428
0.182457
0.182457
0.182428
0.182370
0.182284
0.182169
0.182025
0.181834
0.181608
0.181351
0.181062
0.180743
0.180394
0.180015
0.179566
0.179085
0.178571
0.178028
0.177399
0.173260
0.174006
0.174652
0.175261
0.175832
0.176333
0.176783
0.177197
0.177576
0.177918
0.178203
0.178447
0.178656
0.178831
0.178971
0.179077
0.179147
0.179182
0.179182
0.179147
0.179077
0.178971
0.178831
0.178656
0.178447
0.178203
0.177918
0.177576
0.177197
0.176783
0.176333
0.175832
0.175261
0.174652
0.174006
0.173260
0.168251
0.169096
0.169897
0.170612
0.171278
0.171899
0.172439
0.172929
0.173376
0.173780
0.174128
0.174417
0.174665
0.174873
0.175039
0.175164
0.175247
0.175289
0.175289
0.175247
0.175164
0.175039
0.174873
0.174665
0.174417
0.174128
0.173780
0.173376
0.172929
0.172439
0.171899
0.171278
0.170612
0.169897
0.169096
0.168251
0.162672
0.163538
0.164363
0.165146
0.165881
0.166558
0.167185
0.167762
0.168277
0.168734
0.169141
0.169499
0.169807
0.170059
0.170253
0.170398
0.170495
0.170543
0.170543
0.170495
0.170398
0.170253
0.170059
0.169807
0.169499
0.169141
0.168734
0.168277
0.167762
0.167185
0.166558
0.165881
0.165146
0.164363
0.163538
0.162672
0.157452
0.158190
0.158926
0.159619
0.160284
0.160926
0.161521
0.162071
0.162590
0.163058
0.163475
0.163842
0.164158
0.164424
0.164637
0.164797
0.164904
0.164958
0.164958
0.164904
0.164797
0.164637
0.164424
0.164158
0.163842
0.163475
0.163058
0.162590
0.162071
0.161521
0.160926
0.160284
0.159619
0.158926
0.158190
0.157452
0.152953
0.153588
0.154198
0.154794
0.155353
0.155875
0.156383
0.156859
0.157293
0.157684
0.158036
0.158364
0.158646
0.158881
0.159069
0.159211
0.159305
0.159353
0.159353
0.159305
0.159211
0.159069
0.158881
0.158646
0.158364
0.158036
0.157684
0.157293
0.156859
0.156383
0.155875
0.155353
0.154794
0.154198
0.153588
0.152953
0.148778
0.149393
0.149975
0.150518
0.151028
0.151502
0.151943
0.152356
0.152735
0.153077
0.153382
0.153649
0.153879
0.154075
0.154237
0.154358
0.154440
0.154480
0.154480
0.154440
0.154358
0.154237
0.154075
0.153879
0.153649
0.153382
0.153077
0.152735
0.152356
0.151943
0.151502
0.151028
0.150518
0.149975
0.149393
0.148778
0.144296
0.144982
0.145631
0.146224
0.146754
0.147248
0.147707
0.148123
0.148490
0.148821
0.149116
0.149375
0.149598
0.149784
0.149933
0.150044
0.150118
0.150155
0.150155
0.150118
0.150044
0.149933
0.149784
0.149598
0.149375
0.149116
0.148821
0.148490
0.148123
0.147707
0.147248
0.146754
0.146224
0.145631
0.144982
0.144296
