0.165838
0.166002
0.166154
0.166298
0.166433
0.166559
0.166675
0.166782
0.166880
0.166969
0.167047
0.167117
0.167176
0.167225
0.167265
0.167295
0.167315
0.167325
0.167325
0.167315
0.167295
0.167265
0.167225
0.167176
0.167117
0.167047
0.166969
0.166880
0.166782
0.166675
0.166559
0.166433
0.166298
0.166154
0.166002
0.165838
0.163263
0.163427
0.163583
0.163730
0.163868
0.163996
0.164116
0.164227
0.164328
0.164420
0.164501
0.164573
0.164634
0.164685
0.164726
0.164757
0.164778
0.164788
0.164788
0.164778
0.164757
0.164726
0.164685
0.164634
0.164573
0.164501
0.164420
0.164328
0.164227
0.164116
0.163996
0.163868
0.163730
0.163583
0.163427
0.163263
0.160753
0.160915
0.161068
0.161212
0.161347
0.161473
0.161590
0.161698
0.161796
0.161885
0.161964
0.162035
0.162096
0.162148
0.162190
0.162221
0.162241
0.162252
0.162252
0.162241
0.162221
0.162190
0.162148
0.162096
0.162035
0.161964
0.161885
0.161796
0.161698
0.161590
0.161473
0.161347
0.161212
0.161068
0.160915
0.160753
0.158381
0.158536
0.158684
0.158822
0.158953
0.159074
0.159187
0.159291
0.159385
0.159471
0.159547
0.159614
0.159671
0.159720
0.159758
0.159787
0.159806
0.159816
0.159816
0.159806
0.159787
0.159758
0.159720
0.159671
0.159614
0.159547
0.159471
0.159385
0.159291
0.159187
0.159074
0.158953
0.158822
0.158684
0.158536
0.158381
0.156175
0.156323
0.156463
0.156595
0.156719
0.156835
0.156942
0.157041
0.157131
0.157213
0.157286
0.157350
0.157404
0.157450
0.157487
0.157515
0.157533
0.157542
0.157542
0.157533
0.157515
0.157487
0.157450
0.157404
0.157350
0.157286
0.157213
0.157131
0.157041
0.156942
0.156835
0.156719
0.156595
0.156463
0.156323
0.156175
0.154120
0.154261
0.154395
0.154521
0.154639
0.154750
0.154852
0.154947
0.155033
0.155111
0.155180
0.155241
0.155294
0.155337
0.155372
0.155399
0.155416
0.155425
0.155425
0.155416
0.155399
0.155372
0.155337
0.155294
0.155241
0.155180
0.155111
0.155033
0.154947
0.154852
0.154750
0.154639
0.154521
0.154395
0.154261
0.154120
0.152172
0.152309
0.152438
0.152560
0.152675
0.152782
0.152881
0.152973
0.153056
0.153132
0.153199
0.153258
0.153309
0.153351
0.153385
0.153411
0.153428
0.153436
0.153436
0.153428
0.153411
0.153385
0.153351
0.153309
0.153258
0.153199
0.153132
0.153056
0.152973
0.152881
0.152782
0.152675
0.152560
0.152438
0.152309
0.152172
0.150272
0.150408
0.150537
0.150658
0.150772
0.150879
0.150978
0.151069
0.151152
0.151227
0.151294
0.151353
0.151404
0.151446
0.151480
0.151505
0.151522
0.151531
0.151531
0.151522
0.151505
0.151480
0.151446
0.151404
0.151353
0.151294
0.151227
0.151152
0.151069
0.150978
0.150879
0.150772
0.150658
0.150537
0.150408
0.150272
0.148358
0.148498
0.148630
0.148755
0.148873
0.148983
0.149085
0.149179
0.149265
0.149342
0.149412
0.149472
0.149525
0.149568
0.149603
0.149630
0.149647
0.149656
0.149656
0.149647
0.149630
0.149603
0.149568
0.149525
0.149472
0.149412
0.149342
0.149265
0.149179
0.149085
0.148983
0.148873
0.148755
0.148630
0.148498
0.148358
0.146363
0.146512
0.146654
0.146788
0.146914
0.147032
0.147141
0.147242
0.147334
0.147417
0.147491
0.147556
0.147612
0.147659
0.147696
0.147725
0.147744
0.147753
0.147753
0.147744
0.147725
0.147696
0.147659
0.147612
0.147556
0.147491
0.147417
0.147334
0.147242
0.147141
0.147032
0.146914
0.146788
0.146654
0.146512
0.146363
0.144216
0.144381
0.144538
0.144685
0.144824
0.144954
0.145075
0.145186
0.145287
0.145379
0.145461
0.145533
0.145595
0.145647
0.145688
0.145720
0.145740
0.145751
0.145751
0.145740
0.145720
0.145688
0.145647
0.145595
0.145533
0.145461
0.145379
0.145287
0.145186
0.145075
0.144954
0.144824
0.144685
0.144538
0.144381
0.144216
0.141817
0.142022
0.142198
0.142364
0.142521
0.142667
0.142803
0.142928
0.143043
0.143147
0.143239
0.143320
0.143390
0.143449
0.143496
0.143531
0.143554
0.143566
0.143566
0.143554
0.143531
0.143496
0.143449
0.143390
0.143320
0.143239
0.143147
0.143043
0.142928
0.142803
0.142667
0.142521
0.142364
0.142198
0.142022
0.141817
0.139038
0.139274
0.139498
0.139709
0.139908
0.140084
0.140239
0.140382
0.140512
0.140631
0.140736
0.140829
0.140909
0.140975
0.141029
0.141069
0.141096
0.141109
0.141109
0.141096
0.141069
0.141029
0.140975
0.140909
0.140829
0.140736
0.140631
0.140512
0.140382
0.140239
0.140084
0.139908
0.139709
0.139498
0.139274
0.139038
0.135811
0.136096
0.136350
0.136590
0.136816
0.137027
0.137224
0.137405
0.137571
0.137721
0.137854
0.137972
0.138066
0.138142
0.138204
0.138249
0.138280
0.138296
0.138296
0.138280
0.138249
0.138204
0.138142
0.138066
0.137972
0.137854
0.137721
0.137571
0.137405
0.137224
0.137027
0.136816
0.136590
0.136350
0.136096
0.135811
0.131974
0.132304
0.132616
0.132911
0.133189
0.133449
0.133691
0.133914
0.134108
0.134277
0.134428
0.134561
0.134675
0.134771
0.134848
0.134906
0.134944
0.134963
0.134963
0.134944
0.134906
0.134848
0.134771
0.134675
0.134561
0.134428
0.134277
0.134108
0.133914
0.133691
0.133449
0.133189
0.132911
0.132616
0.132304
0.131974
0.127451
0.127863
0.128240
0.128589
0.128917
0.129224
0.129510
0.129774
0.130015
0.130219
0.130402
0.130563
0.130701
0.130817
0.130909
0.130979
0.131026
0.131049
0.131049
0.131026
0.130979
0.130909
0.130817
0.130701
0.130563
0.130402
0.130219
0.130015
0.129774
0.129510
0.129224
0.128917
0.128589
0.128240
0.127863
0.127451
0.122271
0.122736
0.123177
0.123595
0.123989
0.124341
0.124668
0.124971
0.125247
0.125498
0.125722
0.125919
0.126085
0.126219
0.126328
0.126409
0.126463
0.126490
0.126490
0.126463
0.126409
0.126328
0.126219
0.126085
0.125919
0.125722
0.125498
0.125247
0.124971
0.124668
0.124341
0.123989
0.123595
0.123177
0.122736
0.122271
0.116441
0.116973
0.117479
0.117959
0.118396
0.118805
0.119185
0.119537
0.119858
0.120144
0.120395
0.120616
0.120806
0.120965
0.121093
0.121189
0.121253
0.121285
0.121285
0.121253
0.121189
0.121093
0.120965
0.120806
0.120616
0.120395
0.120144
0.119858
0.119537
0.119185
0.118805
0.118396
0.117959
0.117479
0.116973
0.116441
0.109978
0.110577
0.111146
0.111685
0.112188
0.112650
0.113081
0.113479
0.113843
0.114169
0.114455
0.114707
0.114924
0.115106
0.115252
0.115362
0.115435
0.115472
0.115472
0.115435
0.115362
0.115252
0.115106
0.114924
0.114707
0.114455
0.114169
0.113843
0.113479
0.113081
0.112650
0.112188
0.111685
0.111146
0.110577
0.109978
0.102838
0.103520
0.104164
0.104764
0.105330
0.105860
0.106345
0.106790
0.107198
0.107568
0.107899
0.108185
0.108429
0.108634
0.108798
0.108921
0.109004
0.109045
0.109045
0.109004
0.108921
0.108798
0.108634
0.108429
0.108185
0.107899
0.107568
0.107198
0.106790
0.106345
0.105860
0.105330
0.104764
0.104164
0.103520
0.102838
0.000000
0.000000
0.000000
0.000000
0.000000
0.098396
0.098941
0.099446
0.099908
0.100320
0.100687
0.101010
0.101289
0.101522
0.101709
0.101850
0.101944
0.101991
0.101991
0.101944
0.101850
0.101709
0.101522
0.101289
0.101010
0.100687
0.100320
0.099908
0.099446
0.098941
0.098396
0.000000
0.000000
0.000000
0.000000
0.000000
0.000000
0.000000
0.000000
0.000000
0.000000
0.000000
0.000000
0.000000
0.000000
0.000000
0.000000
0.000000
0.000000
0.000000
0.000000
0.000000
0.000000
0.000000
0.000000
0.000000
0.000000
0.000000
0.000000
0.000000
0.000000
0.000000
0.000000
0.000000
0.000000
0.000000
0.000000
0.000000
0.000000
0.000000
0.000000
0.000000
0.185128
0.185230
0.185328
0.185420
0.185508
0.185590
0.185666
0.185737
0.185802
0.185861
0.185914
0.185961
0.000000
0.000000
0.000000
0.000000
0.000000
0.000000
0.000000
0.000000
0.000000
0.000000
0.000000
0.000000
0.185961
0.185914
0.185861
0.185802
0.185737
0.185666
0.185590
0.185508
0.185420
0.185328
0.185230
0.185128
0.184083
0.184187
0.184287
0.184382
0.184472
0.184556
0.184635
0.184708
0.184775
0.184836
0.184891
0.184939
0.184980
0.185015
0.185043
0.185064
0.185078
0.185085
0.185085
0.185078
0.185064
0.185043
0.185015
0.184980
0.184939
0.184891
0.184836
0.184775
0.184708
0.184635
0.184556
0.184472
0.184382
0.184287
0.184187
0.184083
0.182793
0.182928
0.183056
0.183178
0.183293
0.183402
0.183503
0.183598
0.183684
0.183763
0.183833
0.183895
0.183949
0.183994
0.184024
0.184046
0.184060
0.184068
0.184068
0.184060
0.184046
0.184024
0.183994
0.183949
0.183895
0.183833
0.183763
0.183684
0.183598
0.183503
0.183402
0.183293
0.183178
0.183056
0.182928
0.182793
0.181414
0.181570
0.181719
0.181860
0.181994
0.182107
0.182211
0.182308
0.182397
0.182478
0.182551
0.182615
0.182671
0.182717
0.182755
0.182783
0.182802
0.182811
0.182811
0.182802
0.182783
0.182755
0.182717
0.182671
0.182615
0.182551
0.182478
0.182397
0.182308
0.182211
0.182107
0.181994
0.181860
0.181719
0.181570
0.181414
0.179924
0.180091
0.180244
0.180389
0.180527
0.180657
0.180778
0.180891
0.180995
0.181089
0.181174
0.181249
0.181314
0.181368
0.181412
0.181445
0.181467
0.181478
0.181478
0.181467
0.181445
0.181412
0.181368
0.181314
0.181249
0.181174
0.181089
0.180995
0.180891
0.180778
0.180657
0.180527
0.180389
0.180244
0.180091
0.179924
0.178287
0.178468
0.178641
0.178806
0.178962
0.179110
0.179248
0.179376
0.179494
0.179602
0.179698
0.179784
0.179858
0.179920
0.179970
0.180007
0.180029
0.180041
0.180041
0.180029
0.180007
0.179970
0.179920
0.179858
0.179784
0.179698
0.179602
0.179494
0.179376
0.179248
0.179110
0.178962
0.178806
0.178641
0.178468
0.178287
0.176513
0.176717
0.176912
0.177099
0.177276
0.177443
0.177600
0.177746
0.177880
0.178002
0.178102
0.178191
0.178268
0.178332
0.178384
0.178423
0.178449
0.178462
0.178462
0.178449
0.178423
0.178384
0.178332
0.178268
0.178191
0.178102
0.178002
0.177880
0.177746
0.177600
0.177443
0.177276
0.177099
0.176912
0.176717
0.176513
0.174576
0.174807
0.175028
0.175239
0.175440
0.175630
0.175808
0.175974
0.176115
0.176242
0.176357
0.176458
0.176545
0.176619
0.176678
0.176723
0.176753
0.176768
0.176768
0.176753
0.176723
0.176678
0.176619
0.176545
0.176458
0.176357
0.176242
0.176115
0.175974
0.175808
0.175630
0.175440
0.175239
0.175028
0.174807
0.174576
0.172448
0.172708
0.172957
0.173196
0.173423
0.173638
0.173839
0.174025
0.174184
0.174328
0.174459
0.174574
0.174675
0.174759
0.174827
0.174878
0.174912
0.174929
0.174929
0.174912
0.174878
0.174827
0.174759
0.174675
0.174574
0.174459
0.174328
0.174184
0.174025
0.173839
0.173638
0.173423
0.173196
0.172957
0.172708
0.172448
0.170114
0.170404
0.170682
0.170949
0.171203
0.171443
0.171669
0.171880
0.172069
0.172234
0.172383
0.172515
0.172629
0.172725
0.172803
0.172861
0.172900
0.172920
0.172920
0.172900
0.172861
0.172803
0.172725
0.172629
0.172515
0.172383
0.172234
0.172069
0.171880
0.171669
0.171443
0.171203
0.170949
0.170682
0.170404
0.170114
0.167574
0.167904
0.168213
0.168506
0.168785
0.169050
0.169299
0.169532
0.169748
0.169945
0.170116
0.170265
0.170394
0.170503
0.170591
0.170657
0.170702
0.170724
0.170724
0.170702
0.170657
0.170591
0.170503
0.170394
0.170265
0.170116
0.169945
0.169748
0.169532
0.169299
0.169050
0.168785
0.168506
0.168213
0.167904
0.167574
0.164916
0.165261
0.165593
0.165912
0.166214
0.166499
0.166768
0.167020
0.167253
0.167468
0.167661
0.167833
0.167983
0.168105
0.168203
0.168277
0.168326
0.168351
0.168351
0.168326
0.168277
0.168203
0.168105
0.167983
0.167833
0.167661
0.167468
0.167253
0.167020
0.166768
0.166499
0.166214
0.165912
0.165593
0.165261
0.164916
0.162246
0.162597
0.162936
0.163261
0.163573
0.163869
0.164151
0.164417
0.164663
0.164890
0.165095
0.165278
0.165436
0.165571
0.165679
0.165761
0.165817
0.165844
0.165844
0.165817
0.165761
0.165679
0.165571
0.165436
0.165278
0.165095
0.164890
0.164663
0.164417
0.164151
0.163869
0.163573
0.163261
0.162936
0.162597
0.162246
0.159681
0.160012
0.160349
0.160673
0.160984
0.161281
0.161561
0.161824
0.162072
0.162306
0.162518
0.162707
0.162872
0.163011
0.163124
0.163209
0.163267
0.163296
0.163296
0.163267
0.163209
0.163124
0.163011
0.162872
0.162707
0.162518
0.162306
0.162072
0.161824
0.161561
0.161281
0.160984
0.160673
0.160349
0.160012
0.159681
0.157287
0.157605
0.157913
0.158224
0.158528
0.158819
0.159094
0.159354
0.159596
0.159818
0.160022
0.160214
0.160381
0.160522
0.160637
0.160724
0.160783
0.160812
0.160812
0.160783
0.160724
0.160637
0.160522
0.160381
0.160214
0.160022
0.159818
0.159596
0.159354
0.159094
0.158819
0.158528
0.158224
0.157913
0.157605
0.157287
0.155057
0.155363
0.155661
0.155948
0.156239
0.156521
0.156789
0.157042
0.157278
0.157497
0.157695
0.157873
0.158031
0.158172
0.158287
0.158374
0.158433
0.158462
0.158462
0.158433
0.158374
0.158287
0.158172
0.158031
0.157873
0.157695
0.157497
0.157278
0.157042
0.156789
0.156521
0.156239
0.155948
0.155661
0.155363
0.155057
0.152955
0.153255
0.153546
0.153828
0.154105
0.154379
0.154640
0.154887
0.155118
0.155333
0.155528
0.155704
0.155858
0.155989
0.156102
0.156188
0.156247
0.156276
0.156276
0.156247
0.156188
0.156102
0.155989
0.155858
0.155704
0.155528
0.155333
0.155118
0.154887
0.154640
0.154379
0.154105
0.153828
0.153546
0.153255
0.152955
0.150923
0.151224
0.151517
0.151802
0.152078
0.152349
0.152607
0.152852
0.153082
0.153296
0.153492
0.153668
0.153823
0.153955
0.154066
0.154152
0.154210
0.154240
0.154240
0.154210
0.154152
0.154066
0.153955
0.153823
0.153668
0.153492
0.153296
0.153082
0.152852
0.152607
0.152349
0.152078
0.151802
0.151517
0.151224
0.150923
0.148891
0.149205
0.149510
0.149808
0.150094
0.150369
0.150632
0.150881
0.151117
0.151336
0.151538
0.151720
0.151880
0.152018
0.152133
0.152221
0.152280
0.152310
0.152310
0.152280
0.152221
0.152133
0.152018
0.151880
0.151720
0.151538
0.151336
0.151117
0.150881
0.150632
0.150369
0.150094
0.149808
0.149510
0.149205
0.148891
0.146782
0.147120
0.147450
0.147772
0.148081
0.148369
0.148646
0.148911
0.149160
0.149394
0.149609
0.149805
0.149978
0.150125
0.150245
0.150338
0.150400
0.150432
0.150432
0.150400
0.150338
0.150245
0.150125
0.149978
0.149805
0.149609
0.149394
0.149160
0.148911
0.148646
0.148369
0.148081
0.147772
0.147450
0.147120
0.146782
0.144504
0.144880
0.145248
0.145607
0.145958
0.146275
0.146578
0.146867
0.147142
0.147401
0.147640
0.147858
0.148050
0.148209
0.148340
0.148441
0.148510
0.148544
0.148544
0.148510
0.148441
0.148340
0.148209
0.148050
0.147858
0.147640
0.147401
0.147142
0.146867
0.146578
0.146275
0.145958
0.145607
0.145248
0.144880
0.144504
0.141952
0.142382
0.142800
0.143210
0.143610
0.143999
0.144340
0.144668
0.144981
0.145275
0.145550
0.145801
0.146024
0.146204
0.146354
0.146469
0.146547
0.146587
0.146587
0.146547
0.146469
0.146354
0.146204
0.146024
0.145801
0.145550
0.145275
0.144981
0.144668
0.144340
0.143999
0.143610
0.143210
0.142800
0.142382
0.141952
0.138922
0.139465
0.140000
0.140471
0.140932
0.141382
0.141819
0.142216
0.142579
0.142923
0.143245
0.143541
0.143808
0.144037
0.144213
0.144349
0.144442
0.144490
0.144490
0.144442
0.144349
0.144213
0.144037
0.143808
0.143541
0.143245
0.142923
0.142579
0.142216
0.141819
0.141382
0.140932
0.140471
0.140000
0.139465
0.138922
0.135317
0.135999
0.136609
0.137211
0.137801
0.138342
0.138849
0.139341
0.139815
0.140240
0.140621
0.140976
0.141297
0.141579
0.141816
0.142001
0.142116
0.142174
0.142174
0.142116
0.142001
0.141816
0.141579
0.141297
0.140976
0.140621
0.140240
0.139815
0.139341
0.138849
0.138342
0.137801
0.137211
0.136609
0.135999
0.135317
0.130942
0.131764
0.132534
0.133277
0.134009
0.134669
0.135315
0.135944
0.136502
0.137033
0.137537
0.138007
0.138395
0.138740
0.139032
0.139263
0.139423
0.139505
0.139505
0.139423
0.139263
0.139032
0.138740
0.138395
0.138007
0.137537
0.137033
0.136502
0.135944
0.135315
0.134669
0.134009
0.133277
0.132534
0.131764
0.130942
0.125713
0.126680
0.127625
0.128528
0.129400
0.130242
0.131032
0.131805
0.132516
0.133190
0.133835
0.134406
0.134923
0.135386
0.135785
0.136094
0.136297
0.136402
0.136402
0.136297
0.136094
0.135785
0.135386
0.134923
0.134406
0.133835
0.133190
0.132516
0.131805
0.131032
0.130242
0.129400
0.128528
0.127625
0.126680
0.125713
0.119601
0.120732
0.121841
0.122903
0.123950
0.124942
0.125918
0.126834
0.127728
0.128563
0.129355
0.130103
0.130764
0.131368
0.131895
0.132300
0.132583
0.132731
0.132731
0.132583
0.132300
0.131895
0.131368
0.130764
0.130103
0.129355
0.128563
0.127728
0.126834
0.125918
0.124942
0.123950
0.122903
0.121841
0.120732
0.119601
0.112629
0.113929
0.115186
0.116420
0.117621
0.118784
0.119925
0.121012
0.122078
0.123084
0.124062
0.124965
0.125824
0.126590
0.127266
0.127830
0.128228
0.128436
0.128436
0.128228
0.127830
0.127266
0.126590
0.125824
0.124965
0.124062
0.123084
0.122078
0.121012
0.119925
0.118784
0.117621
0.116420
0.115186
0.113929
0.112629
0.104754
0.106222
0.107653
0.109051
0.110422
0.111760
0.113058
0.114329
0.115559
0.116748
0.117903
0.118996
0.120045
0.121005
0.121885
0.122620
0.123175
0.123481
0.123481
0.123175
0.122620
0.121885
0.121005
0.120045
0.118996
0.117903
0.116748
0.115559
0.114329
0.113058
0.111760
0.110422
0.109051
0.107653
0.106222
0.104754
0.000000
0.000000
0.099160
0.100738
0.102286
0.103801
0.105279
0.106726
0.108144
0.109517
0.110853
0.112153
0.113394
0.114577
0.115681
0.116657
0.117439
0.117900
0.117900
0.117439
0.116657
0.115681
0.114577
0.113394
0.112153
0.110853
0.109517
0.108144
0.106726
0.105279
0.103801
0.102286
0.100738
0.099160
0.000000
0.000000
0.000000
0.000000
0.000000
0.000000
0.000000
0.000000
0.000000
0.098132
0.099731
0.101296
0.102829
0.104328
0.105787
0.107196
0.108552
0.109824
0.110929
0.111678
0.111678
0.110929
0.109824
0.108552
0.107196
0.105787
0.104328
0.102829
0.101296
0.099731
0.098132
0.000000
0.000000
0.000000
0.000000
0.000000
0.000000
0.000000
0.184901
0.185116
0.185331
0.185546
0.185761
0.185976
0.000000
0.000000
0.000000
0.000000
0.000000
0.000000
0.000000
0.098697
0.100295
0.101853
0.103350
0.104681
0.104681
0.103350
0.101853
0.100295
0.098697
0.000000
0.000000
0.000000
0.000000
0.000000
0.000000
0.000000
0.185976
0.185761
0.185546
0.185331
0.185116
0.184901
0.183585
0.183854
0.184098
0.184313
0.184528
0.184743
0.184958
0.185173
0.185388
0.185603
0.185818
0.000000
0.000000
0.000000
0.000000
0.000000
0.000000
0.000000
0.000000
0.000000
0.000000
0.000000
0.000000
0.000000
0.000000
0.185818
0.185603
0.185388
0.185173
0.184958
0.184743
0.184528
0.184313
0.184098
0.183854
0.183585
0.182027
0.182295
0.182563
0.182831
0.183099
0.183366
0.183633
0.183900
0.184133
0.184345
0.184557
0.184767
0.184976
0.185182
0.185383
0.185575
0.185746
0.185862
0.185862
0.185746
0.185575
0.185383
0.185182
0.184976
0.184767
0.184557
0.184345
0.184133
0.183900
0.183633
0.183366
0.183099
0.182831
0.182563
0.182295
0.182027
0.180255
0.180555
0.180855
0.181155
0.181454
0.181753
0.182044
0.182307
0.182568
0.182828
0.183085
0.183338
0.183586
0.183827
0.184044
0.184209
0.184342
0.184421
0.184421
0.184342
0.184209
0.184044
0.183827
0.183586
0.183338
0.183085
0.182828
0.182568
0.182307
0.182044
0.181753
0.181454
0.181155
0.180855
0.180555
0.180255
0.178306
0.178634
0.178961
0.179287
0.179612
0.179935
0.180232
0.180522
0.180809
0.181092
0.181370
0.181642
0.181904
0.182135
0.182338
0.182512
0.182645
0.182718
0.182718
0.182645
0.182512
0.182338
0.182135
0.181904
0.181642
0.181370
0.181092
0.180809
0.180522
0.180232
0.179935
0.179612
0.179287
0.178961
0.178634
0.178306
0.176146
0.176502
0.176856
0.177209
0.177559
0.177907
0.178229
0.178538
0.178844
0.179143
0.179434
0.179716
0.179983
0.180210
0.180412
0.180580
0.180703
0.180768
0.180768
0.180703
0.180580
0.180412
0.180210
0.179983
0.179716
0.179434
0.179143
0.178844
0.178538
0.178229
0.177907
0.177559
0.177209
0.176856
0.176502
0.176146
0.173704
0.174115
0.174498
0.174878
0.175255
0.175628
0.175996
0.176325
0.176648
0.176962
0.177265
0.177554
0.177825
0.178066
0.178262
0.178422
0.178536
0.178596
0.178596
0.178536
0.178422
0.178262
0.178066
0.177825
0.177554
0.177265
0.176962
0.176648
0.176325
0.175996
0.175628
0.175255
0.174878
0.174498
0.174115
0.173704
0.170937
0.171386
0.171831
0.172251
0.172653
0.173050
0.173440
0.173822
0.174177
0.174505
0.174819
0.175115
0.175390
0.175636
0.175848
0.176016
0.176124
0.176180
0.176180
0.176124
0.176016
0.175848
0.175636
0.175390
0.175115
0.174819
0.174505
0.174177
0.173822
0.173440
0.173050
0.172653
0.172251
0.171831
0.171386
0.170937
0.167871
0.168344
0.168808
0.169265
0.169716
0.170149
0.170557
0.170954
0.171338
0.171707
0.172053
0.172356
0.172632
0.172878
0.173087
0.173251
0.173365
0.173424
0.173424
0.173365
0.173251
0.173087
0.172878
0.172632
0.172356
0.172053
0.171707
0.171338
0.170954
0.170557
0.170149
0.169716
0.169265
0.168808
0.168344
0.167871
0.164577
0.165061
0.165538
0.166008
0.166464
0.166909
0.167344
0.167765
0.168164
0.168536
0.168886
0.169211
0.169506
0.169765
0.169983
0.170144
0.170254
0.170310
0.170310
0.170254
0.170144
0.169983
0.169765
0.169506
0.169211
0.168886
0.168536
0.168164
0.167765
0.167344
0.166909
0.166464
0.166008
0.165538
0.165061
0.164577
0.161291
0.161741
0.162191
0.162642
0.163084
0.163516
0.163935
0.164343
0.164735
0.165106
0.165454
0.165775
0.166062
0.166310
0.166517
0.166677
0.166786
0.166842
0.166842
0.166786
0.166677
0.166517
0.166310
0.166062
0.165775
0.165454
0.165106
0.164735
0.164343
0.163935
0.163516
0.163084
0.162642
0.162191
0.161741
0.161291
0.158187
0.158601
0.159009
0.159408
0.159798
0.160187
0.160575
0.160948
0.161303
0.161638
0.161950
0.162245
0.162510
0.162739
0.162929
0.163076
0.163176
0.163227
0.163227
0.163176
0.163076
0.162929
0.162739
0.162510
0.162245
0.161950
0.161638
0.161303
0.160948
0.160575
0.160187
0.159798
0.159408
0.159009
0.158601
0.158187
0.155363
0.155717
0.156068
0.156429
0.156782
0.157123
0.157452
0.157767
0.158071
0.158371
0.158649
0.158903
0.159128
0.159322
0.159482
0.159605
0.159689
0.159731
0.159731
0.159689
0.159605
0.159482
0.159322
0.159128
0.158903
0.158649
0.158371
0.158071
0.157767
0.157452
0.157123
0.156782
0.156429
0.156068
0.155717
0.155363
0.152743
0.153070
0.153389
0.153700
0.154003
0.154310
0.154606
0.154888
0.155154
0.155404
0.155634
0.155842
0.156028
0.156198
0.156337
0.156443
0.156515
0.156551
0.156551
0.156515
0.156443
0.156337
0.156198
0.156028
0.155842
0.155634
0.155404
0.155154
0.154888
0.154606
0.154310
0.154003
0.153700
0.153389
0.153070
0.152743
0.150223
0.150533
0.150835
0.151129
0.151414
0.151688
0.151951
0.152206
0.152447
0.152672
0.152878
0.153065
0.153229
0.153370
0.153485
0.153573
0.153632
0.153662
0.153662
0.153632
0.153573
0.153485
0.153370
0.153229
0.153065
0.152878
0.152672
0.152447
0.152206
0.151951
0.151688
0.151414
0.151129
0.150835
0.150533
0.150223
0.147668
0.147987
0.148284
0.148572
0.148850
0.149117
0.149372
0.149613
0.149840
0.150051
0.150242
0.150414
0.150565
0.150694
0.150799
0.150879
0.150933
0.150960
0.150960
0.150933
0.150879
0.150799
0.150694
0.150565
0.150414
0.150242
0.150051
0.149840
0.149613
0.149372
0.149117
0.148850
0.148572
0.148284
0.147987
0.147668
0.144911
0.145246
0.145572
0.145887
0.146176
0.146446
0.146702
0.146945
0.147172
0.147383
0.147575
0.147748
0.147899
0.148027
0.148126
0.148202
0.148254
0.148279
0.148279
0.148254
0.148202
0.148126
0.148027
0.147899
0.147748
0.147575
0.147383
0.147172
0.146945
0.146702
0.146446
0.146176
0.145887
0.145572
0.145246
0.144911
0.141779
0.142161
0.142509
0.142846
0.143169
0.143479
0.143773
0.144045
0.144280
0.144497
0.144695
0.144872
0.145027
0.145158
0.145265
0.145346
0.145401
0.145428
0.145428
0.145401
0.145346
0.145265
0.145158
0.145027
0.144872
0.144695
0.144497
0.144280
0.144045
0.143773
0.143479
0.143169
0.142846
0.142509
0.142161
0.141779
0.137987
0.138422
0.138841
0.139246
0.139635
0.140005
0.140320
0.140617
0.140893
0.141148
0.141380
0.141587
0.141768
0.141921
0.142040
0.142125
0.142181
0.142210
0.142210
0.142181
0.142125
0.142040
0.141921
0.141768
0.141587
0.141380
0.141148
0.140893
0.140617
0.140320
0.140005
0.139635
0.139246
0.138841
0.138422
0.137987
0.133213
0.133776
0.134293
0.134772
0.135232
0.135670
0.136077
0.136430
0.136758
0.137061
0.137335
0.137579
0.137793
0.137973
0.138107
0.138207
0.138273
0.138307
0.138307
0.138273
0.138207
0.138107
0.137973
0.137793
0.137579
0.137335
0.137061
0.136758
0.136430
0.136077
0.135670
0.135232
0.134772
0.134293
0.133776
0.133213
0.127289
0.127959
0.128571
0.129157
0.129717
0.130234
0.130705
0.131146
0.131555
0.131932
0.132252
0.132533
0.132777
0.132984
0.133151
0.133277
0.133362
0.133404
0.133404
0.133362
0.133277
0.133151
0.132984
0.132777
0.132533
0.132252
0.131932
0.131555
0.131146
0.130705
0.130234
0.129717
0.129157
0.128571
0.127959
0.127289
0.120149
0.120897
0.121619
0.122299
0.122933
0.123535
0.124099
0.124607
0.125078
0.125510
0.125900
0.126235
0.126521
0.126762
0.126958
0.127105
0.127204
0.127254
0.127254
0.127204
0.127105
0.126958
0.126762
0.126521
0.126235
0.125900
0.125510
0.125078
0.124607
0.124099
0.123535
0.122933
0.122299
0.121619
0.120897
0.120149
0.111833
0.112672
0.113474
0.114236
0.114947
0.115622
0.116248
0.116823
0.117355
0.117842
0.118272
0.118649
0.118976
0.119252
0.119474
0.119642
0.119755
0.119812
0.119812
0.119755
0.119642
0.119474
0.119252
0.118976
0.118649
0.118272
0.117842
0.117355
0.116823
0.116248
0.115622
0.114947
0.114236
0.113474
0.112672
0.111833
0.102315
0.103245
0.104136
0.104970
0.105764
0.106504
0.107193
0.107837
0.108420
0.108949
0.109427
0.109850
0.110211
0.110512
0.110754
0.110937
0.111060
0.111122
0.111122
0.111060
0.110937
0.110754
0.110512
0.110211
0.109850
0.109427
0.108949
0.108420
0.107837
0.107193
0.106504
0.105764
0.104970
0.104136
0.103245
0.102315
0.000000
0.000000
0.000000
0.000000
0.000000
0.000000
0.000000
0.000000
0.098217
0.098796
0.099317
0.099778
0.100174
0.100503
0.100768
0.100968
0.101102
0.101169
0.101169
0.101102
0.100968
0.100768
0.100503
0.100174
0.099778
0.099317
0.098796
0.098217
0.000000
0.000000
0.000000
0.000000
0.000000
0.000000
0.000000
0.000000
0.185373
0.185495
0.185613
0.185725
0.185832
0.185933
0.000000
0.000000
0.000000
0.000000
0.000000
0.000000
0.000000
0.000000
0.000000
0.000000
0.000000
0.000000
0.000000
0.000000
0.000000
0.000000
0.000000
0.000000
0.000000
0.000000
0.000000
0.000000
0.000000
0.000000
0.185933
0.185832
0.185725
0.185613
0.185495
0.185373
0.183955
0.184083
0.184197
0.184306
0.184410
0.184508
0.184599
0.184684
0.184763
0.184835
0.184899
0.184956
0.185005
0.185047
0.185080
0.185105
0.185122
0.185130
0.185130
0.185122
0.185105
0.185080
0.185047
0.185005
0.184956
0.184899
0.184835
0.184763
0.184684
0.184599
0.184508
0.184410
0.184306
0.184197
0.184083
0.183955
0.182188
0.182334
0.182473
0.182606
0.182731
0.182850
0.182961
0.183064
0.183159
0.183246
0.183324
0.183392
0.183452
0.183502
0.183542
0.183572
0.183592
0.183603
0.183603
0.183592
0.183572
0.183542
0.183502
0.183452
0.183392
0.183324
0.183246
0.183159
0.183064
0.182961
0.182850
0.182731
0.182606
0.182473
0.182334
0.182188
0.180217
0.180376
0.180529
0.180675
0.180813
0.180942
0.181064
0.181177
0.181281
0.181375
0.181460
0.181535
0.181600
0.181654
0.181698
0.181731
0.181753
0.181764
0.181764
0.181753
0.181731
0.181698
0.181654
0.181600
0.181535
0.181460
0.181375
0.181281
0.181177
0.181064
0.180942
0.180813
0.180675
0.180529
0.180376
0.180217
0.178037
0.178209
0.178373
0.178528
0.178676
0.178815
0.178945
0.179065
0.179176
0.179277
0.179367
0.179447
0.179516
0.179574
0.179620
0.179655
0.179679
0.179690
0.179690
0.179679
0.179655
0.179620
0.179574
0.179516
0.179447
0.179367
0.179277
0.179176
0.179065
0.178945
0.178815
0.178676
0.178528
0.178373
0.178209
0.178037
0.175579
0.175781
0.175974
0.176143
0.176301
0.176450
0.176588
0.176717
0.176835
0.176942
0.177039
0.177124
0.177197
0.177258
0.177308
0.177345
0.177370
0.177382
0.177382
0.177370
0.177345
0.177308
0.177258
0.177197
0.177124
0.177039
0.176942
0.176835
0.176717
0.176588
0.176450
0.176301
0.176143
0.175974
0.175781
0.175579
0.172805
0.173021
0.173227
0.173423
0.173608
0.173782
0.173944
0.174086
0.174213
0.174327
0.174430
0.174520
0.174599
0.174664
0.174717
0.174756
0.174783
0.174796
0.174796
0.174783
0.174756
0.174717
0.174664
0.174599
0.174520
0.174430
0.174327
0.174213
0.174086
0.173944
0.173782
0.173608
0.173423
0.173227
0.173021
0.172805
0.169681
0.169924
0.170146
0.170353
0.170548
0.170731
0.170902
0.171061
0.171206
0.171338
0.171456
0.171561
0.171651
0.171726
0.171786
0.171832
0.171862
0.171878
0.171878
0.171862
0.171832
0.171786
0.171726
0.171651
0.171561
0.171456
0.171338
0.171206
0.171061
0.170902
0.170731
0.170548
0.170353
0.170146
0.169924
0.169681
0.166231
0.166478
0.166714
0.166937
0.167147
0.167345
0.167530
0.167700
0.167857
0.167999
0.168121
0.168229
0.168322
0.168400
0.168462
0.168509
0.168541
0.168556
0.168556
0.168541
0.168509
0.168462
0.168400
0.168322
0.168229
0.168121
0.167999
0.167857
0.167700
0.167530
0.167345
0.167147
0.166937
0.166714
0.166478
0.166231
0.162676
0.162917
0.163148
0.163366
0.163572
0.163765
0.163946
0.164114
0.164268
0.164408
0.164534
0.164644
0.164740
0.164820
0.164884
0.164932
0.164964
0.164980
0.164980
0.164964
0.164932
0.164884
0.164820
0.164740
0.164644
0.164534
0.164408
0.164268
0.164114
0.163946
0.163765
0.163572
0.163366
0.163148
0.162917
0.162676
0.159282
0.159497
0.159702
0.159897
0.160084
0.160266
0.160435
0.160592
0.160735
0.160865
0.160982
0.161084
0.161173
0.161247
0.161306
0.161351
0.161380
0.161395
0.161395
0.161380
0.161351
0.161306
0.161247
0.161173
0.161084
0.160982
0.160865
0.160735
0.160592
0.160435
0.160266
0.160084
0.159897
0.159702
0.159497
0.159282
0.156179
0.156376
0.156563
0.156741
0.156908
0.157065
0.157211
0.157346
0.157469
0.157581
0.157681
0.157770
0.157846
0.157909
0.157960
0.157999
0.158026
0.158040
0.158040
0.158026
0.157999
0.157960
0.157909
0.157846
0.157770
0.157681
0.157581
0.157469
0.157346
0.157211
0.157065
0.156908
0.156741
0.156563
0.156376
0.156179
0.153372
0.153543
0.153706
0.153860
0.154005
0.154148
0.154281
0.154405
0.154517
0.154620
0.154711
0.154791
0.154860
0.154918
0.154965
0.155000
0.155023
0.155035
0.155035
0.155023
0.155000
0.154965
0.154918
0.154860
0.154791
0.154711
0.154620
0.154517
0.154405
0.154281
0.154148
0.154005
0.153860
0.153706
0.153543
0.153372
0.150714
0.150878
0.151033
0.151180
0.151318
0.151448
0.151568
0.151680
0.151782
0.151874
0.151957
0.152030
0.152094
0.152147
0.152190
0.152223
0.152244
0.152255
0.152255
0.152244
0.152223
0.152190
0.152147
0.152094
0.152030
0.151957
0.151874
0.151782
0.151680
0.151568
0.151448
0.151318
0.151180
0.151033
0.150878
0.150714
0.148067
0.148229
0.148382
0.148528
0.148664
0.148792
0.148911
0.149021
0.149122
0.149213
0.149294
0.149366
0.149427
0.149479
0.149520
0.149551
0.149572
0.149582
0.149582
0.149572
0.149551
0.149520
0.149479
0.149427
0.149366
0.149294
0.149213
0.149122
0.149021
0.148911
0.148792
0.148664
0.148528
0.148382
0.148229
0.148067
0.145227
0.145406
0.145577
0.145738
0.145889
0.146028
0.146150
0.146263
0.146366
0.146459
0.146542
0.146615
0.146678
0.146731
0.146773
0.146805
0.146826
0.146837
0.146837
0.146826
0.146805
0.146773
0.146731
0.146678
0.146615
0.146542
0.146459
0.146366
0.146263
0.146150
0.146028
0.145889
0.145738
0.145577
0.145406
0.145227
0.142030
0.142224
0.142408
0.142581
0.142745
0.142897
0.143040
0.143171
0.143291
0.143399
0.143496
0.143581
0.143654
0.143716
0.143765
0.143802
0.143826
0.143839
0.143839
0.143826
0.143802
0.143765
0.143716
0.143654
0.143581
0.143496
0.143399
0.143291
0.143171
0.143040
0.142897
0.142745
0.142581
0.142408
0.142224
0.142030
0.138133
0.138369
0.138593
0.138804
0.139003
0.139189
0.139362
0.139521
0.139667
0.139799
0.139917
0.140018
0.140098
0.140164
0.140218
0.140258
0.140285
0.140298
0.140298
0.140285
0.140258
0.140218
0.140164
0.140098
0.140018
0.139917
0.139799
0.139667
0.139521
0.139362
0.139189
0.139003
0.138804
0.138593
0.138369
0.138133
0.133236
0.133544
0.133837
0.134104
0.134343
0.134566
0.134773
0.134963
0.135138
0.135296
0.135437
0.135560
0.135667
0.135756
0.135827
0.135881
0.135917
0.135934
0.135934
0.135917
0.135881
0.135827
0.135756
0.135667
0.135560
0.135437
0.135296
0.135138
0.134963
0.134773
0.134566
0.134343
0.134104
0.133837
0.133544
0.133236
0.127122
0.127493
0.127845
0.128167
0.128462
0.128737
0.128992
0.129228
0.129443
0.129638
0.129812
0.129965
0.130090
0.130192
0.130274
0.130336
0.130377
0.130398
0.130398
0.130377
0.130336
0.130274
0.130192
0.130090
0.129965
0.129812
0.129638
0.129443
0.129228
0.128992
0.128737
0.128462
0.128167
0.127845
0.127493
0.127122
0.119740
0.120168
0.120565
0.120939
0.121291
0.121620
0.121925
0.122198
0.122445
0.122668
0.122867
0.123042
0.123192
0.123318
0.123419
0.123494
0.123545
0.123570
0.123570
0.123545
0.123494
0.123419
0.123318
0.123192
0.123042
0.122867
0.122668
0.122445
0.122198
0.121925
0.121620
0.121291
0.120939
0.120565
0.120168
0.119740
0.111134
0.111619
0.112076
0.112497
0.112892
0.113262
0.113605
0.113921
0.114203
0.114456
0.114682
0.114880
0.115050
0.115193
0.115307
0.115392
0.115450
0.115478
0.115478
0.115450
0.115392
0.115307
0.115193
0.115050
0.114880
0.114682
0.114456
0.114203
0.113921
0.113605
0.113262
0.112892
0.112497
0.112076
0.111619
0.111134
0.101286
0.101828
0.102334
0.102808
0.103252
0.103668
0.104052
0.104398
0.104714
0.105000
0.105255
0.105479
0.105672
0.105832
0.105961
0.106057
0.106120
0.106151
0.106151
0.106120
0.106057
0.105961
0.105832
0.105672
0.105479
0.105255
0.105000
0.104714
0.104398
0.104052
0.103668
0.103252
0.102808
0.102334
0.101828
0.101286
0.000000
0.000000
0.000000
0.000000
0.000000
0.000000
0.000000
0.000000
0.000000
0.000000
0.000000
0.000000
0.000000
0.000000
0.000000
0.000000
0.000000
0.000000
0.000000
0.000000
0.000000
0.000000
0.000000
0.000000
0.000000
0.000000
0.000000
0.000000
0.000000
0.000000
0.000000
0.000000
0.000000
0.000000
0.000000
0.000000
0.185173
0.185244
0.185311
0.185375
0.185435
0.185490
0.185542
0.185590
0.185633
0.185672
0.185707
0.185738
0.185764
0.185786
0.185804
0.185817
0.185826
0.185831
0.185831
0.185826
0.185817
0.185804
0.185786
0.185764
0.185738
0.185707
0.185672
0.185633
0.185590
0.185542
0.185490
0.185435
0.185375
0.185311
0.185244
0.185173
0.183671
0.183759
0.183842
0.183920
0.183993
0.184049
0.184100
0.184146
0.184189
0.184227
0.184262
0.184292
0.184318
0.184339
0.184357
0.184370
0.184378
0.184383
0.184383
0.184378
0.184370
0.184357
0.184339
0.184318
0.184292
0.184262
0.184227
0.184189
0.184146
0.184100
0.184049
0.183993
0.183920
0.183842
0.183759
0.183671
0.181858
0.181955
0.182042
0.182118
0.182190
0.182257
0.182320
0.182377
0.182429
0.182476
0.182519
0.182555
0.182587
0.182614
0.182635
0.182651
0.182662
0.182667
0.182667
0.182662
0.182651
0.182635
0.182614
0.182587
0.182555
0.182519
0.182476
0.182429
0.182377
0.182320
0.182257
0.182190
0.182118
0.182042
0.181955
0.181858
0.179813
0.179917
0.180015
0.180100
0.180180
0.180254
0.180323
0.180387
0.180445
0.180497
0.180544
0.180584
0.180620
0.180649
0.180673
0.180690
0.180702
0.180708
0.180708
0.180702
0.180690
0.180673
0.180649
0.180620
0.180584
0.180544
0.180497
0.180445
0.180387
0.180323
0.180254
0.180180
0.180100
0.180015
0.179917
0.179813
0.177536
0.177649
0.177756
0.177858
0.177952
0.178037
0.178112
0.178180
0.178243
0.178300
0.178350
0.178394
0.178432
0.178464
0.178489
0.178508
0.178521
0.178528
0.178528
0.178521
0.178508
0.178489
0.178464
0.178432
0.178394
0.178350
0.178300
0.178243
0.178180
0.178112
0.178037
0.177952
0.177858
0.177756
0.177649
0.177536
0.174985
0.175108
0.175224
0.175333
0.175436
0.175531
0.175620
0.175702
0.175776
0.175843
0.175903
0.175956
0.176001
0.176035
0.176062
0.176083
0.176097
0.176104
0.176104
0.176097
0.176083
0.176062
0.176035
0.176001
0.175956
0.175903
0.175843
0.175776
0.175702
0.175620
0.175531
0.175436
0.175333
0.175224
0.175108
0.174985
