0.185790
0.125823
0.145625
0.157380
0.171630
0.181749
0.101089
0.132967
0.147670
0.158303
0.171203
0.180594
0.000000
0.123483
0.141778
0.151508
0.161286
0.172289
0.180167
0.185449
0.112393
0.133238
0.144564
0.151963
0.159564
0.168377
0.175727
0.181038
0.184924
0.100929
0.119850
0.133058
0.141399
0.146942
0.151412
0.155716
0.160326
0.165157
0.169614
0.173282
0.176213
0.178540
0.180434
0.181990
0.183186
0.184159
0.184821
0.185337
0.185705
0.185926
0.186000
0.185926
0.185705
0.185337
0.184821
0.184159
0.183186
0.181990
0.180434
0.178540
0.176213
0.173282
0.169614
0.165157
0.160326
0.155716
0.151412
0.146942
0.141399
0.133058
0.119850
0.100929
0.184924
0.181038
0.175727
0.168377
0.159564
0.151963
0.144564
0.133238
0.112393
0.185449
0.180167
0.172289
0.161286
0.151508
0.141778
0.123483
0.000000
0.180594
0.171203
0.158303
0.147670
0.132967
0.101089
0.181749
0.171630
0.157380
0.145625
0.125823
0.185790
