0.177566
0.178514
0.179374
0.180166
0.180856
0.181499
0.182084
0.182570
0.183014
0.183414
0.183771
0.184067
0.184282
0.184462
0.184605
0.184713
0.184785
0.184822
0.184822
0.184785
0.184713
0.184605
0.184462
0.184282
0.184067
0.183771
0.183414
0.183014
0.182570
0.182084
0.181499
0.180856
0.180166
0.179374
0.178514
0.177566
0.178537
0.179461
0.180304
0.181053
0.181754
0.182362
0.182900
0.183395
0.183847
0.184203
0.184494
0.184749
0.184968
0.185151
0.185297
0.185407
0.185481
0.185517
0.185517
0.185481
0.185407
0.185297
0.185151
0.184968
0.184749
0.184494
0.184203
0.183847
0.183395
0.182900
0.182362
0.181754
0.181053
0.180304
0.179461
0.178537
0.179462
0.180366
0.181174
0.181935
0.182576
0.183166
0.183714
0.184174
0.184542
0.184874
0.185170
0.185430
0.185653
0.185839
0.185989
0.000000
0.000000
0.000000
0.000000
0.000000
0.000000
0.185989
0.185839
0.185653
0.185430
0.185170
0.184874
0.184542
0.184174
0.183714
0.183166
0.182576
0.181935
0.181174
0.180366
0.179462
0.180347
0.181216
0.182034
0.182721
0.183366
0.183968
0.184420
0.184831
0.185205
0.185544
0.185845
0.000000
0.000000
0.000000
0.000000
0.000000
0.000000
0.000000
0.000000
0.000000
0.000000
0.000000
0.000000
0.000000
0.000000
0.185845
0.185544
0.185205
0.184831
0.184420
0.183968
0.183366
0.182721
0.182034
0.181216
0.180347
0.181177
0.182054
0.182797
0.183497
0.184123
0.184613
0.185067
0.185485
0.185867
0.000000
0.000000
0.000000
0.000000
0.000000
0.000000
0.000000
0.000000
0.098028
0.098028
0.000000
0.000000
0.000000
0.000000
0.000000
0.000000
0.000000
0.000000
0.185867
0.185485
0.185067
0.184613
0.184123
0.183497
0.182797
0.182054
0.181177
0.182001
0.182799
0.183555
0.184214
0.184749
0.185249
0.185712
0.000000
0.000000
0.000000
0.000000
0.000000
0.098788
0.100269
0.101433
0.102300
0.102869
0.103154
0.103154
0.102869
0.102300
0.101433
0.100269
0.098788
0.000000
0.000000
0.000000
0.000000
0.000000
0.185712
0.185249
0.184749
0.184214
0.183555
0.182799
0.182001
0.182726
0.183539
0.184247
0.184828
0.185373
0.185882
0.000000
0.000000
0.000000
0.000000
0.099995
0.102058
0.103790
0.105207
0.106330
0.107158
0.107710
0.107986
0.107986
0.107710
0.107158
0.106330
0.105207
0.103790
0.102058
0.099995
0.000000
0.000000
0.000000
0.000000
0.185882
0.185373
0.184828
0.184247
0.183539
0.182726
0.183445
0.184218
0.184846
0.185438
0.185994
0.000000
0.000000
0.000000
0.099831
0.102514
0.104837
0.106822
0.108489
0.109855
0.110924
0.111723
0.112249
0.112508
0.112508
0.112249
0.111723
0.110924
0.109855
0.108489
0.106822
0.104837
0.102514
0.099831
0.000000
0.000000
0.000000
0.185994
0.185438
0.184846
0.184218
0.183445
0.184126
0.184801
0.185441
0.000000
0.000000
0.000000
0.098244
0.101612
0.104575
0.107160
0.109396
0.111301
0.112897
0.114207
0.115231
0.115999
0.116496
0.116744
0.116744
0.116496
0.115999
0.115231
0.114207
0.112897
0.111301
0.109396
0.107160
0.104575
0.101612
0.098244
0.000000
0.000000
0.000000
0.185441
0.184801
0.184126
0.184691
0.185379
0.000000
0.000000
0.000000
0.099249
0.102931
0.106188
0.109038
0.111527
0.113674
0.115499
0.117026
0.118278
0.119255
0.119990
0.120462
0.120698
0.120698
0.120462
0.119990
0.119255
0.118278
0.117026
0.115499
0.113674
0.111527
0.109038
0.106188
0.102931
0.099249
0.000000
0.000000
0.000000
0.185379
0.184691
0.185250
0.185952
0.000000
0.000000
0.099777
0.103793
0.107348
0.110484
0.113229
0.115620
0.117677
0.119422
0.120880
0.122077
0.123000
0.123694
0.124150
0.124371
0.124371
0.124150
0.123694
0.123000
0.122077
0.120880
0.119422
0.117677
0.115620
0.113229
0.110484
0.107348
0.103793
0.099777
0.000000
0.000000
0.185952
0.185250
0.185804
0.000000
0.000000
0.099806
0.104183
0.108070
0.111499
0.114517
0.117155
0.119445
0.121410
0.123073
0.124460
0.125585
0.126463
0.127106
0.127536
0.127751
0.127751
0.127536
0.127106
0.126463
0.125585
0.124460
0.123073
0.121410
0.119445
0.117155
0.114517
0.111499
0.108070
0.104183
0.099806
0.000000
0.000000
0.185804
0.000000
0.000000
0.099315
0.104092
0.108330
0.112087
0.115391
0.118296
0.120821
0.123006
0.124874
0.126451
0.127759
0.128803
0.129630
0.130234
0.130622
0.130816
0.130816
0.130622
0.130234
0.129630
0.128803
0.127759
0.126451
0.124874
0.123006
0.120821
0.118296
0.115391
0.112087
0.108330
0.104092
0.099315
0.000000
0.000000
0.000000
0.098283
0.103489
0.108125
0.112228
0.115853
0.119032
0.121823
0.124236
0.126309
0.128075
0.129542
0.130752
0.131738
0.132490
0.133040
0.133408
0.133592
0.133592
0.133408
0.133040
0.132490
0.131738
0.130752
0.129542
0.128075
0.126309
0.124236
0.121823
0.119032
0.115853
0.112228
0.108125
0.103489
0.098283
0.000000
0.000000
0.102353
0.107418
0.111915
0.115884
0.119373
0.122433
0.125087
0.127376
0.129326
0.130968
0.132345
0.133464
0.134366
0.135054
0.135571
0.135916
0.136080
0.136080
0.135916
0.135571
0.135054
0.134366
0.133464
0.132345
0.130968
0.129326
0.127376
0.125087
0.122433
0.119373
0.115884
0.111915
0.107418
0.102353
0.000000
0.100632
0.106188
0.111109
0.115464
0.119298
0.122659
0.125585
0.128110
0.130257
0.132083
0.133599
0.134854
0.135905
0.136712
0.137352
0.137833
0.138139
0.138284
0.138284
0.138139
0.137833
0.137352
0.136712
0.135905
0.134854
0.133599
0.132083
0.130257
0.128110
0.125585
0.122659
0.119298
0.115464
0.111109
0.106188
0.100632
0.104375
0.109790
0.114573
0.118789
0.122490
0.125712
0.128482
0.130847
0.132853
0.134542
0.135967
0.137106
0.138077
0.138814
0.139405
0.139850
0.140131
0.140265
0.140265
0.140131
0.139850
0.139405
0.138814
0.138077
0.137106
0.135967
0.134542
0.132853
0.130847
0.128482
0.125712
0.122490
0.118789
0.114573
0.109790
0.104375
0.107895
0.113165
0.117820
0.121902
0.125449
0.128512
0.131123
0.133338
0.135198
0.136755
0.138073
0.139124
0.140025
0.140703
0.141247
0.141657
0.141930
0.142060
0.142060
0.141930
0.141657
0.141247
0.140703
0.140025
0.139124
0.138073
0.136755
0.135198
0.133338
0.131123
0.128512
0.125449
0.121902
0.117820
0.113165
0.107895
0.111188
0.116332
0.120842
0.124777
0.128181
0.131068
0.133524
0.135584
0.137302
0.138742
0.139968
0.140938
0.141770
0.142419
0.142921
0.143299
0.143551
0.143677
0.143677
0.143551
0.143299
0.142921
0.142419
0.141770
0.140938
0.139968
0.138742
0.137302
0.135584
0.133524
0.131068
0.128181
0.124777
0.120842
0.116332
0.111188
0.114279
0.119286
0.123664
0.127441
0.130666
0.133392
0.135686
0.137597
0.139189
0.140535
0.141663
0.142589
0.143357
0.144000
0.144468
0.144820
0.145055
0.145173
0.145173
0.145055
0.144820
0.144468
0.144000
0.143357
0.142589
0.141663
0.140535
0.139189
0.137597
0.135686
0.133392
0.130666
0.127441
0.123664
0.119286
0.114279
0.117160
0.122048
0.126271
0.129891
0.132927
0.135487
0.137623
0.139401
0.140892
0.142169
0.143210
0.144115
0.144831
0.145431
0.145913
0.146255
0.146479
0.146591
0.146591
0.146479
0.146255
0.145913
0.145431
0.144831
0.144115
0.143210
0.142169
0.140892
0.139401
0.137623
0.135487
0.132927
0.129891
0.126271
0.122048
0.117160
0.119856
0.124593
0.128661
0.132113
0.134972
0.137368
0.139362
0.141030
0.142448
0.143645
0.144649
0.145504
0.146224
0.146795
0.147255
0.147600
0.147831
0.147947
0.147947
0.147831
0.147600
0.147255
0.146795
0.146224
0.145504
0.144649
0.143645
0.142448
0.141030
0.139362
0.137368
0.134972
0.132113
0.128661
0.124593
0.119856
0.122349
0.126946
0.130848
0.134126
0.136815
0.139061
0.140937
0.142524
0.143880
0.145008
0.146007
0.146823
0.147526
0.148110
0.148561
0.148901
0.149128
0.149242
0.149242
0.149128
0.148901
0.148561
0.148110
0.147526
0.146823
0.146007
0.145008
0.143880
0.142524
0.140937
0.139061
0.136815
0.134126
0.130848
0.126946
0.122349
0.124654
0.129105
0.132835
0.135946
0.138482
0.140598
0.142384
0.143904
0.145179
0.146304
0.147258
0.148094
0.148786
0.149366
0.149832
0.150181
0.150413
0.150529
0.150529
0.150413
0.150181
0.149832
0.149366
0.148786
0.148094
0.147258
0.146304
0.145179
0.143904
0.142384
0.140598
0.138482
0.135946
0.132835
0.129105
0.124654
0.126775
0.131071
0.134634
0.137569
0.140002
0.142015
0.143704
0.145151
0.146422
0.147518
0.148479
0.149307
0.150021
0.150613
0.151090
0.151448
0.151688
0.151808
0.151808
0.151688
0.151448
0.151090
0.150613
0.150021
0.149307
0.148479
0.147518
0.146422
0.145151
0.143704
0.142015
0.140002
0.137569
0.134634
0.131071
0.126775
0.128714
0.132853
0.136264
0.139035
0.141338
0.143266
0.144912
0.146347
0.147591
0.148689
0.149658
0.150508
0.151238
0.151851
0.152352
0.152732
0.152987
0.153114
0.153114
0.152987
0.152732
0.152352
0.151851
0.151238
0.150508
0.149658
0.148689
0.147591
0.146347
0.144912
0.143266
0.141338
0.139035
0.136264
0.132853
0.128714
0.130479
0.134467
0.137725
0.140378
0.142579
0.144448
0.146067
0.147463
0.148713
0.149828
0.150821
0.151695
0.152462
0.153112
0.153635
0.154030
0.154308
0.154447
0.154447
0.154308
0.154030
0.153635
0.153112
0.152462
0.151695
0.150821
0.149828
0.148713
0.147463
0.146067
0.144448
0.142579
0.140378
0.137725
0.134467
0.130479
0.132082
0.135929
0.139024
0.141586
0.143723
0.145538
0.147123
0.148538
0.149804
0.150946
0.151971
0.152898
0.153700
0.154393
0.154964
0.155394
0.155682
0.155826
0.155826
0.155682
0.155394
0.154964
0.154393
0.153700
0.152898
0.151971
0.150946
0.149804
0.148538
0.147123
0.145538
0.143723
0.141586
0.139024
0.135929
0.132082
0.133500
0.137206
0.140223
0.142678
0.144757
0.146558
0.148151
0.149571
0.150870
0.152051
0.153138
0.154105
0.154981
0.155717
0.156331
0.156809
0.157128
0.157288
0.157288
0.157128
0.156809
0.156331
0.155717
0.154981
0.154105
0.153138
0.152051
0.150870
0.149571
0.148151
0.146558
0.144757
0.142678
0.140223
0.137206
0.133500
0.134771
0.138375
0.141276
0.143691
0.145735
0.147517
0.149116
0.150578
0.151918
0.153168
0.154312
0.155362
0.156291
0.157108
0.157766
0.158281
0.158636
0.158814
0.158814
0.158636
0.158281
0.157766
0.157108
0.156291
0.155362
0.154312
0.153168
0.151918
0.150578
0.149116
0.147517
0.145735
0.143691
0.141276
0.138375
0.134771
0.135923
0.139405
0.142250
0.144600
0.146629
0.148427
0.150057
0.151560
0.152972
0.154285
0.155518
0.156651
0.157662
0.158548
0.159281
0.159834
0.160216
0.160412
0.160412
0.160216
0.159834
0.159281
0.158548
0.157662
0.156651
0.155518
0.154285
0.152972
0.151560
0.150057
0.148427
0.146629
0.144600
0.142250
0.139405
0.135923
0.136901
0.140333
0.143102
0.145440
0.147468
0.149286
0.150962
0.152532
0.154008
0.155428
0.156758
0.157972
0.159095
0.160045
0.160854
0.161464
0.161873
0.162081
0.162081
0.161873
0.161464
0.160854
0.160045
0.159095
0.157972
0.156758
0.155428
0.154008
0.152532
0.150962
0.149286
0.147468
0.145440
0.143102
0.140333
0.136901
0.137789
0.141136
0.143901
0.146218
0.148256
0.150110
0.151838
0.153488
0.155074
0.156589
0.158015
0.159367
0.160572
0.161618
0.162480
0.163142
0.163585
0.163808
0.163808
0.163585
0.163142
0.162480
0.161618
0.160572
0.159367
0.158015
0.156589
0.155074
0.153488
0.151838
0.150110
0.148256
0.146218
0.143901
0.141136
0.137789
0.138529
0.141871
0.144582
0.146908
0.148980
0.150890
0.152698
0.154437
0.156122
0.157765
0.159336
0.160791
0.162091
0.163226
0.164145
0.164846
0.165316
0.165552
0.165552
0.165316
0.164846
0.164145
0.163226
0.162091
0.160791
0.159336
0.157765
0.156122
0.154437
0.152698
0.150890
0.148980
0.146908
0.144582
0.141871
0.138529
0.139161
0.142477
0.145196
0.147548
0.149660
0.151630
0.153525
0.155379
0.157201
0.158976
0.160671
0.162240
0.163648
0.164847
0.165820
0.166548
0.167035
0.167280
0.167280
0.167035
0.166548
0.165820
0.164847
0.163648
0.162240
0.160671
0.158976
0.157201
0.155379
0.153525
0.151630
0.149660
0.147548
0.145196
0.142477
0.139161
0.139698
0.142996
0.145747
0.148127
0.150287
0.152334
0.154327
0.156301
0.158261
0.160181
0.162015
0.163710
0.165201
0.166458
0.167466
0.168221
0.168714
0.168961
0.168961
0.168714
0.168221
0.167466
0.166458
0.165201
0.163710
0.162015
0.160181
0.158261
0.156301
0.154327
0.152334
0.150287
0.148127
0.145747
0.142996
0.139698
0.140118
0.143434
0.146212
0.148627
0.150857
0.152995
0.155105
0.157219
0.159332
0.161406
0.163375
0.165166
0.166726
0.168036
0.169057
0.169832
0.170331
0.170577
0.170577
0.170331
0.169832
0.169057
0.168036
0.166726
0.165166
0.163375
0.161406
0.159332
0.157219
0.155105
0.152995
0.150857
0.148627
0.146212
0.143434
0.140118
0.140405
0.143785
0.146586
0.149063
0.151367
0.153600
0.155828
0.158089
0.160373
0.162606
0.164703
0.166586
0.168208
0.169538
0.170580
0.171350
0.171868
0.172119
0.172119
0.171868
0.171350
0.170580
0.169538
0.168208
0.166586
0.164703
0.162606
0.160373
0.158089
0.155828
0.153600
0.151367
0.149063
0.146586
0.143785
0.140405
0.140582
0.144037
0.146883
0.149428
0.151811
0.154148
0.156523
0.158948
0.161392
0.163774
0.165993
0.167957
0.169613
0.170959
0.172032
0.172787
0.173296
0.173551
0.173551
0.173296
0.172787
0.172032
0.170959
0.169613
0.167957
0.165993
0.163774
0.161392
0.158948
0.156523
0.154148
0.151811
0.149428
0.146883
0.144037
0.140582
0.140640
0.144172
0.147094
0.149714
0.152184
0.154641
0.157153
0.159735
0.162354
0.164889
0.167211
0.169235
0.170928
0.172306
0.173362
0.174153
0.174649
0.174898
0.174898
0.174649
0.174153
0.173362
0.172306
0.170928
0.169235
0.167211
0.164889
0.162354
0.159735
0.157153
0.154641
0.152184
0.149714
0.147094
0.144172
0.140640
0.140567
0.144203
0.147211
0.149912
0.152476
0.155049
0.157698
0.160462
0.163255
0.165933
0.168353
0.170434
0.172169
0.173549
0.174619
0.175406
0.175937
0.176187
0.176187
0.175937
0.175406
0.174619
0.173549
0.172169
0.170434
0.168353
0.165933
0.163255
0.160462
0.157698
0.155049
0.152476
0.149912
0.147211
0.144203
0.140567
0.140352
0.144120
0.147223
0.150013
0.152674
0.155361
0.158157
0.161102
0.164061
0.166878
0.169393
0.171533
0.173289
0.174698
0.175804
0.176591
0.177112
0.177374
0.177374
0.177112
0.176591
0.175804
0.174698
0.173289
0.171533
0.169393
0.166878
0.164061
0.161102
0.158157
0.155361
0.152674
0.150013
0.147223
0.144120
0.140352
0.139982
0.143904
0.147121
0.150007
0.152765
0.155564
0.158518
0.161625
0.164762
0.167721
0.170328
0.172523
0.174330
0.175776
0.176879
0.177711
0.178251
0.178511
0.178511
0.178251
0.177711
0.176879
0.175776
0.174330
0.172523
0.170328
0.167721
0.164762
0.161625
0.158518
0.155564
0.152765
0.150007
0.147121
0.143904
0.139982
0.139384
0.143524
0.146893
0.149881
0.152737
0.155645
0.158744
0.162013
0.165331
0.168429
0.171133
0.173404
0.175256
0.176741
0.177914
0.178745
0.179306
0.179590
0.179590
0.179306
0.178745
0.177914
0.176741
0.175256
0.173404
0.171133
0.168429
0.165331
0.162013
0.158744
0.155645
0.152737
0.149881
0.146893
0.143524
0.139384
0.138586
0.142982
0.146528
0.149625
0.152576
0.155589
0.158817
0.162254
0.165745
0.168990
0.171825
0.174179
0.176105
0.177640
0.178835
0.179738
0.180322
0.180607
0.180607
0.180322
0.179738
0.178835
0.177640
0.176105
0.174179
0.171825
0.168990
0.165745
0.162254
0.158817
0.155589
0.152576
0.149625
0.146528
0.142982
0.138586
0.137523
0.142262
0.146012
0.149223
0.152269
0.155378
0.158716
0.162308
0.165979
0.169392
0.172350
0.174800
0.176810
0.178438
0.179713
0.180645
0.181268
0.181586
0.181586
0.181268
0.180645
0.179713
0.178438
0.176810
0.174800
0.172350
0.169392
0.165979
0.162308
0.158716
0.155378
0.152269
0.149223
0.146012
0.142262
0.137523
0.136138
0.141278
0.145279
0.148663
0.151803
0.154994
0.158418
0.162148
0.166002
0.169602
0.172708
0.175296
0.177419
0.179134
0.180493
0.181503
0.182180
0.182499
0.182499
0.182180
0.181503
0.180493
0.179134
0.177419
0.175296
0.172708
0.169602
0.166002
0.162148
0.158418
0.154994
0.151803
0.148663
0.145279
0.141278
0.136138
0.134323
0.140035
0.144353
0.147926
0.151168
0.154417
0.157902
0.161751
0.165777
0.169584
0.172878
0.175634
0.177902
0.179738
0.181188
0.182289
0.182998
0.183363
0.183363
0.182998
0.182289
0.181188
0.179738
0.177902
0.175634
0.172878
0.169584
0.165777
0.161751
0.157902
0.154417
0.151168
0.147926
0.144353
0.140035
0.134323
0.132006
0.138379
0.143142
0.146959
0.150341
0.153646
0.157179
0.161089
0.165266
0.169296
0.172818
0.175773
0.178203
0.180199
0.181798
0.182974
0.183796
0.184181
0.184181
0.183796
0.182974
0.181798
0.180199
0.178203
0.175773
0.172818
0.169296
0.165266
0.161089
0.157179
0.153646
0.150341
0.146959
0.143142
0.138379
0.132006
0.129006
0.136257
0.141612
0.145764
0.149297
0.152672
0.156196
0.160121
0.164423
0.168687
0.172480
0.175664
0.178301
0.180480
0.182253
0.183588
0.184451
0.184867
0.184867
0.184451
0.183588
0.182253
0.180480
0.178301
0.175664
0.172480
0.168687
0.164423
0.160121
0.156196
0.152672
0.149297
0.145764
0.141612
0.136257
0.129006
0.125221
0.133484
0.139628
0.144246
0.148023
0.151469
0.154994
0.158875
0.163214
0.167694
0.171791
0.175243
0.178145
0.180545
0.182523
0.184071
0.185022
0.185547
0.185547
0.185022
0.184071
0.182523
0.180545
0.178145
0.175243
0.171791
0.167694
0.163214
0.158875
0.154994
0.151469
0.148023
0.144246
0.139628
0.133484
0.125221
0.120475
0.129890
0.137025
0.142314
0.146437
0.150029
0.153538
0.157328
0.161607
0.166229
0.170634
0.174441
0.177627
0.180310
0.182546
0.184315
0.185511
0.000000
0.000000
0.185511
0.184315
0.182546
0.180310
0.177627
0.174441
0.170634
0.166229
0.161607
0.157328
0.153538
0.150029
0.146437
0.142314
0.137025
0.129890
0.120475
0.114593
0.125223
0.133606
0.139820
0.144470
0.148304
0.151841
0.155513
0.159626
0.164244
0.168924
0.173108
0.176642
0.179637
0.182194
0.184278
0.185809
0.000000
0.000000
0.185809
0.184278
0.182194
0.179637
0.176642
0.173108
0.168924
0.164244
0.159626
0.155513
0.151841
0.148304
0.144470
0.139820
0.133606
0.125223
0.114593
0.107370
0.119311
0.129045
0.136488
0.141982
0.146215
0.149880
0.153459
0.157336
0.161747
0.166540
0.171100
0.175033
0.178367
0.181219
0.183688
0.185618
0.000000
0.000000
0.185618
0.183688
0.181219
0.178367
0.175033
0.171100
0.166540
0.161747
0.157336
0.153459
0.149880
0.146215
0.141982
0.136488
0.129045
0.119311
0.107370
0.098541
0.111937
0.123078
0.132007
0.138647
0.143598
0.147568
0.151157
0.154806
0.158860
0.163457
0.168240
0.172590
0.176295
0.179426
0.182145
0.184386
0.000000
0.000000
0.184386
0.182145
0.179426
0.176295
0.172590
0.168240
0.163457
0.158860
0.154806
0.151157
0.147568
0.143598
0.138647
0.132007
0.123078
0.111937
0.098541
0.000000
0.102802
0.115460
0.125926
0.134128
0.140189
0.144746
0.148539
0.152063
0.155734
0.159852
0.164452
0.169061
0.173147
0.176561
0.179368
0.181589
0.182940
0.182940
0.181589
0.179368
0.176561
0.173147
0.169061
0.164452
0.159852
0.155734
0.152063
0.148539
0.144746
0.140189
0.134128
0.125926
0.115460
0.102802
0.000000
0.184878
0.000000
0.105913
0.117956
0.127837
0.135469
0.141098
0.145416
0.149055
0.152493
0.156069
0.160052
0.164404
0.168666
0.172364
0.175285
0.177396
0.178548
0.178548
0.177396
0.175285
0.172364
0.168666
0.164404
0.160052
0.156069
0.152493
0.149055
0.145416
0.141098
0.135469
0.127837
0.117956
0.105913
0.000000
0.184878
0.183149
0.185209
0.000000
0.107816
0.119359
0.128791
0.136060
0.141405
0.145538
0.149026
0.152291
0.155621
0.159200
0.162969
0.166588
0.169618
0.171766
0.172867
0.172867
0.171766
0.169618
0.166588
0.162969
0.159200
0.155621
0.152291
0.149026
0.145538
0.141405
0.136060
0.128791
0.119359
0.107816
0.000000
0.185209
0.183149
0.180949
0.183402
0.185378
0.000000
0.108421
0.119597
0.128726
0.135779
0.140989
0.144999
0.148333
0.151332
0.154232
0.157145
0.159983
0.162557
0.164499
0.165545
0.165545
0.164499
0.162557
0.159983
0.157145
0.154232
0.151332
0.148333
0.144999
0.140989
0.135779
0.128726
0.119597
0.108421
0.000000
0.185378
0.183402
0.180949
0.178304
0.181051
0.183442
0.185364
0.000000
0.107573
0.118490
0.127459
0.134463
0.139701
0.143658
0.146817
0.149513
0.151900
0.154033
0.155860
0.157243
0.157971
0.157971
0.157243
0.155860
0.154033
0.151900
0.149513
0.146817
0.143658
0.139701
0.134463
0.127459
0.118490
0.107573
0.000000
0.185364
0.183442
0.181051
0.178304
0.175071
0.178215
0.180903
0.183242
0.185144
0.000000
0.105019
0.115779
0.124679
0.131789
0.137166
0.141195
0.144286
0.146704
0.148640
0.150138
0.151178
0.151716
0.151716
0.151178
0.150138
0.148640
0.146704
0.144286
0.141195
0.137166
0.131789
0.124679
0.115779
0.105019
0.000000
0.185144
0.183242
0.180903
0.178215
0.175071
0.171085
0.174724
0.177827
0.180477
0.182778
0.184694
0.000000
0.100405
0.111061
0.119946
0.127169
0.132822
0.137073
0.140229
0.142518
0.144163
0.145208
0.145744
0.145744
0.145208
0.144163
0.142518
0.140229
0.137073
0.132822
0.127169
0.119946
0.111061
0.100405
0.000000
0.184694
0.182778
0.180477
0.177827
0.174724
0.171085
0.166249
0.170394
0.174026
0.177076
0.179723
0.182025
0.183994
0.185521
0.000000
0.103809
0.112640
0.119904
0.125722
0.130215
0.133516
0.135826
0.137259
0.137982
0.137982
0.137259
0.135826
0.133516
0.130215
0.125722
0.119904
0.112640
0.103809
0.000000
0.185521
0.183994
0.182025
0.179723
0.177076
0.174026
0.170394
0.166249
0.161012
0.165170
0.169236
0.172850
0.175953
0.178564
0.180831
0.182791
0.184431
0.185757
0.000000
0.102022
0.109150
0.114839
0.119216
0.122390
0.124444
0.125451
0.125451
0.124444
0.122390
0.119216
0.114839
0.109150
0.102022
0.000000
0.185757
0.184431
0.182791
0.180831
0.178564
0.175953
0.172850
0.169236
0.165170
0.161012
0.156127
0.159714
0.163617
0.167558
0.171168
0.174296
0.176934
0.179200
0.181151
0.182818
0.184224
0.185293
0.000000
0.000000
0.099225
0.103103
0.105645
0.106898
0.106898
0.105645
0.103103
0.099225
0.000000
0.000000
0.185293
0.184224
0.182818
0.181151
0.179200
0.176934
0.174296
0.171168
0.167558
0.163617
0.159714
0.156127
0.151763
0.154806
0.158046
0.161599
0.165300
0.168851
0.172027
0.174707
0.176989
0.178929
0.180582
0.181998
0.183114
0.184060
0.184693
0.185180
0.185510
0.185677
0.185677
0.185510
0.185180
0.184693
0.184060
0.183114
0.181998
0.180582
0.178929
0.176989
0.174707
0.172027
0.168851
0.165300
0.161599
0.158046
0.154806
0.151763
0.147437
0.150348
0.153170
0.156069
0.159194
0.162494
0.165832
0.168948
0.171702
0.174043
0.175999
0.177610
0.178943
0.180051
0.180881
0.181516
0.181946
0.182144
0.182144
0.181946
0.181516
0.180881
0.180051
0.178943
0.177610
0.175999
0.174043
0.171702
0.168948
0.165832
0.162494
0.159194
0.156069
0.153170
0.150348
0.147437
0.142382
0.145715
0.148581
0.151232
0.153828
0.156504
0.159303
0.162187
0.165049
0.167710
0.170055
0.172034
0.173648
0.174939
0.175969
0.176687
0.177170
0.177414
0.177414
0.177170
0.176687
0.175969
0.174939
0.173648
0.172034
0.170055
0.167710
0.165049
0.162187
0.159303
0.156504
0.153828
0.151232
0.148581
0.145715
0.142382
0.135339
0.139902
0.143448
0.146389
0.148954
0.151332
0.153632
0.155924
0.158254
0.160590
0.162851
0.164943
0.166783
0.168325
0.169544
0.170444
0.171032
0.171328
0.171328
0.171032
0.170444
0.169544
0.168325
0.166783
0.164943
0.162851
0.160590
0.158254
0.155924
0.153632
0.151332
0.148954
0.146389
0.143448
0.139902
0.135339
0.124787
0.131303
0.136435
0.140420
0.143587
0.146219
0.148496
0.150564
0.152498
0.154339
0.156099
0.157780
0.159342
0.160721
0.161875
0.162780
0.163393
0.163701
0.163701
0.163393
0.162780
0.161875
0.160721
0.159342
0.157780
0.156099
0.154339
0.152498
0.150564
0.148496
0.146219
0.143587
0.140420
0.136435
0.131303
0.124787
0.110183
0.118624
0.125747
0.131572
0.136201
0.139831
0.142706
0.145080
0.147097
0.148855
0.150414
0.151799
0.153035
0.154093
0.154994
0.155678
0.156148
0.156395
0.156395
0.156148
0.155678
0.154994
0.154093
0.153035
0.151799
0.150414
0.148855
0.147097
0.145080
0.142706
0.139831
0.136201
0.131572
0.125747
0.118624
0.110183
0.000000
0.101678
0.110624
0.118282
0.124757
0.130130
0.134442
0.137883
0.140592
0.142786
0.144589
0.146090
0.147309
0.148325
0.149124
0.149730
0.150135
0.150337
0.150337
0.150135
0.149730
0.149124
0.148325
0.147309
0.146090
0.144589
0.142786
0.140592
0.137883
0.134442
0.130130
0.124757
0.118282
0.110624
0.101678
0.000000
0.184136
0.185441
0.000000
0.100368
0.108548
0.115569
0.121546
0.126564
0.130694
0.134045
0.136685
0.138789
0.140456
0.141759
0.142731
0.143448
0.143930
0.144156
0.144156
0.143930
0.143448
0.142731
0.141759
0.140456
0.138789
0.136685
0.134045
0.130694
0.126564
0.121546
0.115569
0.108548
0.100368
0.000000
0.185441
0.184136
0.180705
0.182439
0.183969
0.185151
0.000000
0.000000
0.103555
0.110024
0.115532
0.120198
0.124093
0.127277
0.129852
0.131860
0.133367
0.134458
0.135155
0.135504
0.135504
0.135155
0.134458
0.133367
0.131860
0.129852
0.127277
0.124093
0.120198
0.115532
0.110024
0.103555
0.000000
0.000000
0.185151
0.183969
0.182439
0.180705
0.176463
0.178517
0.180329
0.181937
0.183305
0.184477
0.185452
0.000000
0.000000
0.100858
0.105863
0.110051
0.113494
0.116268
0.118418
0.119998
0.121018
0.121530
0.121530
0.121018
0.119998
0.118418
0.116268
0.113494
0.110051
0.105863
0.100858
0.000000
0.000000
0.185452
0.184477
0.183305
0.181937
0.180329
0.178517
0.176463
0.171082
0.173619
0.175818
0.177722
0.179384
0.180850
0.182157
0.183256
0.184219
0.184963
0.185636
0.000000
0.000000
0.000000
0.000000
0.099549
0.100870
0.101528
0.101528
0.100870
0.099549
0.000000
0.000000
0.000000
0.000000
0.185636
0.184963
0.184219
0.183256
0.182157
0.180850
0.179384
0.177722
0.175818
0.173619
0.171082
0.164472
0.167372
0.170050
0.172406
0.174462
0.176252
0.177804
0.179139
0.180325
0.181336
0.182220
0.182937
0.183559
0.184066
0.184403
0.184658
0.184829
0.184914
0.184914
0.184829
0.184658
0.184403
0.184066
0.183559
0.182937
0.182220
0.181336
0.180325
0.179139
0.177804
0.176252
0.174462
0.172406
0.170050
0.167372
0.164472
0.157880
0.160457
0.163095
0.165692
0.168134
0.170332
0.172268
0.173953
0.175378
0.176615
0.177677
0.178563
0.179305
0.179929
0.180392
0.180737
0.180968
0.181084
0.181084
0.180968
0.180737
0.180392
0.179929
0.179305
0.178563
0.177677
0.176615
0.175378
0.173953
0.172268
0.170332
0.168134
0.165692
0.163095
0.160457
0.157880
0.152313
0.154404
0.156530
0.158709
0.160927
0.163132
0.165253
0.167219
0.168982
0.170529
0.171866
0.172968
0.173914
0.174647
0.175232
0.175673
0.175968
0.176106
0.176106
0.175968
0.175673
0.175232
0.174647
0.173914
0.172968
0.171866
0.170529
0.168982
0.167219
0.165253
0.163132
0.160927
0.158709
0.156530
0.154404
0.152313
0.147059
0.149091
0.150985
0.152802
0.154580
0.156339
0.158084
0.159814
0.161490
0.163065
0.164504
0.165787
0.166883
0.167801
0.168520
0.169055
0.169414
0.169594
0.169594
0.169414
0.169055
0.168520
0.167801
0.166883
0.165787
0.164504
0.163065
0.161490
0.159814
0.158084
0.156339
0.154580
0.152802
0.150985
0.149091
0.147059
0.140757
0.143305
0.145470
0.147361
0.149065
0.150637
0.152102
0.153495
0.154819
0.156052
0.157233
0.158296
0.159260
0.160074
0.160764
0.161283
0.161631
0.161805
0.161805
0.161631
0.161283
0.160764
0.160074
0.159260
0.158296
0.157233
0.156052
0.154819
0.153495
0.152102
0.150637
0.149065
0.147361
0.145470
0.143305
0.140757
0.131323
0.135183
0.138337
0.140902
0.143049
0.144874
0.146462
0.147858
0.149089
0.150202
0.151193
0.152069
0.152843
0.153493
0.154017
0.154432
0.154709
0.154848
0.154848
0.154709
0.154432
0.154017
0.153493
0.152843
0.152069
0.151193
0.150202
0.149089
0.147858
0.146462
0.144874
0.143049
0.140902
0.138337
0.135183
0.131323
0.116957
0.122469
0.127188
0.131165
0.134469
0.137181
0.139427
0.141285
0.142843
0.144175
0.145273
0.146224
0.146998
0.147648
0.148162
0.148537
0.148788
0.148914
0.148914
0.148788
0.148537
0.148162
0.147648
0.146998
0.146224
0.145273
0.144175
0.142843
0.141285
0.139427
0.137181
0.134469
0.131165
0.127188
0.122469
0.116957
0.000000
0.104590
0.110788
0.116209
0.120915
0.124979
0.128447
0.131361
0.133800
0.135809
0.137448
0.138791
0.139902
0.140747
0.141418
0.141924
0.142235
0.142387
0.142387
0.142235
0.141924
0.141418
0.140747
0.139902
0.138791
0.137448
0.135809
0.133800
0.131361
0.128447
0.124979
0.120915
0.116209
0.110788
0.104590
0.000000
0.184641
0.185580
0.000000
0.000000
0.101943
0.107248
0.111892
0.115923
0.119398
0.122379
0.124894
0.126995
0.128715
0.130102
0.131148
0.131936
0.132428
0.132673
0.132673
0.132428
0.131936
0.131148
0.130102
0.128715
0.126995
0.124894
0.122379
0.119398
0.115923
0.111892
0.107248
0.101943
0.000000
0.000000
0.185580
0.184641
0.181050
0.182304
0.183397
0.184347
0.185131
0.185866
0.000000
0.000000
0.099287
0.103165
0.106491
0.109304
0.111647
0.113547
0.115032
0.116135
0.116852
0.117210
0.117210
0.116852
0.116135
0.115032
0.113547
0.111647
0.109304
0.106491
0.103165
0.099287
0.000000
0.000000
0.185866
0.185131
0.184347
0.183397
0.182304
0.181050
0.176468
0.177997
0.179322
0.180526
0.181603
0.182545
0.183381
0.184123
0.184690
0.185205
0.185666
0.000000
0.000000
0.000000
0.000000
0.000000
0.000000
0.000000
0.000000
0.000000
0.000000
0.000000
0.000000
0.000000
0.000000
0.185666
0.185205
0.184690
0.184123
0.183381
0.182545
0.181603
0.180526
0.179322
0.177997
0.176468
0.170593
0.172500
0.174195
0.175678
0.176979
0.178157
0.179168
0.180095
0.180874
0.181580
0.182189
0.182682
0.183108
0.183464
0.183750
0.183965
0.184087
0.184145
0.184145
0.184087
0.183965
0.183750
0.183464
0.183108
0.182682
0.182189
0.181580
0.180874
0.180095
0.179168
0.178157
0.176979
0.175678
0.174195
0.172500
0.170593
0.163412
0.165546
0.167561
0.169407
0.171062
0.172536
0.173842
0.174959
0.175969
0.176804
0.177549
0.178187
0.178701
0.179131
0.179476
0.179736
0.179910
0.179997
0.179997
0.179910
0.179736
0.179476
0.179131
0.178701
0.178187
0.177549
0.176804
0.175969
0.174959
0.173842
0.172536
0.171062
0.169407
0.167561
0.165546
0.163412
0.156577
0.158366
0.160170
0.161968
0.163724
0.165386
0.166924
0.168324
0.169567
0.170652
0.171598
0.172398
0.173061
0.173615
0.174055
0.174361
0.174565
0.174667
0.174667
0.174565
0.174361
0.174055
0.173615
0.173061
0.172398
0.171598
0.170652
0.169567
0.168324
0.166924
0.165386
0.163724
0.161968
0.160170
0.158366
0.156577
0.150851
0.152356
0.153815
0.155259
0.156672
0.158046
0.159411
0.160710
0.161930
0.163074
0.164101
0.165013
0.165799
0.166450
0.166970
0.167361
0.167622
0.167753
0.167753
0.167622
0.167361
0.166970
0.166450
0.165799
0.165013
0.164101
0.163074
0.161930
0.160710
0.159411
0.158046
0.156672
0.155259
0.153815
0.152356
0.150851
0.145133
0.146750
0.148215
0.149546
0.150791
0.151953
0.153059
0.154086
0.155071
0.155964
0.156814
0.157564
0.158224
0.158801
0.159265
0.159613
0.159846
0.159962
0.159962
0.159846
0.159613
0.159265
0.158801
0.158224
0.157564
0.156814
0.155964
0.155071
0.154086
0.153059
0.151953
0.150791
0.149546
0.148215
0.146750
0.145133
0.137606
0.139898
0.141826
0.143471
0.144909
0.146193
0.147312
0.148328
0.149230
0.150045
0.150767
0.151401
0.151947
0.152413
0.152789
0.153071
0.153260
0.153354
0.153354
0.153260
0.153071
0.152789
0.152413
0.151947
0.151401
0.150767
0.150045
0.149230
0.148328
0.147312
0.146193
0.144909
0.143471
0.141826
0.139898
0.137606
0.125696
0.129248
0.132296
0.134862
0.137037
0.138876
0.140446
0.141786
0.142908
0.143904
0.144719
0.145428
0.146036
0.146508
0.146886
0.147171
0.147361
0.147456
0.147456
0.147361
0.147171
0.146886
0.146508
0.146036
0.145428
0.144719
0.143904
0.142908
0.141786
0.140446
0.138876
0.137037
0.134862
0.132296
0.129248
0.125696
0.108309
0.113129
0.117401
0.121168
0.124473
0.127344
0.129829
0.131950
0.133740
0.135243
0.136513
0.137568
0.138429
0.139112
0.139660
0.140064
0.140311
0.140434
0.140434
0.140311
0.140064
0.139660
0.139112
0.138429
0.137568
0.136513
0.135243
0.133740
0.131950
0.129829
0.127344
0.124473
0.121168
0.117401
0.113129
0.108309
0.000000
0.000000
0.000000
0.101846
0.106208
0.110074
0.113479
0.116472
0.119082
0.121343
0.123279
0.124913
0.126276
0.127369
0.128232
0.128853
0.129267
0.129475
0.129475
0.129267
0.128853
0.128232
0.127369
0.126276
0.124913
0.123279
0.121343
0.119082
0.116472
0.113479
0.110074
0.106208
0.101846
0.000000
0.000000
0.000000
0.182780
0.183676
0.184421
0.185063
0.185666
0.000000
0.000000
0.000000
0.098588
0.101554
0.104119
0.106302
0.108134
0.109627
0.110802
0.111676
0.112252
0.112536
0.112536
0.112252
0.111676
0.110802
0.109627
0.108134
0.106302
0.104119
0.101554
0.098588
0.000000
0.000000
0.000000
0.185666
0.185063
0.184421
0.183676
0.182780
0.178476
0.179568
0.180548
0.181436
0.182239
0.182930
0.183572
0.184131
0.184563
0.184954
0.185303
0.185609
0.185872
0.000000
0.000000
0.000000
0.000000
0.000000
0.000000
0.000000
0.000000
0.000000
0.000000
0.185872
0.185609
0.185303
0.184954
0.184563
0.184131
0.183572
0.182930
0.182239
0.181436
0.180548
0.179568
0.178476
0.172997
0.174379
0.175607
0.176697
0.177687
0.178556
0.179337
0.180052
0.180649
0.181189
0.181671
0.182083
0.182406
0.182675
0.182891
0.183053
0.183162
0.183216
0.183216
0.183162
0.183053
0.182891
0.182675
0.182406
0.182083
0.181671
0.181189
0.180649
0.180052
0.179337
0.178556
0.177687
0.176697
0.175607
0.174379
0.172997
0.165995
0.167665
0.169200
0.170597
0.171863
0.172966
0.173980
0.174835
0.175614
0.176289
0.176860
0.177362
0.177793
0.178139
0.178402
0.178599
0.178731
0.178797
0.178797
0.178731
0.178599
0.178402
0.178139
0.177793
0.177362
0.176860
0.176289
0.175614
0.174835
0.173980
0.172966
0.171863
0.170597
0.169200
0.167665
0.165995
0.158638
0.160146
0.161649
0.163107
0.164493
0.165798
0.166993
0.168089
0.169053
0.169924
0.170659
0.171300
0.171851
0.172288
0.172628
0.172884
0.173055
0.173141
0.173141
0.173055
0.172884
0.172628
0.172288
0.171851
0.171300
0.170659
0.169924
0.169053
0.168089
0.166993
0.165798
0.164493
0.163107
0.161649
0.160146
0.158638
0.152481
0.153705
0.154911
0.156067
0.157222
0.158322
0.159392
0.160399
0.161351
0.162219
0.163014
0.163712
0.164316
0.164823
0.165230
0.165535
0.165739
0.165841
0.165841
0.165739
0.165535
0.165230
0.164823
0.164316
0.163712
0.163014
0.162219
0.161351
0.160399
0.159392
0.158322
0.157222
0.156067
0.154911
0.153705
0.152481
0.146780
0.148023
0.149146
0.150203
0.151186
0.152107
0.152979
0.153783
0.154544
0.155242
0.155865
0.156439
0.156941
0.157360
0.157696
0.157948
0.158124
0.158214
0.158214
0.158124
0.157948
0.157696
0.157360
0.156941
0.156439
0.155865
0.155242
0.154544
0.153783
0.152979
0.152107
0.151186
0.150203
0.149146
0.148023
0.146780
0.139806
0.141449
0.142885
0.144167
0.145273
0.146282
0.147168
0.147983
0.148694
0.149335
0.149907
0.150405
0.150832
0.151188
0.151474
0.151688
0.151831
0.151903
0.151903
0.151831
0.151688
0.151474
0.151188
0.150832
0.150405
0.149907
0.149335
0.148694
0.147983
0.147168
0.146282
0.145273
0.144167
0.142885
0.141449
0.139806
0.128910
0.131549
0.133833
0.135791
0.137466
0.138909
0.140178
0.141241
0.142190
0.142976
0.143678
0.144266
0.144745
0.145146
0.145466
0.145707
0.145868
0.145949
0.145949
0.145868
0.145707
0.145466
0.145146
0.144745
0.144266
0.143678
0.142976
0.142190
0.141241
0.140178
0.138909
0.137466
0.135791
0.133833
0.131549
0.128910
0.112397
0.116105
0.119408
0.122354
0.124955
0.127245
0.129243
0.130974
0.132471
0.133753
0.134822
0.135741
0.136482
0.137081
0.137561
0.137921
0.138145
0.138253
0.138253
0.138145
0.137921
0.137561
0.137081
0.136482
0.135741
0.134822
0.133753
0.132471
0.130974
0.129243
0.127245
0.124955
0.122354
0.119408
0.116105
0.112397
0.000000
0.000000
0.099268
0.103148
0.106626
0.109735
0.112495
0.114937
0.117086
0.118962
0.120584
0.121973
0.123119
0.124072
0.124803
0.125353
0.125719
0.125903
0.125903
0.125719
0.125353
0.124803
0.124072
0.123119
0.121973
0.120584
0.118962
0.117086
0.114937
0.112495
0.109735
0.106626
0.103148
0.099268
0.000000
0.000000
0.183436
0.184133
0.184686
0.185206
0.185695
0.000000
0.000000
0.000000
0.000000
0.098255
0.100389
0.102221
0.103762
0.105022
0.106027
0.106762
0.107253
0.107498
0.107498
0.107253
0.106762
0.106027
0.105022
0.103762
0.102221
0.100389
0.098255
0.000000
0.000000
0.000000
0.000000
0.185695
0.185206
0.184686
0.184133
0.183436
