0.185616
0.000000
0.000000
0.000000
0.100556
0.104087
0.107205
0.109963
0.112372
0.114469
0.116280
0.117822
0.119104
0.120161
0.120980
0.121594
0.122003
0.122200
0.122200
0.122003
0.121594
0.120980
0.120161
0.119104
0.117822
0.116280
0.114469
0.112372
0.109963
0.107205
0.104087
0.100556
0.000000
0.000000
0.000000
0.185616
0.000000
0.098582
0.103003
0.106941
0.110441
0.113540
0.116276
0.118675
0.120772
0.122591
0.124155
0.125469
0.126565
0.127456
0.128159
0.128663
0.128999
0.129167
0.129167
0.128999
0.128663
0.128159
0.127456
0.126565
0.125469
0.124155
0.122591
0.120772
0.118675
0.116276
0.113540
0.110441
0.106941
0.103003
0.098582
0.000000
0.104071
0.108458
0.112362
0.115828
0.118886
0.121591
0.123966
0.126031
0.127814
0.129336
0.130636
0.131735
0.132626
0.133353
0.133934
0.134339
0.134606
0.134739
0.134739
0.134606
0.134339
0.133934
0.133353
0.132626
0.131735
0.130636
0.129336
0.127814
0.126031
0.123966
0.121591
0.118886
0.115828
0.112362
0.108458
0.104071
0.113066
0.116935
0.120363
0.123379
0.126034
0.128331
0.130325
0.132049
0.133502
0.134743
0.135809
0.136673
0.137398
0.138003
0.138438
0.138765
0.138982
0.139091
0.139091
0.138982
0.138765
0.138438
0.138003
0.137398
0.136673
0.135809
0.134743
0.133502
0.132049
0.130325
0.128331
0.126034
0.123379
0.120363
0.116935
0.113066
0.120776
0.124162
0.127108
0.129681
0.131901
0.133799
0.135415
0.136800
0.138008
0.138988
0.139859
0.140557
0.141142
0.141630
0.142018
0.142281
0.142456
0.142544
0.142544
0.142456
0.142281
0.142018
0.141630
0.141142
0.140557
0.139859
0.138988
0.138008
0.136800
0.135415
0.133799
0.131901
0.129681
0.127108
0.124162
0.120776
0.127293
0.130180
0.132642
0.134755
0.136564
0.138124
0.139431
0.140563
0.141539
0.142375
0.143076
0.143689
0.144194
0.144591
0.144909
0.145147
0.145306
0.145386
0.145386
0.145306
0.145147
0.144909
0.144591
0.144194
0.143689
0.143076
0.142375
0.141539
0.140563
0.139431
0.138124
0.136564
0.134755
0.132642
0.130180
0.127293
0.132651
0.135030
0.137056
0.138785
0.140278
0.141547
0.142645
0.143609
0.144440
0.145155
0.145790
0.146320
0.146761
0.147129
0.147423
0.147644
0.147791
0.147864
0.147864
0.147791
0.147644
0.147423
0.147129
0.146761
0.146320
0.145790
0.145155
0.144440
0.143609
0.142645
0.141547
0.140278
0.138785
0.137056
0.135030
0.132651
0.136945
0.138903
0.140579
0.142040
0.143267
0.144368
0.145322
0.146181
0.146917
0.147578
0.148159
0.148650
0.149071
0.149422
0.149702
0.149913
0.150052
0.150122
0.150122
0.150052
0.149913
0.149702
0.149422
0.149071
0.148650
0.148159
0.147578
0.146917
0.146181
0.145322
0.144368
0.143267
0.142040
0.140579
0.138903
0.136945
0.140393
0.142049
0.143451
0.144695
0.145808
0.146778
0.147661
0.148448
0.149150
0.149782
0.150339
0.150825
0.151242
0.151589
0.151866
0.152077
0.152219
0.152290
0.152290
0.152219
0.152077
0.151866
0.151589
0.151242
0.150825
0.150339
0.149782
0.149150
0.148448
0.147661
0.146778
0.145808
0.144695
0.143451
0.142049
0.140393
0.143198
0.144625
0.145897
0.147008
0.148037
0.148949
0.149792
0.150558
0.151252
0.151877
0.152443
0.152941
0.153368
0.153724
0.154009
0.154234
0.154384
0.154459
0.154459
0.154384
0.154234
0.154009
0.153724
0.153368
0.152941
0.152443
0.151877
0.151252
0.150558
0.149792
0.148949
0.148037
0.147008
0.145897
0.144625
0.143198
0.145590
0.146872
0.148047
0.149100
0.150082
0.150985
0.151819
0.152597
0.153309
0.153950
0.154547
0.155072
0.155522
0.155897
0.156210
0.156450
0.156611
0.156691
0.156691
0.156611
0.156450
0.156210
0.155897
0.155522
0.155072
0.154547
0.153950
0.153309
0.152597
0.151819
0.150985
0.150082
0.149100
0.148047
0.146872
0.145590
0.147692
0.148901
0.150024
0.151066
0.152040
0.152966
0.153820
0.154636
0.155386
0.156065
0.156706
0.157267
0.157748
0.158159
0.158502
0.158759
0.158930
0.159016
0.159016
0.158930
0.158759
0.158502
0.158159
0.157748
0.157267
0.156706
0.156065
0.155386
0.154636
0.153820
0.152966
0.152040
0.151066
0.150024
0.148901
0.147692
0.149615
0.150801
0.151913
0.152979
0.153976
0.154950
0.155851
0.156722
0.157524
0.158262
0.158948
0.159548
0.160066
0.160519
0.160882
0.161154
0.161335
0.161426
0.161426
0.161335
0.161154
0.160882
0.160519
0.160066
0.159548
0.158948
0.158262
0.157524
0.156722
0.155851
0.154950
0.153976
0.152979
0.151913
0.150801
0.149615
0.151439
0.152637
0.153777
0.154891
0.155941
0.156980
0.157942
0.158881
0.159739
0.160540
0.161265
0.161900
0.162460
0.162931
0.163307
0.163589
0.163777
0.163871
0.163871
0.163777
0.163589
0.163307
0.162931
0.162460
0.161900
0.161265
0.160540
0.159739
0.158881
0.157942
0.156980
0.155941
0.154891
0.153777
0.152637
0.151439
0.153221
0.154456
0.155657
0.156837
0.157960
0.159072
0.160107
0.161105
0.162013
0.162859
0.163612
0.164274
0.164845
0.165321
0.165701
0.165987
0.166175
0.166269
0.166269
0.166175
0.165987
0.165701
0.165321
0.164845
0.164274
0.163612
0.162859
0.162013
0.161105
0.160107
0.159072
0.157960
0.156837
0.155657
0.154456
0.153221
0.154999
0.156294
0.157578
0.158835
0.160039
0.161218
0.162319
0.163354
0.164298
0.165155
0.165917
0.166575
0.167138
0.167607
0.167982
0.168253
0.168434
0.168524
0.168524
0.168434
0.168253
0.167982
0.167607
0.167138
0.166575
0.165917
0.165155
0.164298
0.163354
0.162319
0.161218
0.160039
0.158835
0.157578
0.156294
0.154999
0.156795
0.158170
0.159543
0.160879
0.162155
0.163379
0.164514
0.165562
0.166507
0.167352
0.168098
0.168730
0.169271
0.169721
0.170077
0.170331
0.170501
0.170585
0.170585
0.170501
0.170331
0.170077
0.169721
0.169271
0.168730
0.168098
0.167352
0.166507
0.165562
0.164514
0.163379
0.162155
0.160879
0.159543
0.158170
0.156795
0.158622
0.160086
0.161538
0.162934
0.164255
0.165493
0.166627
0.167660
0.168576
0.169387
0.170102
0.170696
0.171204
0.171628
0.171967
0.172204
0.172360
0.172439
0.172439
0.172360
0.172204
0.171967
0.171628
0.171204
0.170696
0.170102
0.169387
0.168576
0.167660
0.166627
0.165493
0.164255
0.162934
0.161538
0.160086
0.158622
0.160474
0.162019
0.163526
0.164949
0.166280
0.167500
0.168603
0.169595
0.170467
0.171230
0.171909
0.172463
0.172933
0.173324
0.173637
0.173872
0.174026
0.174098
0.174098
0.174026
0.173872
0.173637
0.173324
0.172933
0.172463
0.171909
0.171230
0.170467
0.169595
0.168603
0.167500
0.166280
0.164949
0.163526
0.162019
0.160474
0.162329
0.163930
0.165455
0.166872
0.168180
0.169353
0.170410
0.171342
0.172176
0.172880
0.173507
0.174050
0.174479
0.174836
0.175122
0.175337
0.175480
0.175551
0.175551
0.175480
0.175337
0.175122
0.174836
0.174479
0.174050
0.173507
0.172880
0.172176
0.171342
0.170410
0.169353
0.168180
0.166872
0.165455
0.163930
0.162329
0.164149
0.165770
0.167277
0.168660
0.169924
0.171031
0.172045
0.172907
0.173690
0.174361
0.174933
0.175433
0.175862
0.176200
0.176460
0.176655
0.176785
0.176850
0.176850
0.176785
0.176655
0.176460
0.176200
0.175862
0.175433
0.174933
0.174361
0.173690
0.172907
0.172045
0.171031
0.169924
0.168660
0.167277
0.165770
0.164149
0.165897
0.167496
0.168961
0.170296
0.171484
0.172542
0.173482
0.174314
0.175030
0.175673
0.176223
0.176679
0.177069
0.177394
0.177654
0.177849
0.177979
0.178040
0.178040
0.177979
0.177849
0.177654
0.177394
0.177069
0.176679
0.176223
0.175673
0.175030
0.174314
0.173482
0.172542
0.171484
0.170296
0.168961
0.167496
0.165897
0.167528
0.169082
0.170496
0.171769
0.172884
0.173902
0.174770
0.175557
0.176247
0.176833
0.177353
0.177809
0.178181
0.178477
0.178714
0.178891
0.179009
0.179069
0.179069
0.179009
0.178891
0.178714
0.178477
0.178181
0.177809
0.177353
0.176833
0.176247
0.175557
0.174770
0.173902
0.172884
0.171769
0.170496
0.169082
0.167528
0.169024
0.170526
0.171885
0.173069
0.174152
0.175083
0.175942
0.176663
0.177313
0.177899
0.178382
0.178796
0.179151
0.179447
0.179684
0.179862
0.179980
0.180036
0.180036
0.179980
0.179862
0.179684
0.179447
0.179151
0.178796
0.178382
0.177899
0.177313
0.176663
0.175942
0.175083
0.174152
0.173069
0.171885
0.170526
0.169024
0.170387
0.171831
0.173099
0.174251
0.175254
0.176168
0.176949
0.177665
0.178287
0.178820
0.179294
0.179708
0.180058
0.180326
0.180542
0.180703
0.180810
0.180864
0.180864
0.180810
0.180703
0.180542
0.180326
0.180058
0.179708
0.179294
0.178820
0.178287
0.177665
0.176949
0.176168
0.175254
0.174251
0.173099
0.171831
0.170387
0.171609
0.172972
0.174208
0.175282
0.176259
0.177105
0.177887
0.178548
0.179141
0.179674
0.180134
0.180511
0.180833
0.181102
0.181317
0.181479
0.181586
0.181640
0.181640
0.181586
0.181479
0.181317
0.181102
0.180833
0.180511
0.180134
0.179674
0.179141
0.178548
0.177887
0.177105
0.176259
0.175282
0.174208
0.172972
0.171609
0.172690
0.174022
0.175168
0.176221
0.177132
0.177979
0.178692
0.179344
0.179936
0.180426
0.180857
0.181233
0.181556
0.181825
0.182036
0.182179
0.182274
0.182322
0.182322
0.182274
0.182179
0.182036
0.181825
0.181556
0.181233
0.180857
0.180426
0.179936
0.179344
0.178692
0.177979
0.177132
0.176221
0.175168
0.174022
0.172690
0.173664
0.174911
0.176053
0.177030
0.177942
0.178718
0.179429
0.180073
0.180612
0.181096
0.181527
0.181903
0.182201
0.182439
0.182630
0.182773
0.182869
0.182916
0.182916
0.182869
0.182773
0.182630
0.182439
0.182201
0.181903
0.181527
0.181096
0.180612
0.180073
0.179429
0.178718
0.177942
0.177030
0.176053
0.174911
0.173664
0.174511
0.175730
0.176797
0.177775
0.178625
0.179396
0.180098
0.180690
0.181228
0.181713
0.182127
0.182461
0.182748
0.182986
0.183177
0.183321
0.183416
0.183464
0.183464
0.183416
0.183321
0.183177
0.182986
0.182748
0.182461
0.182127
0.181713
0.181228
0.180690
0.180098
0.179396
0.178625
0.177775
0.176797
0.175730
0.174511
0.175260
0.176435
0.177478
0.178415
0.179245
0.180015
0.180661
0.181253
0.181792
0.182245
0.182627
0.182962
0.183248
0.183487
0.183678
0.183821
0.183917
0.183964
0.183964
0.183917
0.183821
0.183678
0.183487
0.183248
0.182962
0.182627
0.182245
0.181792
0.181253
0.180661
0.180015
0.179245
0.178415
0.177478
0.176435
0.175260
0.175937
0.177052
0.178086
0.178976
0.179807
0.180525
0.181171
0.181764
0.182268
0.182698
0.183080
0.183415
0.183701
0.183940
0.184105
0.184219
0.184296
0.184334
0.184334
0.184296
0.184219
0.184105
0.183940
0.183701
0.183415
0.183080
0.182698
0.182268
0.181764
0.181171
0.180525
0.179807
0.178976
0.178086
0.177052
0.175937
0.176495
0.177604
0.178589
0.179479
0.180281
0.180982
0.181629
0.182196
0.182674
0.183104
0.183486
0.183821
0.184086
0.184277
0.184430
0.184544
0.184621
0.184659
0.184659
0.184621
0.184544
0.184430
0.184277
0.184086
0.183821
0.183486
0.183104
0.182674
0.182196
0.181629
0.180982
0.180281
0.179479
0.178589
0.177604
0.176495
0.176982
0.178083
0.179033
0.179924
0.180685
0.181386
0.182029
0.182555
0.183033
0.183463
0.183846
0.184144
0.184373
0.184564
0.184717
0.184832
0.184908
0.184946
0.184946
0.184908
0.184832
0.184717
0.184564
0.184373
0.184144
0.183846
0.183463
0.183033
0.182555
0.182029
0.181386
0.180685
0.179924
0.179033
0.178083
0.176982
0.177406
0.178469
0.179419
0.180281
0.181036
0.181737
0.182341
0.182866
0.183345
0.183775
0.184126
0.184393
0.184623
0.184814
0.184967
0.185081
0.185158
0.185196
0.185196
0.185158
0.185081
0.184967
0.184814
0.184623
0.184393
0.184126
0.183775
0.183345
0.182866
0.182341
0.181737
0.181036
0.180281
0.179419
0.178469
0.177406
0.177765
0.178796
0.179746
0.180578
0.181334
0.182031
0.182605
0.183131
0.183609
0.184032
0.184337
0.184605
0.184834
0.185025
0.185178
0.185293
0.185370
0.185408
0.185408
0.185370
0.185293
0.185178
0.185025
0.184834
0.184605
0.184337
0.184032
0.183609
0.183131
0.182605
0.182031
0.181334
0.180578
0.179746
0.178796
0.177765
0.178054
0.179064
0.180013
0.180822
0.181578
0.182248
0.182822
0.183348
0.183826
0.184205
0.184511
0.184779
0.185008
0.185200
0.185353
0.185467
0.185544
0.185582
0.185582
0.185544
0.185467
0.185353
0.185200
0.185008
0.184779
0.184511
0.184205
0.183826
0.183348
0.182822
0.182248
0.181578
0.180822
0.180013
0.179064
0.178054
0.178263
0.179273
0.180204
0.181013
0.181769
0.182417
0.182991
0.183518
0.183996
0.184341
0.184647
0.184915
0.185145
0.185336
0.185489
0.185604
0.185680
0.185719
0.185719
0.185680
0.185604
0.185489
0.185336
0.185145
0.184915
0.184647
0.184341
0.183996
0.183518
0.182991
0.182417
0.181769
0.181013
0.180204
0.179273
0.178263
0.178413
0.179424
0.180341
0.181151
0.181907
0.182540
0.183114
0.183640
0.184095
0.184440
0.184746
0.185014
0.185243
0.185435
0.185588
0.185702
0.185779
0.185817
0.185817
0.185779
0.185702
0.185588
0.185435
0.185243
0.185014
0.184746
0.184440
0.184095
0.183640
0.183114
0.182540
0.181907
0.181151
0.180341
0.179424
0.178413
0.178505
0.179516
0.180425
0.181235
0.181991
0.182614
0.183189
0.183716
0.184156
0.184500
0.184806
0.185074
0.185304
0.185495
0.185648
0.185763
0.185840
0.185878
0.185878
0.185840
0.185763
0.185648
0.185495
0.185304
0.185074
0.184806
0.184500
0.184156
0.183716
0.183189
0.182614
0.181991
0.181235
0.180425
0.179516
0.178505
0.178538
0.179549
0.180455
0.181265
0.182019
0.182642
0.183217
0.183744
0.184178
0.184523
0.184829
0.185097
0.185327
0.185518
0.185671
0.185786
0.185863
0.185901
0.185901
0.185863
0.185786
0.185671
0.185518
0.185327
0.185097
0.184829
0.184523
0.184178
0.183744
0.183217
0.182642
0.182019
0.181265
0.180455
0.179549
0.178538
0.178512
0.179524
0.180432
0.181243
0.181999
0.182622
0.183197
0.183724
0.184163
0.184507
0.184814
0.185082
0.185312
0.185503
0.185656
0.185771
0.185848
0.185886
0.185886
0.185848
0.185771
0.185656
0.185503
0.185312
0.185082
0.184814
0.184507
0.184163
0.183724
0.183197
0.182622
0.181999
0.181243
0.180432
0.179524
0.178512
0.178427
0.179439
0.180355
0.181166
0.181923
0.182555
0.183130
0.183657
0.184109
0.184454
0.184760
0.185029
0.185258
0.185450
0.185603
0.185718
0.185795
0.185833
0.185833
0.185795
0.185718
0.185603
0.185450
0.185258
0.185029
0.184760
0.184454
0.184109
0.183657
0.183130
0.182555
0.181923
0.181166
0.180355
0.179439
0.178427
0.178283
0.179295
0.180225
0.181036
0.181793
0.182440
0.183015
0.183543
0.184018
0.184363
0.184669
0.184937
0.185167
0.185359
0.185512
0.185627
0.185704
0.185742
0.185742
0.185704
0.185627
0.185512
0.185359
0.185167
0.184937
0.184669
0.184363
0.184018
0.183543
0.183015
0.182440
0.181793
0.181036
0.180225
0.179295
0.178283
0.178080
0.179092
0.180041
0.180853
0.181610
0.182278
0.182853
0.183381
0.183860
0.184233
0.184540
0.184808
0.185038
0.185230
0.185383
0.185498
0.185575
0.185613
0.185613
0.185575
0.185498
0.185383
0.185230
0.185038
0.184808
0.184540
0.184233
0.183860
0.183381
0.182853
0.182278
0.181610
0.180853
0.180041
0.179092
0.178080
0.177800
0.178831
0.179784
0.180615
0.181373
0.182068
0.182643
0.183171
0.183651
0.184066
0.184373
0.184641
0.184871
0.185063
0.185216
0.185331
0.185408
0.185447
0.185447
0.185408
0.185331
0.185216
0.185063
0.184871
0.184641
0.184373
0.184066
0.183651
0.183171
0.182643
0.182068
0.181373
0.180615
0.179784
0.178831
0.177800
0.177447
0.178510
0.179463
0.180324
0.181082
0.181786
0.182386
0.182914
0.183394
0.183826
0.184167
0.184436
0.184666
0.184858
0.185011
0.185126
0.185203
0.185242
0.185242
0.185203
0.185126
0.185011
0.184858
0.184666
0.184436
0.184167
0.183826
0.183394
0.182914
0.182386
0.181786
0.181082
0.180324
0.179463
0.178510
0.177447
0.177028
0.178129
0.179083
0.179978
0.180738
0.181442
0.182081
0.182609
0.183089
0.183521
0.183905
0.184193
0.184423
0.184615
0.184768
0.184883
0.184960
0.184998
0.184998
0.184960
0.184883
0.184768
0.184615
0.184423
0.184193
0.183905
0.183521
0.183089
0.182609
0.182081
0.181442
0.180738
0.179978
0.179083
0.178129
0.177028
0.176545
0.177659
0.178644
0.179539
0.180339
0.181043
0.181693
0.182256
0.182736
0.183169
0.183553
0.183889
0.184141
0.184333
0.184487
0.184602
0.184679
0.184717
0.184717
0.184679
0.184602
0.184487
0.184333
0.184141
0.183889
0.183553
0.183169
0.182736
0.182256
0.181693
0.181043
0.180339
0.179539
0.178644
0.177659
0.176545
0.175996
0.177111
0.178146
0.179040
0.179876
0.180591
0.181241
0.181837
0.182336
0.182768
0.183153
0.183489
0.183777
0.184014
0.184167
0.184283
0.184359
0.184398
0.184398
0.184359
0.184283
0.184167
0.184014
0.183777
0.183489
0.183153
0.182768
0.182336
0.181837
0.181241
0.180591
0.179876
0.179040
0.178146
0.177111
0.175996
0.175320
0.176497
0.177547
0.178483
0.179318
0.180085
0.180736
0.181332
0.181874
0.182321
0.182705
0.183041
0.183329
0.183570
0.183762
0.183906
0.184002
0.184040
0.184040
0.184002
0.183906
0.183762
0.183570
0.183329
0.183041
0.182705
0.182321
0.181874
0.181332
0.180736
0.180085
0.179318
0.178483
0.177547
0.176497
0.175320
0.174573
0.175800
0.176868
0.177852
0.178701
0.179477
0.180176
0.180772
0.181314
0.181802
0.182209
0.182546
0.182834
0.183074
0.183266
0.183411
0.183507
0.183555
0.183555
0.183507
0.183411
0.183266
0.183074
0.182834
0.182546
0.182209
0.181802
0.181314
0.180772
0.180176
0.179477
0.178701
0.177852
0.176868
0.175800
0.174573
0.173730
0.174981
0.176124
0.177109
0.178025
0.178801
0.179518
0.180159
0.180701
0.181189
0.181623
0.182002
0.182291
0.182531
0.182723
0.182867
0.182964
0.183012
0.183012
0.182964
0.182867
0.182723
0.182531
0.182291
0.182002
0.181623
0.181189
0.180701
0.180159
0.179518
0.178801
0.178025
0.177109
0.176124
0.174981
0.173730
0.172754
0.174090
0.175246
0.176299
0.177219
0.178066
0.178782
0.179439
0.180033
0.180522
0.180955
0.181335
0.181661
0.181932
0.182132
0.182276
0.182372
0.182421
0.182421
0.182372
0.182276
0.182132
0.181932
0.181661
0.181335
0.180955
0.180522
0.180033
0.179439
0.178782
0.178066
0.177219
0.176299
0.175246
0.174090
0.172754
0.171674
0.173044
0.174283
0.175367
0.176344
0.177198
0.177986
0.178645
0.179242
0.179780
0.180234
0.180614
0.180940
0.181211
0.181428
0.181591
0.181699
0.181754
0.181754
0.181699
0.181591
0.181428
0.181211
0.180940
0.180614
0.180234
0.179780
0.179242
0.178645
0.177986
0.177198
0.176344
0.175367
0.174283
0.173044
0.171674
0.170446
0.171904
0.173177
0.174333
0.175345
0.176258
0.177047
0.177769
0.178388
0.178926
0.179404
0.179822
0.180164
0.180436
0.180653
0.180816
0.180924
0.180978
0.180978
0.180924
0.180816
0.180653
0.180436
0.180164
0.179822
0.179404
0.178926
0.178388
0.177769
0.177047
0.176258
0.175345
0.174333
0.173177
0.171904
0.170446
0.169077
0.170590
0.171962
0.173153
0.174238
0.175178
0.176042
0.176764
0.177422
0.178012
0.178490
0.178909
0.179267
0.179566
0.179805
0.179985
0.180095
0.180149
0.180149
0.180095
0.179985
0.179805
0.179566
0.179267
0.178909
0.178490
0.178012
0.177422
0.176764
0.176042
0.175178
0.174238
0.173153
0.171962
0.170590
0.169077
0.167570
0.169139
0.170563
0.171850
0.172970
0.174000
0.174868
0.175663
0.176351
0.176943
0.177469
0.177929
0.178294
0.178593
0.178832
0.179012
0.179131
0.179191
0.179191
0.179131
0.179012
0.178832
0.178593
0.178294
0.177929
0.177469
0.176943
0.176351
0.175663
0.174868
0.174000
0.172970
0.171850
0.170563
0.169139
0.167570
0.165923
0.167541
0.169020
0.170366
0.171567
0.172630
0.173581
0.174413
0.175136
0.175787
0.176333
0.176793
0.177188
0.177517
0.177780
0.177977
0.178099
0.178158
0.178158
0.178099
0.177977
0.177780
0.177517
0.177188
0.176793
0.176333
0.175787
0.175136
0.174413
0.173581
0.172630
0.171567
0.170366
0.169020
0.167541
0.165923
0.164157
0.165797
0.167322
0.168719
0.169997
0.171113
0.172132
0.173004
0.173796
0.174465
0.175044
0.175551
0.175985
0.176315
0.176578
0.176776
0.176907
0.176973
0.176973
0.176907
0.176776
0.176578
0.176315
0.175985
0.175551
0.175044
0.174465
0.173796
0.173004
0.172132
0.171113
0.169997
0.168719
0.167322
0.165797
0.164157
0.162314
0.163936
0.165479
0.166913
0.168235
0.169423
0.170488
0.171433
0.172269
0.172982
0.173617
0.174157
0.174591
0.174953
0.175242
0.175459
0.175604
0.175677
0.175677
0.175604
0.175459
0.175242
0.174953
0.174591
0.174157
0.173617
0.172982
0.172269
0.171433
0.170488
0.169423
0.168235
0.166913
0.165479
0.163936
0.162314
0.160435
0.161999
0.163526
0.164968
0.166315
0.167552
0.168667
0.169672
0.170551
0.171324
0.172010
0.172565
0.173041
0.173437
0.173755
0.173992
0.174138
0.174210
0.174210
0.174138
0.173992
0.173755
0.173437
0.173041
0.172565
0.172010
0.171324
0.170551
0.169672
0.168667
0.167552
0.166315
0.164968
0.163526
0.161999
0.160435
0.158558
0.160040
0.161512
0.162926
0.164265
0.165521
0.166670
0.167717
0.168642
0.169465
0.170185
0.170786
0.171302
0.171731
0.172069
0.172307
0.172466
0.172545
0.172545
0.172466
0.172307
0.172069
0.171731
0.171302
0.170786
0.170185
0.169465
0.168642
0.167717
0.166670
0.165521
0.164265
0.162926
0.161512
0.160040
0.158558
0.156707
0.158097
0.159490
0.160842
0.162136
0.163377
0.164529
0.165591
0.166549
0.167406
0.168161
0.168802
0.169350
0.169808
0.170163
0.170421
0.170593
0.170679
0.170679
0.170593
0.170421
0.170163
0.169808
0.169350
0.168802
0.168161
0.167406
0.166549
0.165591
0.164529
0.163377
0.162136
0.160842
0.159490
0.158097
0.156707
0.154887
0.156195
0.157498
0.158769
0.159988
0.161185
0.162301
0.163351
0.164310
0.165180
0.165953
0.166620
0.167192
0.167668
0.168047
0.168321
0.168504
0.168596
0.168596
0.168504
0.168321
0.168047
0.167668
0.167192
0.166620
0.165953
0.165180
0.164310
0.163351
0.162301
0.161185
0.159988
0.158769
0.157498
0.156195
0.154887
0.153084
0.154331
0.155551
0.156742
0.157883
0.159007
0.160055
0.161069
0.161990
0.162849
0.163614
0.164286
0.164866
0.165349
0.165736
0.166026
0.166216
0.166311
0.166311
0.166216
0.166026
0.165736
0.165349
0.164866
0.164286
0.163614
0.162849
0.161990
0.161069
0.160055
0.159007
0.157883
0.156742
0.155551
0.154331
0.153084
0.151271
0.152484
0.153643
0.154768
0.155835
0.156883
0.157861
0.158810
0.159681
0.160492
0.161230
0.161875
0.162443
0.162921
0.163304
0.163590
0.163781
0.163877
0.163877
0.163781
0.163590
0.163304
0.162921
0.162443
0.161875
0.161230
0.160492
0.159681
0.158810
0.157861
0.156883
0.155835
0.154768
0.153643
0.152484
0.151271
0.149407
0.150615
0.151746
0.152826
0.153840
0.154823
0.155739
0.156618
0.157433
0.158178
0.158875
0.159485
0.160009
0.160470
0.160839
0.161115
0.161299
0.161392
0.161392
0.161299
0.161115
0.160839
0.160470
0.160009
0.159485
0.158875
0.158178
0.157433
0.156618
0.155739
0.154823
0.153840
0.152826
0.151746
0.150615
0.149407
0.147432
0.148673
0.149816
0.150879
0.151868
0.152807
0.153676
0.154499
0.155262
0.155949
0.156597
0.157168
0.157657
0.158070
0.158418
0.158680
0.158854
0.158941
0.158941
0.158854
0.158680
0.158418
0.158070
0.157657
0.157168
0.156597
0.155949
0.155262
0.154499
0.153676
0.152807
0.151868
0.150879
0.149816
0.148673
0.147432
0.145258
0.146587
0.147786
0.148868
0.149869
0.150789
0.151638
0.152426
0.153151
0.153803
0.154403
0.154938
0.155396
0.155777
0.156088
0.156333
0.156496
0.156578
0.156578
0.156496
0.156333
0.156088
0.155777
0.155396
0.154938
0.154403
0.153803
0.153151
0.152426
0.151638
0.150789
0.149869
0.148868
0.147786
0.146587
0.145258
0.142771
0.144263
0.145559
0.146716
0.147766
0.148706
0.149564
0.150347
0.151054
0.151691
0.152263
0.152771
0.153206
0.153568
0.153858
0.154080
0.154233
0.154309
0.154309
0.154233
0.154080
0.153858
0.153568
0.153206
0.152771
0.152263
0.151691
0.151054
0.150347
0.149564
0.148706
0.147766
0.146716
0.145559
0.144263
0.142771
0.139827
0.141538
0.143015
0.144322
0.145457
0.146472
0.147372
0.148187
0.148903
0.149546
0.150117
0.150613
0.151037
0.151391
0.151674
0.151886
0.152029
0.152101
0.152101
0.152029
0.151886
0.151674
0.151391
0.151037
0.150613
0.150117
0.149546
0.148903
0.148187
0.147372
0.146472
0.145457
0.144322
0.143015
0.141538
0.139827
0.136167
0.138240
0.140016
0.141511
0.142812
0.143975
0.144950
0.145841
0.146603
0.147278
0.147878
0.148384
0.148814
0.149171
0.149458
0.149672
0.149815
0.149887
0.149887
0.149815
0.149672
0.149458
0.149171
0.148814
0.148384
0.147878
0.147278
0.146603
0.145841
0.144950
0.143975
0.142812
0.141511
0.140016
0.138240
0.136167
0.131558
0.134105
0.136257
0.138099
0.139655
0.140986
0.142164
0.143147
0.144038
0.144767
0.145416
0.145983
0.146435
0.146810
0.147110
0.147335
0.147485
0.147560
0.147560
0.147485
0.147335
0.147110
0.146810
0.146435
0.145983
0.145416
0.144767
0.144038
0.143147
0.142164
0.140986
0.139655
0.138099
0.136257
0.134105
0.131558
0.125819
0.128872
0.131513
0.133778
0.135702
0.137336
0.138737
0.139961
0.140961
0.141858
0.142589
0.143215
0.143752
0.144180
0.144505
0.144748
0.144910
0.144991
0.144991
0.144910
0.144748
0.144505
0.144180
0.143752
0.143215
0.142589
0.141858
0.140961
0.139961
0.138737
0.137336
0.135702
0.133778
0.131513
0.128872
0.125819
0.118847
0.122432
0.125574
0.128310
0.130668
0.132699
0.134442
0.135940
0.137181
0.138264
0.139154
0.139933
0.140538
0.141037
0.141436
0.141735
0.141934
0.142031
0.142031
0.141934
0.141735
0.141436
0.141037
0.140538
0.139933
0.139154
0.138264
0.137181
0.135940
0.134442
0.132699
0.130668
0.128310
0.125574
0.122432
0.118847
0.110615
0.114717
0.118351
0.121556
0.124371
0.126823
0.128953
0.130787
0.132364
0.133702
0.134816
0.135770
0.136533
0.137151
0.137646
0.138015
0.138238
0.138349
0.138349
0.138238
0.138015
0.137646
0.137151
0.136533
0.135770
0.134816
0.133702
0.132364
0.130787
0.128953
0.126823
0.124371
0.121556
0.118351
0.114717
0.110615
0.100984
0.105650
0.109798
0.113473
0.116726
0.119599
0.122124
0.124321
0.126230
0.127871
0.129253
0.130427
0.131390
0.132179
0.132774
0.133220
0.133517
0.133666
0.133666
0.133517
0.133220
0.132774
0.132179
0.131390
0.130427
0.129253
0.127871
0.126230
0.124321
0.122124
0.119599
0.116726
0.113473
0.109798
0.105650
0.100984
0.000000
0.000000
0.099771
0.103963
0.107683
0.110976
0.113890
0.116442
0.118673
0.120609
0.122275
0.123683
0.124850
0.125811
0.126550
0.127097
0.127462
0.127644
0.127644
0.127462
0.127097
0.126550
0.125811
0.124850
0.123683
0.122275
0.120609
0.118673
0.116442
0.113890
0.110976
0.107683
0.103963
0.099771
0.000000
0.000000
0.185097
0.185750
0.000000
0.000000
0.000000
0.100830
0.104162
0.107090
0.109664
0.111903
0.113829
0.115466
0.116837
0.117964
0.118837
0.119490
0.119926
0.120138
0.120138
0.119926
0.119490
0.118837
0.117964
0.116837
0.115466
0.113829
0.111903
0.109664
0.107090
0.104162
0.100830
0.000000
0.000000
0.000000
0.185750
0.185097
0.183483
0.184240
0.184855
0.185432
0.185970
0.000000
0.000000
0.000000
0.099040
0.101604
0.103819
0.105707
0.107286
0.108581
0.109600
0.110355
0.110851
0.111098
0.111098
0.110851
0.110355
0.109600
0.108581
0.107286
0.105707
0.103819
0.101604
0.099040
0.000000
0.000000
0.000000
0.185970
0.185432
0.184855
0.184240
0.183483
0.181488
0.182363
0.183133
0.183854
0.184422
0.184922
0.185383
0.185806
0.000000
0.000000
0.000000
0.000000
0.000000
0.000000
0.098678
0.099545
0.100121
0.100404
0.100404
0.100121
0.099545
0.098678
0.000000
0.000000
0.000000
0.000000
0.000000
0.000000
0.185806
0.185383
0.184922
0.184422
0.183854
0.183133
0.182363
0.181488
0.179171
0.180170
0.181038
0.181852
0.182542
0.183168
0.183745
0.184219
0.184604
0.184950
0.185258
0.185527
0.185758
0.185950
0.000000
0.000000
0.000000
0.000000
0.000000
0.000000
0.000000
0.000000
0.185950
0.185758
0.185527
0.185258
0.184950
0.184604
0.184219
0.183745
0.183168
0.182542
0.181852
0.181038
0.180170
0.179171
0.176508
0.177625
0.178616
0.179512
0.180317
0.181023
0.181674
0.182241
0.182722
0.183155
0.183540
0.183877
0.184132
0.184325
0.184479
0.184594
0.184671
0.184709
0.184709
0.184671
0.184594
0.184479
0.184325
0.184132
0.183877
0.183540
0.183155
0.182722
0.182241
0.181674
0.181023
0.180317
0.179512
0.178616
0.177625
0.176508
0.173375
0.174658
0.175815
0.176818
0.177738
0.178539
0.179256
0.179914
0.180465
0.180954
0.181388
0.181768
0.182083
0.182324
0.182517
0.182661
0.182757
0.182806
0.182806
0.182757
0.182661
0.182517
0.182324
0.182083
0.181768
0.181388
0.180954
0.180465
0.179914
0.179256
0.178539
0.177738
0.176818
0.175815
0.174658
0.173375
0.169669
0.171147
0.172480
0.173668
0.174709
0.175650
0.176470
0.177194
0.177851
0.178403
0.178881
0.179300
0.179659
0.179958
0.180179
0.180342
0.180451
0.180505
0.180505
0.180451
0.180342
0.180179
0.179958
0.179659
0.179300
0.178881
0.178403
0.177851
0.177194
0.176470
0.175650
0.174709
0.173668
0.172480
0.171147
0.169669
0.165422
0.167047
0.168545
0.169915
0.171122
0.172219
0.173170
0.174038
0.174761
0.175413
0.175991
0.176452
0.176847
0.177176
0.177439
0.177636
0.177768
0.177834
0.177834
0.177768
0.177636
0.177439
0.177176
0.176847
0.176452
0.175991
0.175413
0.174761
0.174038
0.173170
0.172219
0.171122
0.169915
0.168545
0.167047
0.165422
0.161025
0.162611
0.164138
0.165586
0.166923
0.168153
0.169249
0.170239
0.171097
0.171870
0.172514
0.173069
0.173544
0.173941
0.174235
0.174452
0.174597
0.174669
0.174669
0.174597
0.174452
0.174235
0.173941
0.173544
0.173069
0.172514
0.171870
0.171097
0.170239
0.169249
0.168153
0.166923
0.165586
0.164138
0.162611
0.161025
0.156929
0.158333
0.159725
0.161089
0.162391
0.163631
0.164785
0.165847
0.166800
0.167656
0.168401
0.169041
0.169589
0.170043
0.170387
0.170644
0.170816
0.170902
0.170902
0.170816
0.170644
0.170387
0.170043
0.169589
0.169041
0.168401
0.167656
0.166800
0.165847
0.164785
0.163631
0.162391
0.161089
0.159725
0.158333
0.156929
0.153231
0.154484
0.155703
0.156903
0.158045
0.159176
0.160233
0.161245
0.162172
0.163031
0.163794
0.164468
0.165047
0.165530
0.165916
0.166203
0.166393
0.166488
0.166488
0.166393
0.166203
0.165916
0.165530
0.165047
0.164468
0.163794
0.163031
0.162172
0.161245
0.160233
0.159176
0.158045
0.156903
0.155703
0.154484
0.153231
0.149717
0.150920
0.152050
0.153135
0.154156
0.155146
0.156064
0.156960
0.157774
0.158541
0.159238
0.159847
0.160390
0.160851
0.161219
0.161495
0.161679
0.161771
0.161771
0.161679
0.161495
0.161219
0.160851
0.160390
0.159847
0.159238
0.158541
0.157774
0.156960
0.156064
0.155146
0.154156
0.153135
0.152050
0.150920
0.149717
0.146036
0.147307
0.148481
0.149551
0.150544
0.151462
0.152317
0.153113
0.153836
0.154514
0.155123
0.155657
0.156122
0.156529
0.156854
0.157099
0.157261
0.157343
0.157343
0.157261
0.157099
0.156854
0.156529
0.156122
0.155657
0.155123
0.154514
0.153836
0.153113
0.152317
0.151462
0.150544
0.149551
0.148481
0.147307
0.146036
0.141633
0.143187
0.144557
0.145769
0.146834
0.147807
0.148672
0.149457
0.150169
0.150805
0.151370
0.151864
0.152295
0.152657
0.152946
0.153164
0.153308
0.153381
0.153381
0.153308
0.153164
0.152946
0.152657
0.152295
0.151864
0.151370
0.150805
0.150169
0.149457
0.148672
0.147807
0.146834
0.145769
0.144557
0.143187
0.141633
0.135776
0.137892
0.139677
0.141202
0.142533
0.143693
0.144692
0.145582
0.146361
0.147035
0.147634
0.148150
0.148579
0.148936
0.149221
0.149436
0.149578
0.149650
0.149650
0.149578
0.149436
0.149221
0.148936
0.148579
0.148150
0.147634
0.147035
0.146361
0.145582
0.144692
0.143693
0.142533
0.141202
0.139677
0.137892
0.135776
0.127527
0.130436
0.132923
0.135051
0.136864
0.138420
0.139752
0.140871
0.141866
0.142683
0.143396
0.144019
0.144505
0.144909
0.145233
0.145476
0.145637
0.145718
0.145718
0.145637
0.145476
0.145233
0.144909
0.144505
0.144019
0.143396
0.142683
0.141866
0.140871
0.139752
0.138420
0.136864
0.135051
0.132923
0.130436
0.127527
0.116484
0.120217
0.123498
0.126373
0.128866
0.131022
0.132873
0.134462
0.135820
0.136947
0.137933
0.138717
0.139383
0.139938
0.140342
0.140641
0.140840
0.140939
0.140939
0.140840
0.140641
0.140342
0.139938
0.139383
0.138717
0.137933
0.136947
0.135820
0.134462
0.132873
0.131022
0.128866
0.126373
0.123498
0.120217
0.116484
0.102584
0.107145
0.111198
0.114792
0.117978
0.120771
0.123228
0.125370
0.127220
0.128808
0.130167
0.131289
0.132231
0.132973
0.133566
0.134010
0.134282
0.134418
0.134418
0.134282
0.134010
0.133566
0.132973
0.132231
0.131289
0.130167
0.128808
0.127220
0.125370
0.123228
0.120771
0.117978
0.114792
0.111198
0.107145
0.102584
0.000000
0.000000
0.000000
0.100244
0.104131
0.107574
0.110617
0.113295
0.115640
0.117676
0.119424
0.120909
0.122157
0.123161
0.123963
0.124540
0.124923
0.125115
0.125115
0.124923
0.124540
0.123963
0.123161
0.122157
0.120909
0.119424
0.117676
0.115640
0.113295
0.110617
0.107574
0.104131
0.100244
0.000000
0.000000
0.000000
0.183827
0.184513
0.185126
0.185701
0.000000
0.000000
0.000000
0.098130
0.100989
0.103487
0.105645
0.107483
0.109023
0.110285
0.111274
0.112014
0.112494
0.112734
0.112734
0.112494
0.112014
0.111274
0.110285
0.109023
0.107483
0.105645
0.103487
0.100989
0.098130
0.000000
0.000000
0.000000
0.185701
0.185126
0.184513
0.183827
0.180903
0.181823
0.182610
0.183329
0.184001
0.184499
0.184959
0.185380
0.185764
0.000000
0.000000
0.000000
0.000000
0.000000
0.000000
0.000000
0.000000
0.000000
0.000000
0.000000
0.000000
0.000000
0.000000
0.000000
0.000000
0.000000
0.000000
0.185764
0.185380
0.184959
0.184499
0.184001
0.183329
0.182610
0.181823
0.180903
0.177402
0.178469
0.179422
0.180287
0.181044
0.181748
0.182352
0.182880
0.183359
0.183791
0.184140
0.184408
0.184638
0.184830
0.184983
0.185098
0.185175
0.185213
0.185213
0.185175
0.185098
0.184983
0.184830
0.184638
0.184408
0.184140
0.183791
0.183359
0.182880
0.182352
0.181748
0.181044
0.180287
0.179422
0.178469
0.177402
0.173113
0.174415
0.175568
0.176590
0.177507
0.178327
0.179042
0.179697
0.180266
0.180753
0.181186
0.181565
0.181890
0.182142
0.182334
0.182478
0.182574
0.182622
0.182622
0.182574
0.182478
0.182334
0.182142
0.181890
0.181565
0.181186
0.180753
0.180266
0.179697
0.179042
0.178327
0.177507
0.176590
0.175568
0.174415
0.173113
0.167816
0.169371
0.170777
0.172055
0.173160
0.174170
0.175035
0.175828
0.176499
0.177089
0.177613
0.178065
0.178423
0.178721
0.178960
0.179138
0.179258
0.179317
0.179317
0.179258
0.179138
0.178960
0.178721
0.178423
0.178065
0.177613
0.177089
0.176499
0.175828
0.175035
0.174170
0.173160
0.172055
0.170777
0.169371
0.167816
0.161872
0.163483
0.165015
0.166451
0.167777
0.168970
0.170058
0.170999
0.171854
0.172576
0.173208
0.173761
0.174214
0.174575
0.174863
0.175080
0.175224
0.175296
0.175296
0.175224
0.175080
0.174863
0.174575
0.174214
0.173761
0.173208
0.172576
0.171854
0.170999
0.170058
0.168970
0.167777
0.166451
0.165015
0.163483
0.161872
0.156385
0.157763
0.159133
0.160458
0.161742
0.162968
0.164110
0.165168
0.166128
0.166981
0.167739
0.168387
0.168933
0.169389
0.169753
0.170024
0.170196
0.170281
0.170281
0.170196
0.170024
0.169753
0.169389
0.168933
0.168387
0.167739
0.166981
0.166128
0.165168
0.164110
0.162968
0.161742
0.160458
0.159133
0.157763
0.156385
0.151609
0.152824
0.153977
0.155114
0.156188
0.157242
0.158230
0.159183
0.160053
0.160879
0.161612
0.162263
0.162834
0.163309
0.163690
0.163975
0.164167
0.164263
0.164263
0.164167
0.163975
0.163690
0.163309
0.162834
0.162263
0.161612
0.160879
0.160053
0.159183
0.158230
0.157242
0.156188
0.155114
0.153977
0.152824
0.151609
0.146925
0.148183
0.149320
0.150382
0.151367
0.152288
0.153153
0.153946
0.154702
0.155385
0.155992
0.156559
0.157046
0.157451
0.157776
0.158020
0.158194
0.158281
0.158281
0.158194
0.158020
0.157776
0.157451
0.157046
0.156559
0.155992
0.155385
0.154702
0.153946
0.153153
0.152288
0.151367
0.150382
0.149320
0.148183
0.146925
0.141337
0.142915
0.144305
0.145514
0.146593
0.147562
0.148436
0.149218
0.149929
0.150563
0.151125
0.151618
0.152041
0.152401
0.152690
0.152906
0.153050
0.153122
0.153122
0.153050
0.152906
0.152690
0.152401
0.152041
0.151618
0.151125
0.150563
0.149929
0.149218
0.148436
0.147562
0.146593
0.145514
0.144305
0.142915
0.141337
0.133295
0.135653
0.137649
0.139342
0.140796
0.142075
0.143141
0.144108
0.144914
0.145639
0.146262
0.146784
0.147231
0.147604
0.147902
0.148120
0.148262
0.148333
0.148333
0.148262
0.148120
0.147902
0.147604
0.147231
0.146784
0.146262
0.145639
0.144914
0.144108
0.143141
0.142075
0.140796
0.139342
0.137649
0.135653
0.133295
