0.174887
0.175734
0.176482
0.177161
0.177794
0.178348
0.178842
0.179295
0.179706
0.180070
0.180369
0.180631
0.180855
0.181042
0.181191
0.181303
0.181378
0.181416
0.181416
0.181378
0.181303
0.181191
0.181042
0.180855
0.180631
0.180369
0.180070
0.179706
0.179295
0.178842
0.178348
0.177794
0.177161
0.176482
0.175734
0.174887
0.175206
0.176048
0.176772
0.177451
0.178077
0.178612
0.179106
0.179559
0.179971
0.180310
0.180609
0.180871
0.181095
0.181282
0.181432
0.181544
0.181619
0.181656
0.181656
0.181619
0.181544
0.181432
0.181282
0.181095
0.180871
0.180609
0.180310
0.179971
0.179559
0.179106
0.178612
0.178077
0.177451
0.176772
0.176048
0.175206
0.175476
0.176293
0.177017
0.177697
0.178301
0.178836
0.179330
0.179783
0.180177
0.180514
0.180813
0.181075
0.181299
0.181486
0.181636
0.181748
0.181823
0.181860
0.181860
0.181823
0.181748
0.181636
0.181486
0.181299
0.181075
0.180813
0.180514
0.180177
0.179783
0.179330
0.178836
0.178301
0.177697
0.177017
0.176293
0.175476
0.175696
0.176494
0.177218
0.177898
0.178483
0.179019
0.179513
0.179966
0.180343
0.180680
0.180979
0.181241
0.181466
0.181653
0.181802
0.181915
0.181989
0.182024
0.182024
0.181989
0.181915
0.181802
0.181653
0.181466
0.181241
0.180979
0.180680
0.180343
0.179966
0.179513
0.179019
0.178483
0.177898
0.177218
0.176494
0.175696
0.175868
0.176650
0.177374
0.178049
0.178626
0.179161
0.179656
0.180099
0.180473
0.180810
0.181109
0.181371
0.181595
0.181782
0.181932
0.182039
0.182106
0.182139
0.182139
0.182106
0.182039
0.181932
0.181782
0.181595
0.181371
0.181109
0.180810
0.180473
0.180099
0.179656
0.179161
0.178626
0.178049
0.177374
0.176650
0.175868
0.175990
0.176761
0.177486
0.178150
0.178727
0.179263
0.179757
0.180191
0.180565
0.180902
0.181202
0.181464
0.181688
0.181875
0.182022
0.182122
0.182188
0.182221
0.182221
0.182188
0.182122
0.182022
0.181875
0.181688
0.181464
0.181202
0.180902
0.180565
0.180191
0.179757
0.179263
0.178727
0.178150
0.177486
0.176761
0.175990
0.176057
0.176827
0.177552
0.178211
0.178788
0.179324
0.179818
0.180247
0.180621
0.180958
0.181257
0.181519
0.181744
0.181931
0.182072
0.182171
0.182237
0.182271
0.182271
0.182237
0.182171
0.182072
0.181931
0.181744
0.181519
0.181257
0.180958
0.180621
0.180247
0.179818
0.179324
0.178788
0.178211
0.177552
0.176827
0.176057
0.176078
0.176848
0.177573
0.178230
0.178808
0.179344
0.179838
0.180265
0.180639
0.180976
0.181276
0.181538
0.181762
0.181950
0.182088
0.182188
0.182254
0.182287
0.182287
0.182254
0.182188
0.182088
0.181950
0.181762
0.181538
0.181276
0.180976
0.180639
0.180265
0.179838
0.179344
0.178808
0.178230
0.177573
0.176848
0.176078
0.176054
0.176825
0.177550
0.178209
0.178787
0.179323
0.179818
0.180246
0.180621
0.180958
0.181257
0.181519
0.181744
0.181931
0.182072
0.182171
0.182238
0.182271
0.182271
0.182238
0.182171
0.182072
0.181931
0.181744
0.181519
0.181257
0.180958
0.180621
0.180246
0.179818
0.179323
0.178787
0.178209
0.177550
0.176825
0.176054
0.175984
0.176756
0.177482
0.178147
0.178725
0.179261
0.179756
0.180190
0.180565
0.180902
0.181202
0.181464
0.181689
0.181876
0.182023
0.182122
0.182189
0.182222
0.182222
0.182189
0.182122
0.182023
0.181876
0.181689
0.181464
0.181202
0.180902
0.180565
0.180190
0.179756
0.179261
0.178725
0.178147
0.177482
0.176756
0.175984
0.175859
0.176643
0.177369
0.178045
0.178622
0.179159
0.179654
0.180097
0.180472
0.180809
0.181109
0.181371
0.181596
0.181783
0.181933
0.182040
0.182107
0.182140
0.182140
0.182107
0.182040
0.181933
0.181783
0.181596
0.181371
0.181109
0.180809
0.180472
0.180097
0.179654
0.179159
0.178622
0.178045
0.177369
0.176643
0.175859
0.175685
0.176485
0.177211
0.177891
0.178479
0.179015
0.179510
0.179964
0.180342
0.180679
0.180979
0.181241
0.181466
0.181654
0.181804
0.181916
0.181991
0.182025
0.182025
0.181991
0.181916
0.181804
0.181654
0.181466
0.181241
0.180979
0.180679
0.180342
0.179964
0.179510
0.179015
0.178479
0.177891
0.177211
0.176485
0.175685
0.175461
0.176282
0.177008
0.177688
0.178294
0.178831
0.179326
0.179780
0.180175
0.180512
0.180812
0.181074
0.181299
0.181487
0.181637
0.181749
0.181824
0.181862
0.181862
0.181824
0.181749
0.181637
0.181487
0.181299
0.181074
0.180812
0.180512
0.180175
0.179780
0.179326
0.178831
0.178294
0.177688
0.177008
0.176282
0.175461
0.175188
0.176034
0.176760
0.177440
0.178069
0.178605
0.179101
0.179555
0.179968
0.180308
0.180608
0.180870
0.181095
0.181283
0.181433
0.181545
0.181620
0.181658
0.181658
0.181620
0.181545
0.181433
0.181283
0.181095
0.180870
0.180608
0.180308
0.179968
0.179555
0.179101
0.178605
0.178069
0.177440
0.176760
0.176034
0.175188
0.174865
0.175714
0.176466
0.177147
0.177783
0.178339
0.178835
0.179289
0.179702
0.180067
0.180367
0.180629
0.180854
0.181041
0.181191
0.181304
0.181379
0.181416
0.181416
0.181379
0.181304
0.181191
0.181041
0.180854
0.180629
0.180367
0.180067
0.179702
0.179289
0.178835
0.178339
0.177783
0.177147
0.176466
0.175714
0.174865
0.174493
0.175342
0.176128
0.176809
0.177445
0.178032
0.178528
0.178982
0.179395
0.179766
0.180088
0.180350
0.180575
0.180763
0.180913
0.181025
0.181100
0.181138
0.181138
0.181100
0.181025
0.180913
0.180763
0.180575
0.180350
0.180088
0.179766
0.179395
0.178982
0.178528
0.178032
0.177445
0.176809
0.176128
0.175342
0.174493
0.174071
0.174920
0.175719
0.176426
0.177062
0.177652
0.178179
0.178634
0.179047
0.179419
0.179749
0.180035
0.180260
0.180447
0.180597
0.180710
0.180785
0.180822
0.180822
0.180785
0.180710
0.180597
0.180447
0.180260
0.180035
0.179749
0.179419
0.179047
0.178634
0.178179
0.177652
0.177062
0.176426
0.175719
0.174920
0.174071
0.173561
0.174449
0.175248
0.175998
0.176634
0.177224
0.177769
0.178245
0.178658
0.179030
0.179360
0.179649
0.179897
0.180094
0.180244
0.180357
0.180432
0.180469
0.180469
0.180432
0.180357
0.180244
0.180094
0.179897
0.179649
0.179360
0.179030
0.178658
0.178245
0.177769
0.177224
0.176634
0.175998
0.175248
0.174449
0.173561
0.172990
0.173921
0.174727
0.175477
0.176160
0.176751
0.177296
0.177796
0.178228
0.178600
0.178930
0.179219
0.179467
0.179674
0.179839
0.179963
0.180042
0.180079
0.180079
0.180042
0.179963
0.179839
0.179674
0.179467
0.179219
0.178930
0.178600
0.178228
0.177796
0.177296
0.176751
0.176160
0.175477
0.174727
0.173921
0.172990
0.172364
0.173295
0.174156
0.174906
0.175606
0.176233
0.176778
0.177278
0.177732
0.178128
0.178459
0.178748
0.178996
0.179203
0.179368
0.179492
0.179575
0.179616
0.179616
0.179575
0.179492
0.179368
0.179203
0.178996
0.178748
0.178459
0.178128
0.177732
0.177278
0.176778
0.176233
0.175606
0.174906
0.174156
0.173295
0.172364
0.171658
0.172615
0.173492
0.174286
0.174986
0.175636
0.176214
0.176714
0.177169
0.177578
0.177942
0.178236
0.178484
0.178691
0.178856
0.178980
0.179063
0.179104
0.179104
0.179063
0.178980
0.178856
0.178691
0.178484
0.178236
0.177942
0.177578
0.177169
0.176714
0.176214
0.175636
0.174986
0.174286
0.173492
0.172615
0.171658
0.170863
0.171871
0.172758
0.173579
0.174316
0.174966
0.175566
0.176106
0.176560
0.176970
0.177333
0.177651
0.177924
0.178138
0.178303
0.178427
0.178510
0.178551
0.178551
0.178510
0.178427
0.178303
0.178138
0.177924
0.177651
0.177333
0.176970
0.176560
0.176106
0.175566
0.174966
0.174316
0.173579
0.172758
0.171871
0.170863
0.170008
0.171017
0.171966
0.172791
0.173558
0.174247
0.174847
0.175397
0.175897
0.176316
0.176680
0.176998
0.177271
0.177498
0.177680
0.177816
0.177907
0.177953
0.177953
0.177907
0.177816
0.177680
0.177498
0.177271
0.176998
0.176680
0.176316
0.175897
0.175397
0.174847
0.174247
0.173558
0.172791
0.171966
0.171017
0.170008
0.169036
0.170103
0.171053
0.171943
0.172715
0.173427
0.174077
0.174628
0.175128
0.175578
0.175979
0.176299
0.176572
0.176799
0.176981
0.177118
0.177209
0.177254
0.177254
0.177209
0.177118
0.176981
0.176799
0.176572
0.176299
0.175979
0.175578
0.175128
0.174628
0.174077
0.173427
0.172715
0.171943
0.171053
0.170103
0.169036
0.168000
0.169075
0.170081
0.170971
0.171802
0.172530
0.173188
0.173791
0.174309
0.174760
0.175160
0.175510
0.175810
0.176055
0.176237
0.176374
0.176465
0.176510
0.176510
0.176465
0.176374
0.176237
0.176055
0.175810
0.175510
0.175160
0.174760
0.174309
0.173791
0.173188
0.172530
0.171802
0.170971
0.170081
0.169075
0.168000
0.166857
0.167975
0.168988
0.169936
0.170771
0.171543
0.172236
0.172839
0.173387
0.173880
0.174291
0.174642
0.174942
0.175192
0.175392
0.175543
0.175643
0.175693
0.175693
0.175643
0.175543
0.175392
0.175192
0.174942
0.174642
0.174291
0.173880
0.173387
0.172839
0.172236
0.171543
0.170771
0.169936
0.168988
0.167975
0.166857
0.165642
0.166766
0.167819
0.168775
0.169660
0.170452
0.171165
0.171818
0.172381
0.172874
0.173313
0.173697
0.174023
0.174274
0.174474
0.174624
0.174724
0.174774
0.174774
0.174724
0.174624
0.174474
0.174274
0.174023
0.173697
0.173313
0.172874
0.172381
0.171818
0.171165
0.170452
0.169660
0.168775
0.167819
0.166766
0.165642
0.164348
0.165484
0.166545
0.167532
0.168436
0.169258
0.170016
0.170669
0.171263
0.171798
0.172252
0.172636
0.172965
0.173239
0.173459
0.173623
0.173733
0.173788
0.173788
0.173733
0.173623
0.173459
0.173239
0.172965
0.172636
0.172252
0.171798
0.171263
0.170669
0.170016
0.169258
0.168436
0.167532
0.166545
0.165484
0.164348
0.163000
0.164124
0.165193
0.166192
0.167114
0.167970
0.168730
0.169425
0.170054
0.170589
0.171065
0.171480
0.171837
0.172124
0.172343
0.172508
0.172617
0.172672
0.172672
0.172617
0.172508
0.172343
0.172124
0.171837
0.171480
0.171065
0.170589
0.170054
0.169425
0.168730
0.167970
0.167114
0.166192
0.165193
0.164124
0.163000
0.161604
0.162712
0.163769
0.164768
0.165704
0.166564
0.167354
0.168076
0.168708
0.169278
0.169784
0.170213
0.170569
0.170867
0.171104
0.171283
0.171401
0.171461
0.171461
0.171401
0.171283
0.171104
0.170867
0.170569
0.170213
0.169784
0.169278
0.168708
0.168076
0.167354
0.166564
0.165704
0.164768
0.163769
0.162712
0.161604
0.160180
0.161263
0.162292
0.163283
0.164211
0.165080
0.165882
0.166608
0.167267
0.167859
0.168371
0.168814
0.169194
0.169510
0.169763
0.169953
0.170075
0.170134
0.170134
0.170075
0.169953
0.169763
0.169510
0.169194
0.168814
0.168371
0.167859
0.167267
0.166608
0.165882
0.165080
0.164211
0.163283
0.162292
0.161263
0.160180
0.158763
0.159787
0.160795
0.161750
0.162666
0.163525
0.164322
0.165057
0.165726
0.166323
0.166850
0.167311
0.167706
0.168034
0.168287
0.168477
0.168604
0.168667
0.168667
0.168604
0.168477
0.168287
0.168034
0.167706
0.167311
0.166850
0.166323
0.165726
0.165057
0.164322
0.163525
0.162666
0.161750
0.160795
0.159787
0.158763
0.157342
0.158320
0.159285
0.160200
0.161092
0.161921
0.162711
0.163438
0.164100
0.164702
0.165237
0.165705
0.166104
0.166434
0.166697
0.166895
0.167027
0.167093
0.167093
0.167027
0.166895
0.166697
0.166434
0.166104
0.165705
0.165237
0.164702
0.164100
0.163438
0.162711
0.161921
0.161092
0.160200
0.159285
0.158320
0.157342
0.155919
0.156871
0.157773
0.158662
0.159506
0.160306
0.161071
0.161772
0.162425
0.163020
0.163549
0.164012
0.164413
0.164748
0.165015
0.165216
0.165349
0.165416
0.165416
0.165349
0.165216
0.165015
0.164748
0.164413
0.164012
0.163549
0.163020
0.162425
0.161772
0.161071
0.160306
0.159506
0.158662
0.157773
0.156871
0.155919
0.154529
0.155426
0.156289
0.157135
0.157924
0.158703
0.159426
0.160095
0.160732
0.161306
0.161816
0.162272
0.162669
0.163000
0.163264
0.163463
0.163595
0.163661
0.163661
0.163595
0.163463
0.163264
0.163000
0.162669
0.162272
0.161816
0.161306
0.160732
0.160095
0.159426
0.158703
0.157924
0.157135
0.156289
0.155426
0.154529
0.153132
0.153984
0.154828
0.155620
0.156384
0.157117
0.157794
0.158443
0.159046
0.159589
0.160075
0.160522
0.160904
0.161223
0.161478
0.161670
0.161797
0.161861
0.161861
0.161797
0.161670
0.161478
0.161223
0.160904
0.160522
0.160075
0.159589
0.159046
0.158443
0.157794
0.157117
0.156384
0.155620
0.154828
0.153984
0.153132
0.151719
0.152564
0.153367
0.154125
0.154864
0.155551
0.156197
0.156817
0.157381
0.157889
0.158364
0.158786
0.159148
0.159450
0.159691
0.159872
0.159993
0.160056
0.160056
0.159993
0.159872
0.159691
0.159450
0.159148
0.158786
0.158364
0.157889
0.157381
0.156817
0.156197
0.155551
0.154864
0.154125
0.153367
0.152564
0.151719
0.150284
0.151116
0.151899
0.152649
0.153351
0.154003
0.154637
0.155218
0.155746
0.156236
0.156688
0.157083
0.157421
0.157703
0.157929
0.158105
0.158226
0.158286
0.158286
0.158226
0.158105
0.157929
0.157703
0.157421
0.157083
0.156688
0.156236
0.155746
0.155218
0.154637
0.154003
0.153351
0.152649
0.151899
0.151116
0.150284
0.148787
0.149628
0.150416
0.151150
0.151835
0.152483
0.153085
0.153637
0.154146
0.154621
0.155043
0.155413
0.155730
0.155994
0.156220
0.156389
0.156502
0.156558
0.156558
0.156502
0.156389
0.156220
0.155994
0.155730
0.155413
0.155043
0.154621
0.154146
0.153637
0.153085
0.152483
0.151835
0.151150
0.150416
0.149628
0.148787
0.147201
0.148079
0.148871
0.149613
0.150303
0.150939
0.151526
0.152067
0.152568
0.153020
0.153421
0.153772
0.154077
0.154341
0.154553
0.154711
0.154817
0.154870
0.154870
0.154817
0.154711
0.154553
0.154341
0.154077
0.153772
0.153421
0.153020
0.152568
0.152067
0.151526
0.150939
0.150303
0.149613
0.148871
0.148079
0.147201
0.145486
0.146406
0.147236
0.148014
0.148707
0.149351
0.149945
0.150484
0.150974
0.151414
0.151806
0.152152
0.152453
0.152704
0.152905
0.153056
0.153156
0.153206
0.153206
0.153156
0.153056
0.152905
0.152704
0.152453
0.152152
0.151806
0.151414
0.150974
0.150484
0.149945
0.149351
0.148707
0.148014
0.147236
0.146406
0.145486
0.143578
0.144571
0.145468
0.146287
0.147013
0.147688
0.148297
0.148841
0.149336
0.149782
0.150176
0.150519
0.150813
0.151058
0.151253
0.151400
0.151498
0.151547
0.151547
0.151498
0.151400
0.151253
0.151058
0.150813
0.150519
0.150176
0.149782
0.149336
0.148841
0.148297
0.147688
0.147013
0.146287
0.145468
0.144571
0.143578
0.141393
0.142507
0.143497
0.144386
0.145171
0.145901
0.146531
0.147102
0.147621
0.148084
0.148480
0.148827
0.149124
0.149372
0.149570
0.149718
0.149818
0.149867
0.149867
0.149818
0.149718
0.149570
0.149372
0.149124
0.148827
0.148480
0.148084
0.147621
0.147102
0.146531
0.145901
0.145171
0.144386
0.143497
0.142507
0.141393
0.138836
0.140130
0.141234
0.142241
0.143107
0.143912
0.144594
0.145211
0.145772
0.146257
0.146672
0.147035
0.147347
0.147607
0.147814
0.147970
0.148071
0.148120
0.148120
0.148071
0.147970
0.147814
0.147607
0.147347
0.147035
0.146672
0.146257
0.145772
0.145211
0.144594
0.143912
0.143107
0.142241
0.141234
0.140130
0.138836
0.135806
0.137278
0.138582
0.139737
0.140731
0.141627
0.142409
0.143090
0.143709
0.144241
0.144690
0.145083
0.145420
0.145701
0.145925
0.146087
0.146190
0.146242
0.146242
0.146190
0.146087
0.145925
0.145701
0.145420
0.145083
0.144690
0.144241
0.143709
0.143090
0.142409
0.141627
0.140731
0.139737
0.138582
0.137278
0.135806
0.132135
0.133883
0.135401
0.136740
0.137938
0.138945
0.139869
0.140642
0.141332
0.141953
0.142453
0.142887
0.143258
0.143568
0.143816
0.144001
0.144114
0.144170
0.144170
0.144114
0.144001
0.143816
0.143568
0.143258
0.142887
0.142453
0.141953
0.141332
0.140642
0.139869
0.138945
0.137938
0.136740
0.135401
0.133883
0.132135
0.127725
0.129763
0.131557
0.133133
0.134525
0.135751
0.136801
0.137742
0.138538
0.139232
0.139848
0.140347
0.140761
0.141106
0.141382
0.141589
0.141727
0.141796
0.141796
0.141727
0.141589
0.141382
0.141106
0.140761
0.140347
0.139848
0.139232
0.138538
0.137742
0.136801
0.135751
0.134525
0.133133
0.131557
0.129763
0.127725
0.122526
0.124853
0.126931
0.128776
0.130413
0.131858
0.133104
0.134216
0.135159
0.136007
0.136692
0.137291
0.137805
0.138209
0.138517
0.138749
0.138903
0.138980
0.138980
0.138903
0.138749
0.138517
0.138209
0.137805
0.137291
0.136692
0.136007
0.135159
0.134216
0.133104
0.131858
0.130413
0.128776
0.126931
0.124853
0.122526
0.116523
0.119136
0.121490
0.123600
0.125479
0.127147
0.128624
0.129933
0.131049
0.132046
0.132870
0.133590
0.134190
0.134662
0.135039
0.135322
0.135511
0.135605
0.135605
0.135511
0.135322
0.135039
0.134662
0.134190
0.133590
0.132870
0.132046
0.131049
0.129933
0.128624
0.127147
0.125479
0.123600
0.121490
0.119136
0.116523
0.109671
0.112578
0.115203
0.117570
0.119695
0.121594
0.123282
0.124777
0.126102
0.127239
0.128234
0.129068
0.129782
0.130352
0.130797
0.131131
0.131353
0.131464
0.131464
0.131353
0.131131
0.130797
0.130352
0.129782
0.129068
0.128234
0.127239
0.126102
0.124777
0.123282
0.121594
0.119695
0.117570
0.115203
0.112578
0.109671
0.101887
0.105107
0.108031
0.110659
0.113029
0.115157
0.117058
0.118749
0.120247
0.121554
0.122687
0.123662
0.124475
0.125141
0.125673
0.126068
0.126321
0.126447
0.126447
0.126321
0.126068
0.125673
0.125141
0.124475
0.123662
0.122687
0.121554
0.120247
0.118749
0.117058
0.115157
0.113029
0.110659
0.108031
0.105107
0.101887
0.000000
0.000000
0.099872
0.102789
0.105426
0.107799
0.109923
0.111812
0.113483
0.114951
0.116235
0.117328
0.118256
0.119010
0.119613
0.120063
0.120354
0.120499
0.120499
0.120354
0.120063
0.119613
0.119010
0.118256
0.117328
0.116235
0.114951
0.113483
0.111812
0.109923
0.107799
0.105426
0.102789
0.099872
0.000000
0.000000
0.185791
0.000000
0.000000
0.000000
0.000000
0.099415
0.101776
0.103882
0.105747
0.107387
0.108816
0.110050
0.111080
0.111938
0.112606
0.113106
0.113439
0.113605
0.113605
0.113439
0.113106
0.112606
0.111938
0.111080
0.110050
0.108816
0.107387
0.105747
0.103882
0.101776
0.099415
0.000000
0.000000
0.000000
0.000000
0.185791
0.184585
0.185038
0.185464
0.185864
0.000000
0.000000
0.000000
0.000000
0.000000
0.098759
0.100353
0.101723
0.102876
0.103831
0.104580
0.105139
0.105512
0.105698
0.105698
0.105512
0.105139
0.104580
0.103831
0.102876
0.101723
0.100353
0.098759
0.000000
0.000000
0.000000
0.000000
0.000000
0.185864
0.185464
0.185038
0.184585
0.183190
0.183756
0.184231
0.184631
0.185004
0.185350
0.185670
0.185963
0.000000
0.000000
0.000000
0.000000
0.000000
0.000000
0.000000
0.000000
0.000000
0.000000
0.000000
0.000000
0.000000
0.000000
0.000000
0.000000
0.000000
0.000000
0.000000
0.000000
0.185963
0.185670
0.185350
0.185004
0.184631
0.184231
0.183756
0.183190
0.181564
0.182180
0.182713
0.183213
0.183680
0.184091
0.184410
0.184703
0.184970
0.185210
0.185423
0.185609
0.185769
0.185902
0.000000
0.000000
0.000000
0.000000
0.000000
0.000000
0.000000
0.000000
0.185902
0.185769
0.185609
0.185423
0.185210
0.184970
0.184703
0.184410
0.184091
0.183680
0.183213
0.182713
0.182180
0.181564
0.179722
0.180387
0.180989
0.181553
0.182071
0.182504
0.182904
0.183271
0.183604
0.183904
0.184137
0.184323
0.184483
0.184616
0.184723
0.184803
0.184856
0.184883
0.184883
0.184856
0.184803
0.184723
0.184616
0.184483
0.184323
0.184137
0.183904
0.183604
0.183271
0.182904
0.182504
0.182071
0.181553
0.180989
0.180387
0.179722
0.177649
0.178385
0.179047
0.179669
0.180226
0.180715
0.181166
0.181580
0.181957
0.182262
0.182528
0.182762
0.182962
0.183129
0.183262
0.183362
0.183429
0.183462
0.183462
0.183429
0.183362
0.183262
0.183129
0.182962
0.182762
0.182528
0.182262
0.181957
0.181580
0.181166
0.180715
0.180226
0.179669
0.179047
0.178385
0.177649
0.175294
0.176132
0.176861
0.177544
0.178166
0.178704
0.179202
0.179657
0.180065
0.180404
0.180705
0.180968
0.181194
0.181382
0.181533
0.181645
0.181721
0.181758
0.181758
0.181721
0.181645
0.181533
0.181382
0.181194
0.180968
0.180705
0.180404
0.180065
0.179657
0.179202
0.178704
0.178166
0.177544
0.176861
0.176132
0.175294
0.172601
0.173534
0.174377
0.175129
0.175830
0.176438
0.176985
0.177486
0.177942
0.178320
0.178652
0.178942
0.179190
0.179398
0.179563
0.179688
0.179771
0.179812
0.179812
0.179771
0.179688
0.179563
0.179398
0.179190
0.178942
0.178652
0.178320
0.177942
0.177486
0.176985
0.176438
0.175830
0.175129
0.174377
0.173534
0.172601
0.169512
0.170552
0.171504
0.172365
0.173134
0.173848
0.174463
0.175014
0.175516
0.175967
0.176334
0.176653
0.176927
0.177155
0.177337
0.177474
0.177565
0.177611
0.177611
0.177565
0.177474
0.177337
0.177155
0.176927
0.176653
0.176334
0.175967
0.175516
0.175014
0.174463
0.173848
0.173134
0.172365
0.171504
0.170552
0.169512
0.166061
0.167181
0.168227
0.169176
0.170059
0.170832
0.171546
0.172185
0.172734
0.173229
0.173668
0.174048
0.174349
0.174600
0.174800
0.174951
0.175051
0.175101
0.175101
0.175051
0.174951
0.174800
0.174600
0.174349
0.174048
0.173668
0.173229
0.172734
0.172185
0.171546
0.170832
0.170059
0.169176
0.168227
0.167181
0.166061
0.162447
0.163572
0.164637
0.165641
0.166569
0.167426
0.168208
0.168905
0.169538
0.170102
0.170578
0.170994
0.171351
0.171649
0.171887
0.172060
0.172170
0.172225
0.172225
0.172170
0.172060
0.171887
0.171649
0.171351
0.170994
0.170578
0.170102
0.169538
0.168905
0.168208
0.167426
0.166569
0.165641
0.164637
0.163572
0.162447
0.158964
0.159989
0.161009
0.161966
0.162891
0.163751
0.164551
0.165287
0.165956
0.166550
0.167078
0.167539
0.167935
0.168254
0.168508
0.168698
0.168824
0.168888
0.168888
0.168824
0.168698
0.168508
0.168254
0.167935
0.167539
0.167078
0.166550
0.165956
0.165287
0.164551
0.163751
0.162891
0.161966
0.161009
0.159989
0.158964
0.155743
0.156685
0.157587
0.158464
0.159308
0.160098
0.160863
0.161565
0.162210
0.162806
0.163335
0.163798
0.164197
0.164532
0.164800
0.165001
0.165134
0.165201
0.165201
0.165134
0.165001
0.164800
0.164532
0.164197
0.163798
0.163335
0.162806
0.162210
0.161565
0.160863
0.160098
0.159308
0.158464
0.157587
0.156685
0.155743
0.152781
0.153634
0.154460
0.155252
0.155991
0.156724
0.157401
0.158024
0.158627
0.159170
0.159653
0.160080
0.160462
0.160781
0.161037
0.161228
0.161356
0.161420
0.161420
0.161356
0.161228
0.161037
0.160781
0.160462
0.160080
0.159653
0.159170
0.158627
0.158024
0.157401
0.156724
0.155991
0.155252
0.154460
0.153634
0.152781
0.149908
0.150741
0.151524
0.152265
0.152967
0.153619
0.154233
0.154814
0.155342
0.155818
0.156257
0.156652
0.156990
0.157273
0.157498
0.157668
0.157781
0.157837
0.157837
0.157781
0.157668
0.157498
0.157273
0.156990
0.156652
0.156257
0.155818
0.155342
0.154814
0.154233
0.153619
0.152967
0.152265
0.151524
0.150741
0.149908
0.146923
0.147805
0.148606
0.149348
0.150041
0.150677
0.151265
0.151803
0.152300
0.152752
0.153153
0.153504
0.153805
0.154059
0.154270
0.154429
0.154535
0.154587
0.154587
0.154535
0.154429
0.154270
0.154059
0.153805
0.153504
0.153153
0.152752
0.152300
0.151803
0.151265
0.150677
0.150041
0.149348
0.148606
0.147805
0.146923
0.143575
0.144568
0.145466
0.146284
0.147011
0.147685
0.148294
0.148838
0.149333
0.149779
0.150173
0.150516
0.150810
0.151054
0.151250
0.151397
0.151495
0.151544
0.151544
0.151495
0.151397
0.151250
0.151054
0.150810
0.150516
0.150173
0.149779
0.149333
0.148838
0.148294
0.147685
0.147011
0.146284
0.145466
0.144568
0.143575
0.139473
0.140700
0.141803
0.142752
0.143618
0.144383
0.145056
0.145673
0.146217
0.146684
0.147099
0.147462
0.147774
0.148032
0.148230
0.148378
0.148477
0.148527
0.148527
0.148477
0.148378
0.148230
0.148032
0.147774
0.147462
0.147099
0.146684
0.146217
0.145673
0.145056
0.144383
0.143618
0.142752
0.141803
0.140700
0.139473
0.134136
0.135737
0.137130
0.138371
0.139449
0.140403
0.141230
0.141989
0.142609
0.143166
0.143661
0.144086
0.144422
0.144703
0.144927
0.145096
0.145208
0.145264
0.145264
0.145208
0.145096
0.144927
0.144703
0.144422
0.144086
0.143661
0.143166
0.142609
0.141989
0.141230
0.140403
0.139449
0.138371
0.137130
0.135737
0.134136
0.127041
0.129117
0.130952
0.132573
0.134011
0.135236
0.136333
0.137274
0.138116
0.138809
0.139425
0.139964
0.140382
0.140727
0.141003
0.141210
0.141348
0.141417
0.141417
0.141348
0.141210
0.141003
0.140727
0.140382
0.139964
0.139425
0.138809
0.138116
0.137274
0.136333
0.135236
0.134011
0.132573
0.130952
0.129117
0.127041
0.118064
0.120602
0.122885
0.124928
0.126749
0.128366
0.129793
0.131029
0.132129
0.133055
0.133878
0.134548
0.135113
0.135585
0.135962
0.136222
0.136393
0.136479
0.136479
0.136393
0.136222
0.135962
0.135585
0.135113
0.134548
0.133878
0.133055
0.132129
0.131029
0.129793
0.128366
0.126749
0.124928
0.122885
0.120602
0.118064
0.107161
0.110176
0.112891
0.115343
0.117548
0.119522
0.121280
0.122840
0.124222
0.125418
0.126457
0.127340
0.128092
0.128686
0.129162
0.129519
0.129756
0.129875
0.129875
0.129756
0.129519
0.129162
0.128686
0.128092
0.127340
0.126457
0.125418
0.124222
0.122840
0.121280
0.119522
0.117548
0.115343
0.112891
0.110176
0.107161
0.000000
0.000000
0.100889
0.103777
0.106377
0.108713
0.110806
0.112671
0.114324
0.115775
0.117031
0.118119
0.119023
0.119776
0.120365
0.120800
0.121090
0.121235
0.121235
0.121090
0.120800
0.120365
0.119776
0.119023
0.118119
0.117031
0.115775
0.114324
0.112671
0.110806
0.108713
0.106377
0.103777
0.100889
0.000000
0.000000
0.185319
0.185771
0.000000
0.000000
0.000000
0.000000
0.098244
0.100434
0.102379
0.104094
0.105583
0.106862
0.107950
0.108833
0.109539
0.110066
0.110409
0.110580
0.110580
0.110409
0.110066
0.109539
0.108833
0.107950
0.106862
0.105583
0.104094
0.102379
0.100434
0.098244
0.000000
0.000000
0.000000
0.000000
0.185771
0.185319
0.183375
0.183941
0.184378
0.184777
0.185150
0.185496
0.185815
0.000000
0.000000
0.000000
0.000000
0.000000
0.000000
0.000000
0.000000
0.000000
0.000000
0.000000
0.000000
0.000000
0.000000
0.000000
0.000000
0.000000
0.000000
0.000000
0.000000
0.000000
0.000000
0.185815
0.185496
0.185150
0.184777
0.184378
0.183941
0.183375
0.180947
0.181585
0.182165
0.182664
0.183131
0.183563
0.183963
0.184263
0.184529
0.184769
0.184982
0.185168
0.185327
0.185461
0.185567
0.185647
0.185700
0.185727
0.185727
0.185700
0.185647
0.185567
0.185461
0.185327
0.185168
0.184982
0.184769
0.184529
0.184263
0.183963
0.183563
0.183131
0.182664
0.182165
0.181585
0.180947
0.178133
0.178836
0.179498
0.180107
0.180633
0.181122
0.181572
0.181986
0.182320
0.182620
0.182886
0.183119
0.183319
0.183486
0.183619
0.183719
0.183785
0.183819
0.183819
0.183785
0.183719
0.183619
0.183486
0.183319
0.183119
0.182886
0.182620
0.182320
0.181986
0.181572
0.181122
0.180633
0.180107
0.179498
0.178836
0.178133
0.174790
0.175641
0.176401
0.177083
0.177720
0.178283
0.178780
0.179235
0.179649
0.180019
0.180320
0.180583
0.180808
0.180996
0.181146
0.181259
0.181334
0.181372
0.181372
0.181334
0.181259
0.181146
0.180996
0.180808
0.180583
0.180320
0.180019
0.179649
0.179235
0.178780
0.178283
0.177720
0.177083
0.176401
0.175641
0.174790
0.170807
0.171816
0.172708
0.173530
0.174271
0.174922
0.175523
0.176067
0.176522
0.176931
0.177295
0.177614
0.177887
0.178104
0.178269
0.178393
0.178476
0.178518
0.178518
0.178476
0.178393
0.178269
0.178104
0.177887
0.177614
0.177295
0.176931
0.176522
0.176067
0.175523
0.174922
0.174271
0.173530
0.172708
0.171816
0.170807
0.166148
0.167267
0.168307
0.169255
0.170132
0.170904
0.171617
0.172249
0.172798
0.173291
0.173730
0.174104
0.174404
0.174654
0.174855
0.175005
0.175105
0.175155
0.175155
0.175105
0.175005
0.174855
0.174654
0.174404
0.174104
0.173730
0.173291
0.172798
0.172249
0.171617
0.170904
0.170132
0.169255
0.168307
0.167267
0.166148
0.161244
0.162338
0.163394
0.164389
0.165324
0.166190
0.166980
0.167704
0.168348
0.168917
0.169422
0.169865
0.170230
0.170527
0.170764
0.170942
0.171061
0.171121
0.171121
0.171061
0.170942
0.170764
0.170527
0.170230
0.169865
0.169422
0.168917
0.168348
0.167704
0.166980
0.166190
0.165324
0.164389
0.163394
0.162338
0.161244
0.156726
0.157683
0.158624
0.159528
0.160392
0.161220
0.161984
0.162710
0.163370
0.163964
0.164498
0.164966
0.165367
0.165701
0.165968
0.166166
0.166298
0.166364
0.166364
0.166298
0.166166
0.165968
0.165701
0.165367
0.164966
0.164498
0.163964
0.163370
0.162710
0.161984
0.161220
0.160392
0.159528
0.158624
0.157683
0.156726
0.152720
0.153571
0.154392
0.155183
0.155921
0.156648
0.157324
0.157943
0.158542
0.159084
0.159565
0.159987
0.160368
0.160687
0.160942
0.161133
0.161260
0.161324
0.161324
0.161260
0.161133
0.160942
0.160687
0.160368
0.159987
0.159565
0.159084
0.158542
0.157943
0.157324
0.156648
0.155921
0.155183
0.154392
0.153571
0.152720
0.148910
0.149750
0.150534
0.151267
0.151951
0.152601
0.153202
0.153752
0.154267
0.154741
0.155163
0.155532
0.155848
0.156120
0.156345
0.156514
0.156627
0.156683
0.156683
0.156627
0.156514
0.156345
0.156120
0.155848
0.155532
0.155163
0.154741
0.154267
0.153752
0.153202
0.152601
0.151951
0.151267
0.150534
0.149750
0.148910
0.144805
0.145756
0.146603
0.147380
0.148100
0.148742
0.149335
0.149879
0.150369
0.150808
0.151199
0.151541
0.151835
0.152081
0.152281
0.152431
0.152532
0.152582
0.152582
0.152532
0.152431
0.152281
0.152081
0.151835
0.151541
0.151199
0.150808
0.150369
0.149879
0.149335
0.148742
0.148100
0.147380
0.146603
0.145756
0.144805
0.139725
0.140924
0.142022
0.142949
0.143813
0.144558
0.145230
0.145846
0.146375
0.146842
0.147256
0.147619
0.147929
0.148180
0.148377
0.148526
0.148624
0.148674
0.148674
0.148624
0.148526
0.148377
0.148180
0.147929
0.147619
0.147256
0.146842
0.146375
0.145846
0.145230
0.144558
0.143813
0.142949
0.142022
0.140924
0.139725
0.132642
0.134354
0.135858
0.137151
0.138311
0.139310
0.140208
0.140965
0.141653
0.142244
0.142739
0.143171
0.143542
0.143850
0.144088
0.144256
0.144368
0.144424
0.144424
0.144368
0.144256
0.144088
0.143850
0.143542
0.143171
0.142739
0.142244
0.141653
0.140965
0.140208
0.139310
0.138311
0.137151
0.135858
0.134354
0.132642
0.122711
0.125023
0.127086
0.128918
0.130541
0.131982
0.133215
0.134315
0.135256
0.136093
0.136775
0.137373
0.137885
0.138280
0.138588
0.138818
0.138972
0.139049
0.139049
0.138972
0.138818
0.138588
0.138280
0.137885
0.137373
0.136775
0.136093
0.135256
0.134315
0.133215
0.131982
0.130541
0.128918
0.127086
0.125023
0.122711
0.109800
0.112691
0.115304
0.117661
0.119777
0.121667
0.123347
0.124835
0.126153
0.127286
0.128276
0.129107
0.129818
0.130385
0.130828
0.131161
0.131383
0.131494
0.131494
0.131383
0.131161
0.130828
0.130385
0.129818
0.129107
0.128276
0.127286
0.126153
0.124835
0.123347
0.121667
0.119777
0.117661
0.115304
0.112691
0.109800
0.000000
0.000000
0.100468
0.103359
0.105973
0.108316
0.110415
0.112288
0.113947
0.115397
0.116662
0.117751
0.118662
0.119414
0.120014
0.120449
0.120738
0.120883
0.120883
0.120738
0.120449
0.120014
0.119414
0.118662
0.117751
0.116662
0.115397
0.113947
0.112288
0.110415
0.108316
0.105973
0.103359
0.100468
0.000000
0.000000
0.184813
0.185265
0.185689
0.000000
0.000000
0.000000
0.000000
0.000000
0.098596
0.100384
0.101943
0.103277
0.104409
0.105337
0.106078
0.106620
0.106982
0.107163
0.107163
0.106982
0.106620
0.106078
0.105337
0.104409
0.103277
0.101943
0.100384
0.098596
0.000000
0.000000
0.000000
0.000000
0.000000
0.185689
0.185265
0.184813
0.182180
0.182744
0.183276
0.183774
0.184191
0.184536
0.184855
0.185147
0.185412
0.185651
0.185863
0.000000
0.000000
0.000000
0.000000
0.000000
0.000000
0.000000
0.000000
0.000000
0.000000
0.000000
0.000000
0.000000
0.000000
0.185863
0.185651
0.185412
0.185147
0.184855
0.184536
0.184191
0.183774
0.183276
0.182744
0.182180
0.178858
0.179560
0.180200
0.180762
0.181287
0.181774
0.182198
0.182563
0.182896
0.183194
0.183460
0.183693
0.183892
0.184047
0.184153
0.184232
0.184285
0.184312
0.184312
0.184285
0.184232
0.184153
0.184047
0.183892
0.183693
0.183460
0.183194
0.182896
0.182563
0.182198
0.181774
0.181287
0.180762
0.180200
0.179560
0.178858
0.174872
0.175721
0.176472
0.177153
0.177788
0.178344
0.178839
0.179293
0.179706
0.180070
0.180370
0.180632
0.180857
0.181045
0.181195
0.181307
0.181382
0.181420
0.181420
0.181382
0.181307
0.181195
0.181045
0.180857
0.180632
0.180370
0.180070
0.179706
0.179293
0.178839
0.178344
0.177788
0.177153
0.176472
0.175721
0.174872
0.169958
0.170968
0.171916
0.172742
0.173508
0.174200
0.174799
0.175348
0.175847
0.176270
0.176633
0.176950
0.177223
0.177450
0.177631
0.177767
0.177858
0.177903
0.177903
0.177858
0.177767
0.177631
0.177450
0.177223
0.176950
0.176633
0.176270
0.175847
0.175348
0.174799
0.174200
0.173508
0.172742
0.171916
0.170968
0.169958
0.164138
0.165270
0.166331
0.167316
0.168225
0.169045
0.169802
0.170466
0.171058
0.171591
0.172060
0.172443
0.172771
0.173045
0.173263
0.173427
0.173537
0.173592
0.173592
0.173537
0.173427
0.173263
0.173045
0.172771
0.172443
0.172060
0.171591
0.171058
0.170466
0.169802
0.169045
0.168225
0.167316
0.166331
0.165270
0.164138
0.158405
0.159426
0.160409
0.161361
0.162260
0.163116
0.163906
0.164638
0.165304
0.165904
0.166430
0.166890
0.167284
0.167612
0.167875
0.168069
0.168195
0.168258
0.168258
0.168195
0.168069
0.167875
0.167612
0.167284
0.166890
0.166430
0.165904
0.165304
0.164638
0.163906
0.163116
0.162260
0.161361
0.160409
0.159426
0.158405
0.153445
0.154309
0.155151
0.155939
0.156721
0.157452
0.158135
0.158795
0.159396
0.159936
0.160441
0.160886
0.161267
0.161584
0.161838
0.162030
0.162162
0.162228
0.162228
0.162162
0.162030
0.161838
0.161584
0.161267
0.160886
0.160441
0.159936
0.159396
0.158795
0.158135
0.157452
0.156721
0.155939
0.155151
0.154309
0.153445
0.148890
0.149728
0.150510
0.151241
0.151923
0.152571
0.153170
0.153719
0.154230
0.154703
0.155124
0.155492
0.155808
0.156075
0.156300
0.156469
0.156581
0.156637
0.156637
0.156581
0.156469
0.156300
0.156075
0.155808
0.155492
0.155124
0.154703
0.154230
0.153719
0.153170
0.152571
0.151923
0.151241
0.150510
0.149728
0.148890
0.143945
0.144899
0.145792
0.146582
0.147305
0.147977
0.148569
0.149111
0.149604
0.150047
0.150436
0.150778
0.151070
0.151314
0.151509
0.151655
0.151752
0.151801
0.151801
0.151752
0.151655
0.151509
0.151314
0.151070
0.150778
0.150436
0.150047
0.149604
0.149111
0.148569
0.147977
0.147305
0.146582
0.145792
0.144899
0.143945
0.137345
0.138713
0.139938
0.140974
0.141935
0.142742
0.143481
0.144144
0.144702
0.145204
0.145651
0.146039
0.146349
0.146607
0.146814
0.146969
0.147072
0.147124
0.147124
0.147072
0.146969
0.146814
0.146607
0.146349
0.146039
0.145651
0.145204
0.144702
0.144144
0.143481
0.142742
0.141935
0.140974
0.139938
0.138713
0.137345
0.127516
0.129555
0.131353
0.132936
0.134337
0.135556
0.136618
0.137555
0.138365
0.139054
0.139667
0.140182
0.140594
0.140937
0.141212
0.141418
0.141555
0.141624
0.141624
0.141555
0.141418
0.141212
0.140937
0.140594
0.140182
0.139667
0.139054
0.138365
0.137555
0.136618
0.135556
0.134337
0.132936
0.131353
0.129555
0.127516
0.113614
0.116340
0.118795
0.121004
0.122983
0.124748
0.126317
0.127698
0.128899
0.129963
0.130850
0.131624
0.132266
0.132778
0.133187
0.133494
0.133699
0.133801
0.133801
0.133699
0.133494
0.133187
0.132778
0.132266
0.131624
0.130850
0.129963
0.128899
0.127698
0.126317
0.124748
0.122983
0.121004
0.118795
0.116340
0.113614
0.000000
0.099015
0.102144
0.104966
0.107517
0.109810
0.111862
0.113686
0.115300
0.116719
0.117961
0.119012
0.119911
0.120636
0.121213
0.121646
0.121935
0.122076
0.122076
0.121935
0.121646
0.121213
0.120636
0.119911
0.119012
0.117961
0.116719
0.115300
0.113686
0.111862
0.109810
0.107517
0.104966
0.102144
0.099015
0.000000
0.184677
0.185127
0.185550
0.185947
0.000000
0.000000
0.000000
0.000000
0.000000
0.099299
0.100871
0.102226
0.103365
0.104306
0.105047
0.105602
0.105972
0.106153
0.106153
0.105972
0.105602
0.105047
0.104306
0.103365
0.102226
0.100871
0.099299
0.000000
0.000000
0.000000
0.000000
0.000000
0.185947
0.185550
0.185127
0.184677
0.181492
0.182112
0.182642
0.183139
0.183603
0.184026
0.184344
0.184635
0.184900
0.185138
0.185350
0.185535
0.185694
0.185826
0.185932
0.000000
0.000000
0.000000
0.000000
0.000000
0.000000
0.185932
0.185826
0.185694
0.185535
0.185350
0.185138
0.184900
0.184635
0.184344
0.184026
0.183603
0.183139
0.182642
0.182112
0.181492
