0.112476
0.116442
0.119956
0.123037
0.125752
0.128113
0.130152
0.131907
0.133391
0.134660
0.135744
0.136627
0.137365
0.137979
0.138423
0.138755
0.138977
0.139087
0.139087
0.138977
0.138755
0.138423
0.137979
0.137365
0.136627
0.135744
0.134660
0.133391
0.131907
0.130152
0.128113
0.125752
0.123037
0.119956
0.116442
0.112476
0.113178
0.117101
0.120572
0.123628
0.126301
0.128619
0.130625
0.132353
0.133830
0.135063
0.136133
0.136994
0.137731
0.138311
0.138754
0.139086
0.139307
0.139418
0.139418
0.139307
0.139086
0.138754
0.138311
0.137731
0.136994
0.136133
0.135063
0.133830
0.132353
0.130625
0.128619
0.126301
0.123628
0.120572
0.117101
0.113178
0.113643
0.117540
0.120980
0.124020
0.126658
0.128956
0.130941
0.132645
0.134113
0.135333
0.136378
0.137238
0.137976
0.138532
0.138975
0.139307
0.139528
0.139639
0.139639
0.139528
0.139307
0.138975
0.138532
0.137976
0.137238
0.136378
0.135333
0.134113
0.132645
0.130941
0.128956
0.126658
0.124020
0.120980
0.117540
0.113643
0.113873
0.117756
0.121183
0.124206
0.126836
0.129124
0.131099
0.132792
0.134248
0.135468
0.136501
0.137362
0.138090
0.138643
0.139086
0.139418
0.139640
0.139750
0.139750
0.139640
0.139418
0.139086
0.138643
0.138090
0.137362
0.136501
0.135468
0.134248
0.132792
0.131099
0.129124
0.126836
0.124206
0.121183
0.117756
0.113873
0.113866
0.117751
0.121179
0.124204
0.126834
0.129124
0.131098
0.132792
0.134249
0.135469
0.136502
0.137363
0.138091
0.138645
0.139088
0.139420
0.139642
0.139752
0.139752
0.139642
0.139420
0.139088
0.138645
0.138091
0.137363
0.136502
0.135469
0.134249
0.132792
0.131098
0.129124
0.126834
0.124204
0.121179
0.117751
0.113866
0.113623
0.117524
0.120968
0.124012
0.126653
0.128953
0.130940
0.132646
0.134115
0.135335
0.136381
0.137243
0.137981
0.138537
0.138980
0.139312
0.139534
0.139645
0.139645
0.139534
0.139312
0.138980
0.138537
0.137981
0.137243
0.136381
0.135335
0.134115
0.132646
0.130940
0.128953
0.126653
0.124012
0.120968
0.117524
0.113623
0.113142
0.117074
0.120551
0.123613
0.126291
0.128614
0.130623
0.132353
0.133833
0.135068
0.136139
0.137001
0.137739
0.138319
0.138763
0.139095
0.139317
0.139427
0.139427
0.139317
0.139095
0.138763
0.138319
0.137739
0.137001
0.136139
0.135068
0.133833
0.132353
0.130623
0.128614
0.126291
0.123613
0.120551
0.117074
0.113142
0.112424
0.116402
0.119925
0.123015
0.125737
0.128104
0.130147
0.131907
0.133394
0.134666
0.135751
0.136636
0.137375
0.137991
0.138435
0.138768
0.138989
0.139100
0.139100
0.138989
0.138768
0.138435
0.137991
0.137375
0.136636
0.135751
0.134666
0.133394
0.131907
0.130147
0.128104
0.125737
0.123015
0.119925
0.116402
0.112424
0.111453
0.115491
0.119062
0.122219
0.124977
0.127390
0.129479
0.131273
0.132808
0.134129
0.135215
0.136150
0.136889
0.137505
0.137997
0.138330
0.138552
0.138663
0.138663
0.138552
0.138330
0.137997
0.137505
0.136889
0.136150
0.135215
0.134129
0.132808
0.131273
0.129479
0.127390
0.124977
0.122219
0.119062
0.115491
0.111453
0.110224
0.114336
0.117983
0.121191
0.124027
0.126489
0.128631
0.130481
0.132075
0.133408
0.134544
0.135494
0.136280
0.136896
0.137389
0.137759
0.138005
0.138116
0.138116
0.138005
0.137759
0.137389
0.136896
0.136280
0.135494
0.134544
0.133408
0.132075
0.130481
0.128631
0.126489
0.124027
0.121191
0.117983
0.114336
0.110224
0.108714
0.112917
0.116643
0.119944
0.122835
0.125376
0.127589
0.129496
0.131130
0.132528
0.133714
0.134688
0.135503
0.136165
0.136658
0.137028
0.137275
0.137398
0.137398
0.137275
0.137028
0.136658
0.136165
0.135503
0.134688
0.133714
0.132528
0.131130
0.129496
0.127589
0.125376
0.122835
0.119944
0.116643
0.112917
0.108714
0.106916
0.111227
0.115049
0.118435
0.121419
0.124047
0.126327
0.128308
0.130020
0.131461
0.132687
0.133725
0.134563
0.135242
0.135786
0.136175
0.136422
0.136545
0.136545
0.136422
0.136175
0.135786
0.135242
0.134563
0.133725
0.132687
0.131461
0.130020
0.128308
0.126327
0.124047
0.121419
0.118435
0.115049
0.111227
0.106916
0.104808
0.109242
0.113178
0.116665
0.119750
0.122458
0.124826
0.126885
0.128663
0.130192
0.131474
0.132551
0.133441
0.134167
0.134710
0.135118
0.135390
0.135526
0.135526
0.135390
0.135118
0.134710
0.134167
0.133441
0.132551
0.131474
0.130192
0.128663
0.126885
0.124826
0.122458
0.119750
0.116665
0.113178
0.109242
0.104808
0.102368
0.106941
0.111006
0.114612
0.117804
0.120610
0.123074
0.125224
0.127082
0.128678
0.130046
0.131168
0.132119
0.132861
0.133454
0.133899
0.134180
0.134316
0.134316
0.134180
0.133899
0.133454
0.132861
0.132119
0.131168
0.130046
0.128678
0.127082
0.125224
0.123074
0.120610
0.117804
0.114612
0.111006
0.106941
0.102368
0.099567
0.104301
0.108510
0.112250
0.115558
0.118479
0.121046
0.123292
0.125240
0.126917
0.128351
0.129551
0.130542
0.131344
0.131985
0.132431
0.132728
0.132876
0.132876
0.132728
0.132431
0.131985
0.131344
0.130542
0.129551
0.128351
0.126917
0.125240
0.123292
0.121046
0.118479
0.115558
0.112250
0.108510
0.104301
0.099567
0.000000
0.101285
0.105661
0.109546
0.112989
0.116041
0.118716
0.121065
0.123110
0.124876
0.126389
0.127663
0.128712
0.129569
0.130239
0.130720
0.131040
0.131201
0.131201
0.131040
0.130720
0.130239
0.129569
0.128712
0.127663
0.126389
0.124876
0.123110
0.121065
0.118716
0.116041
0.112989
0.109546
0.105661
0.101285
0.000000
0.000000
0.000000
0.102424
0.106475
0.110075
0.113250
0.116062
0.118519
0.120667
0.122529
0.124129
0.125472
0.126591
0.127501
0.128216
0.128731
0.129074
0.129246
0.129246
0.129074
0.128731
0.128216
0.127501
0.126591
0.125472
0.124129
0.122529
0.120667
0.118519
0.116062
0.113250
0.110075
0.106475
0.102424
0.000000
0.000000
0.000000
0.000000
0.098766
0.102998
0.106760
0.110098
0.113034
0.115623
0.117887
0.119847
0.121528
0.122953
0.124151
0.125111
0.125878
0.126431
0.126795
0.126977
0.126977
0.126795
0.126431
0.125878
0.125111
0.124151
0.122953
0.121528
0.119847
0.117887
0.115623
0.113034
0.110098
0.106760
0.102998
0.098766
0.000000
0.000000
0.185902
0.000000
0.000000
0.099081
0.103025
0.106525
0.109619
0.112341
0.114719
0.116787
0.118568
0.120087
0.121344
0.122375
0.123179
0.123782
0.124176
0.124367
0.124367
0.124176
0.123782
0.123179
0.122375
0.121344
0.120087
0.118568
0.116787
0.114719
0.112341
0.109619
0.106525
0.103025
0.099081
0.000000
0.000000
0.185902
0.185330
0.185982
0.000000
0.000000
0.098823
0.102504
0.105764
0.108630
0.111143
0.113330
0.115213
0.116815
0.118161
0.119249
0.120115
0.120743
0.121162
0.121372
0.121372
0.121162
0.120743
0.120115
0.119249
0.118161
0.116815
0.115213
0.113330
0.111143
0.108630
0.105764
0.102504
0.098823
0.000000
0.000000
0.185982
0.185330
0.184719
0.185372
0.185986
0.000000
0.000000
0.000000
0.101421
0.104453
0.107110
0.109426
0.111422
0.113121
0.114545
0.115709
0.116620
0.117296
0.117747
0.117972
0.117972
0.117747
0.117296
0.116620
0.115709
0.114545
0.113121
0.111422
0.109426
0.107110
0.104453
0.101421
0.000000
0.000000
0.000000
0.185986
0.185372
0.184719
0.184070
0.184723
0.185337
0.185914
0.000000
0.000000
0.000000
0.099758
0.102571
0.105025
0.107145
0.108951
0.110466
0.111704
0.112674
0.113395
0.113876
0.114112
0.114112
0.113876
0.113395
0.112674
0.111704
0.110466
0.108951
0.107145
0.105025
0.102571
0.099758
0.000000
0.000000
0.000000
0.185914
0.185337
0.184723
0.184070
0.183228
0.184036
0.184650
0.185227
0.185764
0.000000
0.000000
0.000000
0.000000
0.100083
0.102334
0.104257
0.105869
0.107182
0.108224
0.108988
0.109498
0.109753
0.109753
0.109498
0.108988
0.108224
0.107182
0.105869
0.104257
0.102334
0.100083
0.000000
0.000000
0.000000
0.000000
0.185764
0.185227
0.184650
0.184036
0.183228
0.182320
0.183137
0.183906
0.184501
0.185039
0.185539
0.186000
0.000000
0.000000
0.000000
0.000000
0.098971
0.100689
0.102099
0.103201
0.104028
0.104566
0.104834
0.104834
0.104566
0.104028
0.103201
0.102099
0.100689
0.098971
0.000000
0.000000
0.000000
0.000000
0.186000
0.185539
0.185039
0.184501
0.183906
0.183137
0.182320
0.181282
0.182181
0.182950
0.183671
0.184275
0.184775
0.185236
0.185659
0.000000
0.000000
0.000000
0.000000
0.000000
0.000000
0.000000
0.098437
0.099015
0.099304
0.099304
0.099015
0.098437
0.000000
0.000000
0.000000
0.000000
0.000000
0.000000
0.000000
0.185659
0.185236
0.184775
0.184275
0.183671
0.182950
0.182181
0.181282
0.180149
0.181071
0.181939
0.182668
0.183341
0.183966
0.184434
0.184857
0.185242
0.185588
0.185896
0.000000
0.000000
0.000000
0.000000
0.000000
0.000000
0.000000
0.000000
0.000000
0.000000
0.000000
0.000000
0.000000
0.000000
0.185896
0.185588
0.185242
0.184857
0.184434
0.183966
0.183341
0.182668
0.181939
0.181071
0.180149
0.178856
0.179872
0.180752
0.181566
0.182289
0.182915
0.183492
0.184017
0.184402
0.184748
0.185055
0.185325
0.185556
0.185748
0.185902
0.000000
0.000000
0.000000
0.000000
0.000000
0.000000
0.185902
0.185748
0.185556
0.185325
0.185055
0.184748
0.184402
0.184017
0.183492
0.182915
0.182289
0.181566
0.180752
0.179872
0.178856
0.177438
0.178505
0.179461
0.180325
0.181085
0.181791
0.182392
0.182922
0.183403
0.183836
0.184177
0.184446
0.184677
0.184869
0.185023
0.185139
0.185216
0.185254
0.185254
0.185216
0.185139
0.185023
0.184869
0.184677
0.184446
0.184177
0.183836
0.183403
0.182922
0.182392
0.181791
0.181085
0.180325
0.179461
0.178505
0.177438
0.175856
0.176986
0.178034
0.178931
0.179768
0.180496
0.181147
0.181745
0.182255
0.182688
0.183074
0.183411
0.183700
0.183940
0.184106
0.184222
0.184299
0.184337
0.184337
0.184299
0.184222
0.184106
0.183940
0.183700
0.183411
0.183074
0.182688
0.182255
0.181745
0.181147
0.180496
0.179768
0.178931
0.178034
0.176986
0.175856
0.174057
0.175286
0.176403
0.177389
0.178282
0.179059
0.179777
0.180395
0.180938
0.181427
0.181862
0.182215
0.182504
0.182745
0.182937
0.183082
0.183178
0.183226
0.183226
0.183178
0.183082
0.182937
0.182745
0.182504
0.182215
0.181862
0.181427
0.180938
0.180395
0.179777
0.179059
0.178282
0.177389
0.176403
0.175286
0.174057
0.172012
0.173359
0.174573
0.175658
0.176610
0.177465
0.178231
0.178889
0.179488
0.180024
0.180458
0.180839
0.181165
0.181436
0.181654
0.181817
0.181926
0.181980
0.181980
0.181926
0.181817
0.181654
0.181436
0.181165
0.180839
0.180458
0.180024
0.179488
0.178889
0.178231
0.177465
0.176610
0.175658
0.174573
0.173359
0.172012
0.169688
0.171166
0.172498
0.173687
0.174728
0.175668
0.176488
0.177212
0.177870
0.178420
0.178899
0.179318
0.179677
0.179976
0.180196
0.180359
0.180468
0.180522
0.180522
0.180468
0.180359
0.180196
0.179976
0.179677
0.179318
0.178899
0.178420
0.177870
0.177212
0.176488
0.175668
0.174728
0.173687
0.172498
0.171166
0.169688
0.167106
0.168695
0.170148
0.171436
0.172589
0.173620
0.174522
0.175318
0.176038
0.176630
0.177157
0.177618
0.178011
0.178311
0.178550
0.178730
0.178849
0.178909
0.178909
0.178849
0.178730
0.178550
0.178311
0.178011
0.177618
0.177157
0.176630
0.176038
0.175318
0.174522
0.173620
0.172589
0.171436
0.170148
0.168695
0.167106
0.164335
0.165977
0.167500
0.168891
0.170160
0.171277
0.172284
0.173156
0.173950
0.174606
0.175185
0.175692
0.176115
0.176444
0.176707
0.176905
0.177037
0.177102
0.177102
0.177037
0.176905
0.176707
0.176444
0.176115
0.175692
0.175185
0.174606
0.173950
0.173156
0.172284
0.171277
0.170160
0.168891
0.167500
0.165977
0.164335
0.161499
0.163103
0.164638
0.166086
0.167418
0.168630
0.169728
0.170689
0.171548
0.172297
0.172932
0.173487
0.173963
0.174328
0.174618
0.174836
0.174980
0.175053
0.175053
0.174980
0.174836
0.174618
0.174328
0.173963
0.173487
0.172932
0.172297
0.171548
0.170689
0.169728
0.168630
0.167418
0.166086
0.164638
0.163103
0.161499
0.158730
0.160222
0.161695
0.163117
0.164459
0.165715
0.166862
0.167909
0.168828
0.169651
0.170360
0.170961
0.171477
0.171907
0.172231
0.172470
0.172628
0.172708
0.172708
0.172628
0.172470
0.172231
0.171907
0.171477
0.170961
0.170360
0.169651
0.168828
0.167909
0.166862
0.165715
0.164459
0.163117
0.161695
0.160222
0.158730
0.156087
0.157472
0.158829
0.160143
0.161433
0.162654
0.163800
0.164861
0.165827
0.166687
0.167449
0.168111
0.168660
0.169118
0.169484
0.169758
0.169942
0.170031
0.170031
0.169942
0.169758
0.169484
0.169118
0.168660
0.168111
0.167449
0.166687
0.165827
0.164861
0.163800
0.162654
0.161433
0.160143
0.158829
0.157472
0.156087
0.153597
0.154872
0.156098
0.157321
0.158493
0.159626
0.160710
0.161724
0.162669
0.163529
0.164297
0.164974
0.165554
0.166037
0.166418
0.166704
0.166894
0.166989
0.166989
0.166894
0.166704
0.166418
0.166037
0.165554
0.164974
0.164297
0.163529
0.162669
0.161724
0.160710
0.159626
0.158493
0.157321
0.156098
0.154872
0.153597
0.151165
0.152376
0.153535
0.154654
0.155722
0.156762
0.157740
0.158681
0.159553
0.160356
0.161094
0.161739
0.162303
0.162781
0.163163
0.163450
0.163641
0.163737
0.163737
0.163641
0.163450
0.163163
0.162781
0.162303
0.161739
0.161094
0.160356
0.159553
0.158681
0.157740
0.156762
0.155722
0.154654
0.153535
0.152376
0.151165
0.148687
0.149902
0.151034
0.152096
0.153111
0.154055
0.154971
0.155810
0.156612
0.157346
0.157998
0.158609
0.159132
0.159568
0.159916
0.160188
0.160372
0.160465
0.160465
0.160372
0.160188
0.159916
0.159568
0.159132
0.158609
0.157998
0.157346
0.156612
0.155810
0.154971
0.154055
0.153111
0.152096
0.151034
0.149902
0.148687
0.146033
0.147307
0.148482
0.149554
0.150549
0.151468
0.152325
0.153122
0.153847
0.154525
0.155136
0.155670
0.156137
0.156545
0.156871
0.157116
0.157279
0.157360
0.157360
0.157279
0.157116
0.156871
0.156545
0.156137
0.155670
0.155136
0.154525
0.153847
0.153122
0.152325
0.151468
0.150549
0.149554
0.148482
0.147307
0.146033
0.142952
0.144427
0.145723
0.146868
0.147917
0.148850
0.149708
0.150489
0.151197
0.151833
0.152409
0.152916
0.153351
0.153714
0.154004
0.154233
0.154386
0.154462
0.154462
0.154386
0.154233
0.154004
0.153714
0.153351
0.152916
0.152409
0.151833
0.151197
0.150489
0.149708
0.148850
0.147917
0.146868
0.145723
0.144427
0.142952
0.139209
0.140984
0.142518
0.143858
0.145005
0.146054
0.146954
0.147778
0.148504
0.149147
0.149720
0.150218
0.150642
0.150996
0.151279
0.151491
0.151633
0.151704
0.151704
0.151633
0.151491
0.151279
0.150996
0.150642
0.150218
0.149720
0.149147
0.148504
0.147778
0.146954
0.146054
0.145005
0.143858
0.142518
0.140984
0.139209
0.134396
0.136643
0.138556
0.140200
0.141595
0.142798
0.143871
0.144774
0.145585
0.146291
0.146891
0.147416
0.147866
0.148229
0.148516
0.148730
0.148873
0.148945
0.148945
0.148873
0.148730
0.148516
0.148229
0.147866
0.147416
0.146891
0.146291
0.145585
0.144774
0.143871
0.142798
0.141595
0.140200
0.138556
0.136643
0.134396
0.128108
0.130958
0.133411
0.135502
0.137277
0.138794
0.140115
0.141211
0.142186
0.142991
0.143706
0.144301
0.144787
0.145193
0.145517
0.145760
0.145922
0.146003
0.146003
0.145922
0.145760
0.145517
0.145193
0.144787
0.144301
0.143706
0.142991
0.142186
0.141211
0.140115
0.138794
0.137277
0.135502
0.133411
0.130958
0.128108
0.120139
0.123630
0.126680
0.129331
0.131621
0.133580
0.135249
0.136677
0.137913
0.138922
0.139812
0.140529
0.141127
0.141625
0.142022
0.142290
0.142469
0.142558
0.142558
0.142469
0.142290
0.142022
0.141625
0.141127
0.140529
0.139812
0.138922
0.137913
0.136677
0.135249
0.133580
0.131621
0.129331
0.126680
0.123630
0.120139
0.110463
0.114572
0.118214
0.121422
0.124247
0.126705
0.128840
0.130681
0.132265
0.133602
0.134725
0.135678
0.136449
0.137067
0.137561
0.137932
0.138161
0.138273
0.138273
0.138161
0.137932
0.137561
0.137067
0.136449
0.135678
0.134725
0.133602
0.132265
0.130681
0.128840
0.126705
0.124247
0.121422
0.118214
0.114572
0.110463
0.098928
0.103706
0.107959
0.111730
0.115067
0.118025
0.120612
0.122880
0.124850
0.126549
0.128007
0.129209
0.130224
0.131027
0.131669
0.132139
0.132437
0.132585
0.132585
0.132437
0.132139
0.131669
0.131027
0.130224
0.129209
0.128007
0.126549
0.124850
0.122880
0.120612
0.118025
0.115067
0.111730
0.107959
0.103706
0.098928
0.000000
0.000000
0.000000
0.100114
0.104015
0.107469
0.110525
0.113211
0.115564
0.117607
0.119361
0.120852
0.122105
0.123111
0.123915
0.124495
0.124879
0.125071
0.125071
0.124879
0.124495
0.123915
0.123111
0.122105
0.120852
0.119361
0.117607
0.115564
0.113211
0.110525
0.107469
0.104015
0.100114
0.000000
0.000000
0.000000
0.184314
0.184967
0.185582
0.000000
0.000000
0.000000
0.098421
0.101562
0.104320
0.106720
0.108793
0.110560
0.112044
0.113246
0.114201
0.114900
0.115366
0.115599
0.115599
0.115366
0.114900
0.114201
0.113246
0.112044
0.110560
0.108793
0.106720
0.104320
0.101562
0.098421
0.000000
0.000000
0.000000
0.185582
0.184967
0.184314
0.182188
0.183005
0.183774
0.184395
0.184933
0.185433
0.185894
0.000000
0.000000
0.000000
0.000000
0.098172
0.099905
0.101319
0.102438
0.103265
0.103816
0.104090
0.104090
0.103816
0.103265
0.102438
0.101319
0.099905
0.098172
0.000000
0.000000
0.000000
0.000000
0.185894
0.185433
0.184933
0.184395
0.183774
0.183005
0.182188
0.179635
0.180591
0.181458
0.182241
0.182914
0.183539
0.184093
0.184515
0.184900
0.185246
0.185553
0.185822
0.000000
0.000000
0.000000
0.000000
0.000000
0.000000
0.000000
0.000000
0.000000
0.000000
0.000000
0.000000
0.185822
0.185553
0.185246
0.184900
0.184515
0.184093
0.183539
0.182914
0.182241
0.181458
0.180591
0.179635
0.176653
0.177769
0.178745
0.179641
0.180434
0.181139
0.181790
0.182343
0.182824
0.183256
0.183641
0.183978
0.184213
0.184405
0.184559
0.184674
0.184751
0.184790
0.184790
0.184751
0.184674
0.184559
0.184405
0.184213
0.183978
0.183641
0.183256
0.182824
0.182343
0.181790
0.181139
0.180434
0.179641
0.178745
0.177769
0.176653
0.173107
0.174413
0.175569
0.176593
0.177513
0.178334
0.179050
0.179708
0.180277
0.180766
0.181200
0.181580
0.181905
0.182156
0.182349
0.182493
0.182589
0.182637
0.182637
0.182589
0.182493
0.182349
0.182156
0.181905
0.181580
0.181200
0.180766
0.180277
0.179708
0.179050
0.178334
0.177513
0.176593
0.175569
0.174413
0.173107
0.168852
0.170378
0.171750
0.172956
0.174059
0.174998
0.175865
0.176600
0.177257
0.177849
0.178340
0.178759
0.179117
0.179416
0.179655
0.179835
0.179954
0.180013
0.180013
0.179954
0.179835
0.179655
0.179416
0.179117
0.178759
0.178340
0.177849
0.177257
0.176600
0.175865
0.174998
0.174059
0.172956
0.171750
0.170378
0.168852
0.164021
0.165660
0.167185
0.168586
0.169863
0.170986
0.172014
0.172885
0.173677
0.174355
0.174934
0.175440
0.175874
0.176214
0.176476
0.176674
0.176805
0.176871
0.176871
0.176805
0.176674
0.176476
0.176214
0.175874
0.175440
0.174934
0.174355
0.173677
0.172885
0.172014
0.170986
0.169863
0.168586
0.167185
0.165660
0.164021
0.159222
0.160739
0.162217
0.163647
0.164993
0.166243
0.167383
0.168412
0.169325
0.170137
0.170824
0.171424
0.171939
0.172339
0.172656
0.172894
0.173052
0.173131
0.173131
0.173052
0.172894
0.172656
0.172339
0.171939
0.171424
0.170824
0.170137
0.169325
0.168412
0.167383
0.166243
0.164993
0.163647
0.162217
0.160739
0.159222
0.154915
0.156222
0.157523
0.158794
0.160011
0.161206
0.162321
0.163369
0.164327
0.165195
0.165966
0.166632
0.167203
0.167678
0.168056
0.168330
0.168512
0.168604
0.168604
0.168512
0.168330
0.168056
0.167678
0.167203
0.166632
0.165966
0.165195
0.164327
0.163369
0.162321
0.161206
0.160011
0.158794
0.157523
0.156222
0.154915
0.150997
0.152200
0.153356
0.154463
0.155529
0.156553
0.157529
0.158453
0.159322
0.160111
0.160847
0.161490
0.162044
0.162520
0.162902
0.163188
0.163379
0.163474
0.163474
0.163379
0.163188
0.162902
0.162520
0.162044
0.161490
0.160847
0.160111
0.159322
0.158453
0.157529
0.156553
0.155529
0.154463
0.153356
0.152200
0.150997
0.147048
0.148303
0.149444
0.150507
0.151495
0.152422
0.153289
0.154089
0.154850
0.155535
0.156154
0.156723
0.157211
0.157618
0.157943
0.158200
0.158374
0.158461
0.158461
0.158374
0.158200
0.157943
0.157618
0.157211
0.156723
0.156154
0.155535
0.154850
0.154089
0.153289
0.152422
0.151495
0.150507
0.149444
0.148303
0.147048
0.142470
0.143985
0.145279
0.146454
0.147500
0.148450
0.149306
0.150089
0.150794
0.151429
0.151994
0.152500
0.152933
0.153295
0.153584
0.153801
0.153946
0.154019
0.154019
0.153946
0.153801
0.153584
0.153295
0.152933
0.152500
0.151994
0.151429
0.150794
0.150089
0.149306
0.148450
0.147500
0.146454
0.145279
0.143985
0.142470
0.136340
0.138389
0.140145
0.141635
0.142920
0.144071
0.145041
0.145929
0.146682
0.147355
0.147953
0.148455
0.148883
0.149239
0.149525
0.149739
0.149881
0.149953
0.149953
0.149881
0.149739
0.149525
0.149239
0.148883
0.148455
0.147953
0.147355
0.146682
0.145929
0.145041
0.144071
0.142920
0.141635
0.140145
0.138389
0.136340
0.127499
0.130408
0.132895
0.135023
0.136837
0.138394
0.139724
0.140845
0.141839
0.142658
0.143371
0.143995
0.144480
0.144884
0.145208
0.145450
0.145612
0.145693
0.145693
0.145612
0.145450
0.145208
0.144884
0.144480
0.143995
0.143371
0.142658
0.141839
0.140845
0.139724
0.138394
0.136837
0.135023
0.132895
0.130408
0.127499
0.115406
0.119199
0.122546
0.125480
0.128047
0.130254
0.132161
0.133790
0.135164
0.136350
0.137336
0.138178
0.138843
0.139398
0.139841
0.140156
0.140355
0.140454
0.140454
0.140355
0.140156
0.139841
0.139398
0.138843
0.138178
0.137336
0.136350
0.135164
0.133790
0.132161
0.130254
0.128047
0.125480
0.122546
0.119199
0.115406
0.099989
0.104686
0.108869
0.112582
0.115875
0.118771
0.121322
0.123554
0.125487
0.127148
0.128567
0.129766
0.130741
0.131541
0.132168
0.132612
0.132909
0.133057
0.133057
0.132909
0.132612
0.132168
0.131541
0.130741
0.129766
0.128567
0.127148
0.125487
0.123554
0.121322
0.118771
0.115875
0.112582
0.108869
0.104686
0.099989
0.185530
0.000000
0.000000
0.000000
0.100274
0.103884
0.107072
0.109890
0.112350
0.114489
0.116335
0.117908
0.119212
0.120286
0.121122
0.121748
0.122159
0.122360
0.122360
0.122159
0.121748
0.121122
0.120286
0.119212
0.117908
0.116335
0.114489
0.112350
0.109890
0.107072
0.103884
0.100274
0.000000
0.000000
0.000000
0.185530
0.182946
0.183760
0.184420
0.184995
0.185531
0.000000
0.000000
0.000000
0.000000
0.098271
0.100562
0.102518
0.104162
0.105502
0.106559
0.107341
0.107863
0.108121
0.108121
0.107863
0.107341
0.106559
0.105502
0.104162
0.102518
0.100562
0.098271
0.000000
0.000000
0.000000
0.000000
0.185531
0.184995
0.184420
0.183760
0.182946
0.179628
0.180581
0.181445
0.182227
0.182897
0.183520
0.184076
0.184497
0.184880
0.185225
0.185531
0.185799
0.000000
0.000000
0.000000
0.000000
0.000000
0.000000
0.000000
0.000000
0.000000
0.000000
0.000000
0.000000
0.185799
0.185531
0.185225
0.184880
0.184497
0.184076
0.183520
0.182897
0.182227
0.181445
0.180581
0.179628
0.175562
0.176714
0.177761
0.178675
0.179508
0.180256
0.180904
0.181499
0.182035
0.182466
0.182850
0.183185
0.183473
0.183712
0.183904
0.184038
0.184115
0.184153
0.184153
0.184115
0.184038
0.183904
0.183712
0.183473
0.183185
0.182850
0.182466
0.182035
0.181499
0.180904
0.180256
0.179508
0.178675
0.177761
0.176714
0.175562
0.170466
0.171918
0.173186
0.174336
0.175344
0.176254
0.177040
0.177760
0.178377
0.178912
0.179389
0.179805
0.180148
0.180418
0.180634
0.180796
0.180905
0.180959
0.180959
0.180905
0.180796
0.180634
0.180418
0.180148
0.179805
0.179389
0.178912
0.178377
0.177760
0.177040
0.176254
0.175344
0.174336
0.173186
0.171918
0.170466
0.164326
0.165958
0.167473
0.168857
0.170122
0.171232
0.172237
0.173105
0.173894
0.174551
0.175127
0.175631
0.176057
0.176385
0.176646
0.176843
0.176974
0.177039
0.177039
0.176974
0.176843
0.176646
0.176385
0.176057
0.175631
0.175127
0.174551
0.173894
0.173105
0.172237
0.171232
0.170122
0.168857
0.167473
0.165958
0.164326
0.158205
0.159676
0.161122
0.162514
0.163843
0.165090
0.166239
0.167280
0.168218
0.169036
0.169764
0.170376
0.170888
0.171316
0.171657
0.171914
0.172078
0.172157
0.172157
0.172078
0.171914
0.171657
0.171316
0.170888
0.170376
0.169764
0.169036
0.168218
0.167280
0.166239
0.165090
0.163843
0.162514
0.161122
0.159676
0.158205
0.152950
0.154182
0.155395
0.156568
0.157701
0.158806
0.159845
0.160843
0.161759
0.162605
0.163364
0.164030
0.164606
0.165086
0.165471
0.165759
0.165951
0.166047
0.166047
0.165951
0.165759
0.165471
0.165086
0.164606
0.164030
0.163364
0.162605
0.161759
0.160843
0.159845
0.158806
0.157701
0.156568
0.155395
0.154182
0.152950
0.148056
0.149263
0.150394
0.151447
0.152441
0.153377
0.154253
0.155087
0.155845
0.156563
0.157211
0.157778
0.158283
0.158716
0.159062
0.159322
0.159495
0.159582
0.159582
0.159495
0.159322
0.159062
0.158716
0.158283
0.157778
0.157211
0.156563
0.155845
0.155087
0.154253
0.153377
0.152441
0.151447
0.150394
0.149263
0.148056
0.142443
0.143951
0.145242
0.146415
0.147457
0.148405
0.149257
0.150038
0.150740
0.151373
0.151935
0.152437
0.152869
0.153229
0.153517
0.153733
0.153877
0.153949
0.153949
0.153877
0.153733
0.153517
0.153229
0.152869
0.152437
0.151935
0.151373
0.150740
0.150038
0.149257
0.148405
0.147457
0.146415
0.145242
0.143951
0.142443
0.134455
0.136682
0.138579
0.140210
0.141594
0.142790
0.143855
0.144753
0.145558
0.146261
0.146856
0.147378
0.147824
0.148188
0.148472
0.148685
0.148827
0.148898
0.148898
0.148827
0.148685
0.148472
0.148188
0.147824
0.147378
0.146856
0.146261
0.145558
0.144753
0.143855
0.142790
0.141594
0.140210
0.138579
0.136682
0.134455
0.122145
0.125466
0.128363
0.130859
0.133008
0.134847
0.136425
0.137774
0.138900
0.139894
0.140696
0.141388
0.141982
0.142428
0.142783
0.143049
0.143226
0.143315
0.143315
0.143226
0.143049
0.142783
0.142428
0.141982
0.141388
0.140696
0.139894
0.138900
0.137774
0.136425
0.134847
0.133008
0.130859
0.128363
0.125466
0.122145
0.105003
0.109403
0.113309
0.116770
0.119834
0.122521
0.124873
0.126920
0.128686
0.130206
0.131480
0.132551
0.133436
0.134159
0.134699
0.135105
0.135375
0.135510
0.135510
0.135375
0.135105
0.134699
0.134159
0.133436
0.132551
0.131480
0.130206
0.128686
0.126920
0.124873
0.122521
0.119834
0.116770
0.113309
0.109403
0.105003
0.185736
0.000000
0.000000
0.000000
0.101706
0.105235
0.108362
0.111109
0.113519
0.115614
0.117415
0.118947
0.120234
0.121274
0.122101
0.122700
0.123099
0.123298
0.123298
0.123099
0.122700
0.122101
0.121274
0.120234
0.118947
0.117415
0.115614
0.113519
0.111109
0.108362
0.105235
0.101706
0.000000
0.000000
0.000000
0.185736
0.182589
0.183400
0.184130
0.184702
0.185235
0.185731
0.000000
0.000000
0.000000
0.000000
0.098272
0.100272
0.101952
0.103321
0.104404
0.105204
0.105737
0.106004
0.106004
0.105737
0.105204
0.104404
0.103321
0.101952
0.100272
0.098272
0.000000
0.000000
0.000000
0.000000
0.185731
0.185235
0.184702
0.184130
0.183400
0.182589
0.178424
0.179431
0.180344
0.181151
0.181904
0.182534
0.183107
0.183631
0.184087
0.184430
0.184734
0.185001
0.185230
0.185421
0.185573
0.185688
0.185764
0.185802
0.185802
0.185764
0.185688
0.185573
0.185421
0.185230
0.185001
0.184734
0.184430
0.184087
0.183631
0.183107
0.182534
0.181904
0.181151
0.180344
0.179431
0.178424
0.173107
0.174402
0.175549
0.176566
0.177478
0.178296
0.179006
0.179658
0.180228
0.180712
0.181142
0.181519
0.181842
0.182098
0.182289
0.182432
0.182528
0.182575
0.182575
0.182528
0.182432
0.182289
0.182098
0.181842
0.181519
0.181142
0.180712
0.180228
0.179658
0.179006
0.178296
0.177478
0.176566
0.175549
0.174402
0.173107
0.166263
0.167864
0.169317
0.170633
0.171823
0.172857
0.173799
0.174605
0.175321
0.175966
0.176490
0.176947
0.177337
0.177663
0.177924
0.178108
0.178227
0.178286
0.178286
0.178227
0.178108
0.177924
0.177663
0.177337
0.176947
0.176490
0.175966
0.175321
0.174605
0.173799
0.172857
0.171823
0.170633
0.169317
0.167864
0.166263
0.158936
0.160423
0.161881
0.163293
0.164623
0.165866
0.166998
0.168033
0.168938
0.169753
0.170448
0.171043
0.171553
0.171978
0.172294
0.172530
0.172687
0.172765
0.172765
0.172687
0.172530
0.172294
0.171978
0.171553
0.171043
0.170448
0.169753
0.168938
0.168033
0.166998
0.165866
0.164623
0.163293
0.161881
0.160423
0.158936
0.152711
0.153928
0.155131
0.156280
0.157408
0.158487
0.159521
0.160496
0.161407
0.162235
0.162991
0.163653
0.164223
0.164701
0.165083
0.165370
0.165561
0.165657
0.165657
0.165561
0.165370
0.165083
0.164701
0.164223
0.163653
0.162991
0.162235
0.161407
0.160496
0.159521
0.158487
0.157408
0.156280
0.155131
0.153928
0.152711
0.146936
0.148186
0.149316
0.150371
0.151350
0.152265
0.153124
0.153912
0.154662
0.155341
0.155944
0.156505
0.156988
0.157391
0.157714
0.157956
0.158125
0.158211
0.158211
0.158125
0.157956
0.157714
0.157391
0.156988
0.156505
0.155944
0.155341
0.154662
0.153912
0.153124
0.152265
0.151350
0.150371
0.149316
0.148186
0.146936
0.139820
0.141511
0.142974
0.144270
0.145391
0.146399
0.147288
0.148098
0.148805
0.149441
0.150006
0.150496
0.150915
0.151265
0.151544
0.151754
0.151894
0.151964
0.151964
0.151894
0.151754
0.151544
0.151265
0.150915
0.150496
0.150006
0.149441
0.148805
0.148098
0.147288
0.146399
0.145391
0.144270
0.142974
0.141511
0.139820
0.128449
0.131244
0.133647
0.135693
0.137429
0.138913
0.140207
0.141290
0.142246
0.143041
0.143747
0.144331
0.144812
0.145212
0.145532
0.145773
0.145933
0.146012
0.146012
0.145933
0.145773
0.145532
0.145212
0.144812
0.144331
0.143747
0.143041
0.142246
0.141290
0.140207
0.138913
0.137429
0.135693
0.133647
0.131244
0.128449
0.110836
0.114874
0.118453
0.121612
0.124388
0.126809
0.128912
0.130727
0.132288
0.133609
0.134717
0.135658
0.136422
0.137032
0.137520
0.137886
0.138117
0.138227
0.138227
0.138117
0.137886
0.137520
0.137032
0.136422
0.135658
0.134717
0.133609
0.132288
0.130727
0.128912
0.126809
0.124388
0.121612
0.118453
0.114874
0.110836
0.000000
0.000000
0.000000
0.101088
0.104894
0.108274
0.111255
0.113886
0.116183
0.118179
0.119897
0.121349
0.122567
0.123559
0.124338
0.124906
0.125285
0.125475
0.125475
0.125285
0.124906
0.124338
0.123559
0.122567
0.121349
0.119897
0.118179
0.116183
0.113886
0.111255
0.108274
0.104894
0.101088
0.000000
0.000000
0.000000
0.182652
0.183458
0.184174
0.184742
0.185273
0.185766
0.000000
0.000000
0.000000
0.000000
0.098465
0.100451
0.102120
0.103480
0.104554
0.105350
0.105881
0.106142
0.106142
0.105881
0.105350
0.104554
0.103480
0.102120
0.100451
0.098465
0.000000
0.000000
0.000000
0.000000
0.185766
0.185273
0.184742
0.184174
0.183458
0.182652
0.177853
0.178868
0.179811
0.180631
0.181381
0.182068
0.182637
0.183159
0.183633
0.184048
0.184352
0.184617
0.184845
0.185034
0.185186
0.185300
0.185376
0.185414
0.185414
0.185376
0.185300
0.185186
0.185034
0.184845
0.184617
0.184352
0.184048
0.183633
0.183159
0.182637
0.182068
0.181381
0.180631
0.179811
0.178868
0.177853
0.171489
0.172855
0.174095
0.175164
0.176147
0.176989
0.177767
0.178436
0.179026
0.179556
0.180025
0.180400
0.180721
0.180989
0.181203
0.181364
0.181471
0.181524
0.181524
0.181471
0.181364
0.181203
0.180989
0.180721
0.180400
0.180025
0.179556
0.179026
0.178436
0.177767
0.176989
0.176147
0.175164
0.174095
0.172855
0.171489
0.163328
0.164937
0.166451
0.167857
0.169122
0.170275
0.171290
0.172203
0.172984
0.173687
0.174284
0.174783
0.175211
0.175568
0.175853
0.176061
0.176190
0.176255
0.176255
0.176190
0.176061
0.175853
0.175568
0.175211
0.174783
0.174284
0.173687
0.172984
0.172203
0.171290
0.170275
0.169122
0.167857
0.166451
0.164937
0.163328
0.155559
0.156891
0.158186
0.159471
0.160709
0.161888
0.163011
0.164046
0.164997
0.165853
0.166605
0.167261
0.167823
0.168280
0.168640
0.168911
0.169091
0.169181
0.169181
0.169091
0.168911
0.168640
0.168280
0.167823
0.167261
0.166605
0.165853
0.164997
0.164046
0.163011
0.161888
0.160709
0.159471
0.158186
0.156891
0.155559
0.149033
0.150225
0.151337
0.152389
0.153387
0.154329
0.155230
0.156059
0.156861
0.157582
0.158239
0.158839
0.159353
0.159782
0.160132
0.160404
0.160585
0.160676
0.160676
0.160585
0.160404
0.160132
0.159782
0.159353
0.158839
0.158239
0.157582
0.156861
0.156059
0.155230
0.154329
0.153387
0.152389
0.151337
0.150225
0.149033
0.141739
0.143259
0.144602
0.145796
0.146843
0.147801
0.148653
0.149426
0.150128
0.150753
0.151310
0.151796
0.152219
0.152575
0.152860
0.153074
0.153217
0.153288
0.153288
0.153217
0.153074
0.152860
0.152575
0.152219
0.151796
0.151310
0.150753
0.150128
0.149426
0.148653
0.147801
0.146843
0.145796
0.144602
0.143259
0.141739
0.130079
0.132702
0.134949
0.136866
0.138509
0.139929
0.141111
0.142168
0.143046
0.143837
0.144489
0.145047
0.145525
0.145923
0.146223
0.146445
0.146592
0.146666
0.146666
0.146592
0.146445
0.146223
0.145923
0.145525
0.145047
0.144489
0.143837
0.143046
0.142168
0.141111
0.139929
0.138509
0.136866
0.134949
0.132702
0.130079
0.110832
0.114848
0.118410
0.121555
0.124321
0.126733
0.128829
0.130640
0.132200
0.133513
0.134624
0.135560
0.136329
0.136936
0.137421
0.137785
0.138025
0.138135
0.138135
0.138025
0.137785
0.137421
0.136936
0.136329
0.135560
0.134624
0.133513
0.132200
0.130640
0.128829
0.126733
0.124321
0.121555
0.118410
0.114848
0.110832
0.185828
0.000000
0.000000
0.098280
0.102193
0.105667
0.108740
0.111448
0.113824
0.115887
0.117661
0.119169
0.120434
0.121463
0.122274
0.122867
0.123262
0.123459
0.123459
0.123262
0.122867
0.122274
0.121463
0.120434
0.119169
0.117661
0.115887
0.113824
0.111448
0.108740
0.105667
0.102193
0.098280
0.000000
0.000000
0.185828
0.181701
0.182537
0.183292
0.183999
0.184527
0.185018
0.185470
0.185885
0.000000
0.000000
0.000000
0.000000
0.000000
0.000000
0.098999
0.099850
0.100407
0.100684
0.100684
0.100407
0.099850
0.098999
0.000000
0.000000
0.000000
0.000000
0.000000
0.000000
0.185885
0.185470
0.185018
0.184527
0.183999
0.183292
0.182537
0.181701
0.175973
0.177071
0.178093
0.178972
0.179792
0.180503
0.181142
0.181727
0.182230
0.182655
0.183032
0.183363
0.183646
0.183882
0.184057
0.184170
0.184245
0.184283
0.184283
0.184245
0.184170
0.184057
0.183882
0.183646
0.183363
0.183032
0.182655
0.182230
0.181727
0.181142
0.180503
0.179792
0.178972
0.178093
0.177071
0.175973
0.168108
0.169629
0.170997
0.172238
0.173325
0.174306
0.175156
0.175936
0.176586
0.177166
0.177682
0.178121
0.178473
0.178766
0.179001
0.179176
0.179294
0.179352
0.179352
0.179294
0.179176
0.179001
0.178766
0.178473
0.178121
0.177682
0.177166
0.176586
0.175936
0.175156
0.174306
0.173325
0.172238
0.170997
0.169629
0.168108
0.158966
0.160438
0.161880
0.163278
0.164593
0.165823
0.166943
0.167968
0.168865
0.169671
0.170364
0.170952
0.171457
0.171878
0.172198
0.172431
0.172586
0.172664
0.172664
0.172586
0.172431
0.172198
0.171878
0.171457
0.170952
0.170364
0.169671
0.168865
0.167968
0.166943
0.165823
0.164593
0.163278
0.161880
0.160438
0.158966
0.151371
0.152560
0.153693
0.154796
0.155840
0.156866
0.157822
0.158748
0.159600
0.160388
0.161109
0.161741
0.162292
0.162759
0.163133
0.163414
0.163601
0.163694
0.163694
0.163601
0.163414
0.163133
0.162759
0.162292
0.161741
0.161109
0.160388
0.159600
0.158748
0.157822
0.156866
0.155840
0.154796
0.153693
0.152560
0.151371
0.143951
0.145301
0.146525
0.147624
0.148620
0.149528
0.150363
0.151124
0.151815
0.152448
0.153015
0.153511
0.153936
0.154306
0.154604
0.154828
0.154977
0.155052
0.155052
0.154977
0.154828
0.154604
0.154306
0.153936
0.153511
0.153015
0.152448
0.151815
0.151124
0.150363
0.149528
0.148620
0.147624
0.146525
0.145301
0.143951
0.132596
0.134973
0.136998
0.138727
0.140222
0.141487
0.142588
0.143549
0.144383
0.145096
0.145729
0.146262
0.146702
0.147068
0.147361
0.147581
0.147728
0.147801
0.147801
0.147728
0.147581
0.147361
0.147068
0.146702
0.146262
0.145729
0.145096
0.144383
0.143549
0.142588
0.141487
0.140222
0.138727
0.136998
0.134973
0.132596
0.112676
0.116562
0.120010
0.123034
0.125702
0.128028
0.130038
0.131762
0.133231
0.134492
0.135556
0.136442
0.137166
0.137769
0.138227
0.138553
0.138770
0.138879
0.138879
0.138770
0.138553
0.138227
0.137769
0.137166
0.136442
0.135556
0.134492
0.133231
0.131762
0.130038
0.128028
0.125702
0.123034
0.120010
0.116562
0.112676
