0.178638
0.179654
0.180555
0.181369
0.182115
0.182741
0.183318
0.183848
0.184263
0.184609
0.184917
0.185187
0.185418
0.185610
0.185764
0.185879
0.185956
0.185995
0.185995
0.185956
0.185879
0.185764
0.185610
0.185418
0.185187
0.184917
0.184609
0.184263
0.183848
0.183318
0.182741
0.182115
0.181369
0.180555
0.179654
0.178638
0.176568
0.177686
0.178671
0.179568
0.180368
0.181074
0.181726
0.182287
0.182768
0.183202
0.183587
0.183924
0.184170
0.184363
0.184517
0.184632
0.184709
0.184747
0.184747
0.184709
0.184632
0.184517
0.184363
0.184170
0.183924
0.183587
0.183202
0.182768
0.182287
0.181726
0.181074
0.180368
0.179568
0.178671
0.177686
0.176568
0.174205
0.175435
0.176538
0.177525
0.178405
0.179183
0.179901
0.180508
0.181051
0.181540
0.181975
0.182315
0.182604
0.182844
0.183037
0.183182
0.183278
0.183326
0.183326
0.183278
0.183182
0.183037
0.182844
0.182604
0.182315
0.181975
0.181540
0.181051
0.180508
0.179901
0.179183
0.178405
0.177525
0.176538
0.175435
0.174205
0.171452
0.172841
0.174100
0.175185
0.176180
0.177036
0.177825
0.178499
0.179097
0.179636
0.180104
0.180485
0.180811
0.181083
0.181300
0.181463
0.181572
0.181626
0.181626
0.181572
0.181463
0.181300
0.181083
0.180811
0.180485
0.180104
0.179636
0.179097
0.178499
0.177825
0.177036
0.176180
0.175185
0.174100
0.172841
0.171452
0.168306
0.169860
0.171242
0.172489
0.173599
0.174575
0.175443
0.176218
0.176876
0.177468
0.177995
0.178414
0.178773
0.179072
0.179312
0.179492
0.179611
0.179671
0.179671
0.179611
0.179492
0.179312
0.179072
0.178773
0.178414
0.177995
0.177468
0.176876
0.176218
0.175443
0.174575
0.173599
0.172489
0.171242
0.169860
0.168306
0.164833
0.166468
0.167990
0.169362
0.170603
0.171719
0.172692
0.173565
0.174326
0.174978
0.175557
0.176058
0.176453
0.176782
0.177046
0.177243
0.177375
0.177441
0.177441
0.177375
0.177243
0.177046
0.176782
0.176453
0.176058
0.175557
0.174978
0.174326
0.173565
0.172692
0.171719
0.170603
0.169362
0.167990
0.166468
0.164833
0.161275
0.162871
0.164403
0.165852
0.167186
0.168407
0.169504
0.170479
0.171338
0.172103
0.172738
0.173293
0.173769
0.174151
0.174441
0.174658
0.174803
0.174875
0.174875
0.174803
0.174658
0.174441
0.174151
0.173769
0.173293
0.172738
0.172103
0.171338
0.170479
0.169504
0.168407
0.167186
0.165852
0.164403
0.162871
0.161275
0.157867
0.159338
0.160773
0.162160
0.163496
0.164746
0.165906
0.166954
0.167907
0.168733
0.169465
0.170099
0.170615
0.171044
0.171388
0.171646
0.171818
0.171904
0.171904
0.171818
0.171646
0.171388
0.171044
0.170615
0.170099
0.169465
0.168733
0.167907
0.166954
0.165906
0.164746
0.163496
0.162160
0.160773
0.159338
0.157867
0.154740
0.156038
0.157341
0.158602
0.159821
0.161008
0.162117
0.163168
0.164125
0.164994
0.165768
0.166438
0.167009
0.167485
0.167866
0.168146
0.168329
0.168420
0.168420
0.168329
0.168146
0.167866
0.167485
0.167009
0.166438
0.165768
0.164994
0.164125
0.163168
0.162117
0.161008
0.159821
0.158602
0.157341
0.156038
0.154740
0.151779
0.153004
0.154171
0.155315
0.156408
0.157467
0.158476
0.159434
0.160323
0.161152
0.161889
0.162554
0.163127
0.163605
0.163987
0.164277
0.164470
0.164567
0.164567
0.164470
0.164277
0.163987
0.163605
0.163127
0.162554
0.161889
0.161152
0.160323
0.159434
0.158476
0.157467
0.156408
0.155315
0.154171
0.153004
0.151779
0.148837
0.150051
0.151181
0.152247
0.153261
0.154213
0.155128
0.155967
0.156780
0.157513
0.158177
0.158787
0.159309
0.159745
0.160099
0.160376
0.160560
0.160652
0.160652
0.160560
0.160376
0.160099
0.159745
0.159309
0.158787
0.158177
0.157513
0.156780
0.155967
0.155128
0.154213
0.153261
0.152247
0.151181
0.150051
0.148837
0.145673
0.146971
0.148161
0.149233
0.150230
0.151149
0.151997
0.152794
0.153518
0.154179
0.154790
0.155324
0.155781
0.156174
0.156500
0.156745
0.156908
0.156989
0.156989
0.156908
0.156745
0.156500
0.156174
0.155781
0.155324
0.154790
0.154179
0.153518
0.152794
0.151997
0.151149
0.150230
0.149233
0.148161
0.146971
0.145673
0.141960
0.143482
0.144826
0.146037
0.147086
0.148057
0.148914
0.149700
0.150411
0.151047
0.151613
0.152110
0.152545
0.152907
0.153197
0.153414
0.153559
0.153632
0.153632
0.153559
0.153414
0.153197
0.152907
0.152545
0.152110
0.151613
0.151047
0.150411
0.149700
0.148914
0.148057
0.147086
0.146037
0.144826
0.143482
0.141960
0.137165
0.139136
0.140818
0.142279
0.143530
0.144626
0.145598
0.146452
0.147202
0.147876
0.148454
0.148954
0.149383
0.149740
0.150026
0.150238
0.150380
0.150450
0.150450
0.150380
0.150238
0.150026
0.149740
0.149383
0.148954
0.148454
0.147876
0.147202
0.146452
0.145598
0.144626
0.143530
0.142279
0.140818
0.139136
0.137165
0.130742
0.133358
0.135587
0.137476
0.139084
0.140473
0.141668
0.142685
0.143578
0.144347
0.144995
0.145562
0.146044
0.146419
0.146719
0.146944
0.147094
0.147168
0.147168
0.147094
0.146944
0.146719
0.146419
0.146044
0.145562
0.144995
0.144347
0.143578
0.142685
0.141668
0.140473
0.139084
0.137476
0.135587
0.133358
0.130742
0.122239
0.125577
0.128481
0.130986
0.133139
0.134979
0.136555
0.137913
0.139033
0.140029
0.140826
0.141523
0.142108
0.142555
0.142913
0.143181
0.143360
0.143449
0.143449
0.143360
0.143181
0.142913
0.142555
0.142108
0.141523
0.140826
0.140029
0.139033
0.137913
0.136555
0.134979
0.133139
0.130986
0.128481
0.125577
0.122239
0.111575
0.115616
0.119187
0.122342
0.125102
0.127514
0.129601
0.131392
0.132921
0.134236
0.135325
0.136251
0.136992
0.137610
0.138093
0.138427
0.138649
0.138760
0.138760
0.138649
0.138427
0.138093
0.137610
0.136992
0.136251
0.135325
0.134236
0.132921
0.131392
0.129601
0.127514
0.125102
0.122342
0.119187
0.115616
0.111575
0.098617
0.103407
0.107671
0.111455
0.114805
0.117771
0.120373
0.122649
0.124628
0.126337
0.127794
0.129007
0.130035
0.130837
0.131478
0.131960
0.132260
0.132408
0.132408
0.132260
0.131960
0.131478
0.130837
0.130035
0.129007
0.127794
0.126337
0.124628
0.122649
0.120373
0.117771
0.114805
0.111455
0.107671
0.103407
0.098617
0.185783
0.000000
0.000000
0.098186
0.102171
0.105706
0.108830
0.111583
0.113997
0.116088
0.117890
0.119416
0.120694
0.121741
0.122556
0.123158
0.123560
0.123761
0.123761
0.123560
0.123158
0.122556
0.121741
0.120694
0.119416
0.117890
0.116088
0.113997
0.111583
0.108830
0.105706
0.102171
0.098186
0.000000
0.000000
0.185783
0.183806
0.184497
0.185111
0.185687
0.000000
0.000000
0.000000
0.098046
0.100911
0.103415
0.105578
0.107421
0.108964
0.110230
0.111220
0.111962
0.112444
0.112684
0.112684
0.112444
0.111962
0.111220
0.110230
0.108964
0.107421
0.105578
0.103415
0.100911
0.098046
0.000000
0.000000
0.000000
0.185687
0.185111
0.184497
0.183806
0.181247
0.182149
0.182917
0.183638
0.184248
0.184747
0.185208
0.185630
0.000000
0.000000
0.000000
0.000000
0.000000
0.000000
0.000000
0.098198
0.098775
0.099064
0.099064
0.098775
0.098198
0.000000
0.000000
0.000000
0.000000
0.000000
0.000000
0.000000
0.185630
0.185208
0.184747
0.184248
0.183638
0.182917
0.182149
0.181247
0.178240
0.179254
0.180190
0.181003
0.181761
0.182413
0.182989
0.183518
0.183998
0.184344
0.184651
0.184920
0.185151
0.185343
0.185496
0.185611
0.185688
0.185727
0.185727
0.185688
0.185611
0.185496
0.185343
0.185151
0.184920
0.184651
0.184344
0.183998
0.183518
0.182989
0.182413
0.181761
0.181003
0.180190
0.179254
0.178240
0.174628
0.175855
0.176918
0.177902
0.178746
0.179522
0.180216
0.180813
0.181355
0.181843
0.182245
0.182581
0.182870
0.183110
0.183302
0.183446
0.183542
0.183590
0.183590
0.183542
0.183446
0.183302
0.183110
0.182870
0.182581
0.182245
0.181843
0.181355
0.180813
0.180216
0.179522
0.178746
0.177902
0.176918
0.175855
0.174628
0.170242
0.171698
0.172986
0.174157
0.175168
0.176096
0.176884
0.177606
0.178239
0.178776
0.179253
0.179671
0.180027
0.180298
0.180515
0.180677
0.180786
0.180840
0.180840
0.180786
0.180677
0.180515
0.180298
0.180027
0.179671
0.179253
0.178776
0.178239
0.177606
0.176884
0.176096
0.175168
0.174157
0.172986
0.171698
0.170242
0.165067
0.166693
0.168203
0.169571
0.170796
0.171910
0.172866
0.173736
0.174481
0.175131
0.175708
0.176194
0.176588
0.176917
0.177179
0.177376
0.177507
0.177573
0.177573
0.177507
0.177376
0.177179
0.176917
0.176588
0.176194
0.175708
0.175131
0.174481
0.173736
0.172866
0.171910
0.170796
0.169571
0.168203
0.166693
0.165067
0.159768
0.161315
0.162813
0.164244
0.165593
0.166833
0.167972
0.168976
0.169888
0.170666
0.171351
0.171951
0.172430
0.172825
0.173142
0.173379
0.173537
0.173616
0.173616
0.173537
0.173379
0.173142
0.172825
0.172430
0.171951
0.171351
0.170666
0.169888
0.168976
0.167972
0.166833
0.165593
0.164244
0.162813
0.161315
0.159768
0.155046
0.156361
0.157660
0.158939
0.160164
0.161358
0.162477
0.163524
0.164482
0.165349
0.166118
0.166783
0.167353
0.167828
0.168199
0.168473
0.168655
0.168747
0.168747
0.168655
0.168473
0.168199
0.167828
0.167353
0.166783
0.166118
0.165349
0.164482
0.163524
0.162477
0.161358
0.160164
0.158939
0.157660
0.156361
0.155046
0.150797
0.151994
0.153149
0.154244
0.155308
0.156317
0.157291
0.158198
0.159066
0.159848
0.160574
0.161217
0.161768
0.162236
0.162617
0.162903
0.163093
0.163188
0.163188
0.163093
0.162903
0.162617
0.162236
0.161768
0.161217
0.160574
0.159848
0.159066
0.158198
0.157291
0.156317
0.155308
0.154244
0.153149
0.151994
0.150797
0.146495
0.147764
0.148914
0.149983
0.150969
0.151885
0.152748
0.153542
0.154278
0.154963
0.155571
0.156110
0.156598
0.157004
0.157329
0.157573
0.157735
0.157817
0.157817
0.157735
0.157573
0.157329
0.157004
0.156598
0.156110
0.155571
0.154963
0.154278
0.153542
0.152748
0.151885
0.150969
0.149983
0.148914
0.147764
0.146495
0.141338
0.142919
0.144311
0.145521
0.146602
0.147573
0.148447
0.149231
0.149943
0.150578
0.151141
0.151635
0.152059
0.152420
0.152709
0.152926
0.153070
0.153142
0.153142
0.153070
0.152926
0.152709
0.152420
0.152059
0.151635
0.151141
0.150578
0.149943
0.149231
0.148447
0.147573
0.146602
0.145521
0.144311
0.142919
0.141338
0.134136
0.136398
0.138329
0.139990
0.141380
0.142601
0.143669
0.144588
0.145395
0.146112
0.146710
0.147232
0.147681
0.148051
0.148336
0.148550
0.148693
0.148764
0.148764
0.148693
0.148550
0.148336
0.148051
0.147681
0.147232
0.146710
0.146112
0.145395
0.144588
0.143669
0.142601
0.141380
0.139990
0.138329
0.136398
0.134136
0.123531
0.126759
0.129565
0.131990
0.134056
0.135818
0.137311
0.138598
0.139705
0.140629
0.141422
0.142105
0.142639
0.143085
0.143441
0.143708
0.143886
0.143975
0.143975
0.143886
0.143708
0.143441
0.143085
0.142639
0.142105
0.141422
0.140629
0.139705
0.138598
0.137311
0.135818
0.134056
0.131990
0.129565
0.126759
0.123531
0.109217
0.113385
0.117075
0.120342
0.123211
0.125731
0.127921
0.129807
0.131417
0.132792
0.133975
0.134927
0.135740
0.136379
0.136871
0.137240
0.137487
0.137610
0.137610
0.137487
0.137240
0.136871
0.136379
0.135740
0.134927
0.133975
0.132792
0.131417
0.129807
0.127921
0.125731
0.123211
0.120342
0.117075
0.113385
0.109217
0.000000
0.000000
0.100776
0.104895
0.108556
0.111800
0.114655
0.117166
0.119361
0.121262
0.122893
0.124281
0.125428
0.126364
0.127090
0.127634
0.127997
0.128169
0.128169
0.127997
0.127634
0.127090
0.126364
0.125428
0.124281
0.122893
0.121262
0.119361
0.117166
0.114655
0.111800
0.108556
0.104895
0.100776
0.000000
0.000000
0.184202
0.184852
0.185463
0.000000
0.000000
0.000000
0.000000
0.100605
0.103381
0.105804
0.107894
0.109672
0.111160
0.112381
0.113338
0.114054
0.114518
0.114750
0.114750
0.114518
0.114054
0.113338
0.112381
0.111160
0.109672
0.107894
0.105804
0.103381
0.100605
0.000000
0.000000
0.000000
0.000000
0.185463
0.184852
0.184202
0.180945
0.181863
0.182644
0.183361
0.184025
0.184522
0.184981
0.185401
0.185784
0.000000
0.000000
0.000000
0.000000
0.000000
0.000000
0.000000
0.000000
0.000000
0.000000
0.000000
0.000000
0.000000
0.000000
0.000000
0.000000
0.000000
0.000000
0.185784
0.185401
0.184981
0.184522
0.184025
0.183361
0.182644
0.181863
0.180945
0.176924
0.178031
0.178982
0.179874
0.180641
0.181343
0.181991
0.182518
0.182996
0.183427
0.183810
0.184116
0.184345
0.184537
0.184690
0.184804
0.184881
0.184919
0.184919
0.184881
0.184804
0.184690
0.184537
0.184345
0.184116
0.183810
0.183427
0.182996
0.182518
0.181991
0.181343
0.180641
0.179874
0.178982
0.178031
0.176924
0.171890
0.173237
0.174453
0.175532
0.176489
0.177339
0.178112
0.178766
0.179360
0.179896
0.180337
0.180715
0.181039
0.181309
0.181525
0.181687
0.181795
0.181849
0.181849
0.181795
0.181687
0.181525
0.181309
0.181039
0.180715
0.180337
0.179896
0.179360
0.178766
0.178112
0.177339
0.176489
0.175532
0.174453
0.173237
0.171890
0.165587
0.167199
0.168683
0.170043
0.171237
0.172319
0.173264
0.174119
0.174838
0.175485
0.176055
0.176513
0.176905
0.177232
0.177493
0.177689
0.177820
0.177886
0.177886
0.177820
0.177689
0.177493
0.177232
0.176905
0.176513
0.176055
0.175485
0.174838
0.174119
0.173264
0.172319
0.171237
0.170043
0.168683
0.167199
0.165587
0.159036
0.160535
0.161997
0.163419
0.164755
0.166002
0.167136
0.168169
0.169077
0.169895
0.170584
0.171181
0.171693
0.172110
0.172425
0.172662
0.172819
0.172898
0.172898
0.172819
0.172662
0.172425
0.172110
0.171693
0.171181
0.170584
0.169895
0.169077
0.168169
0.167136
0.166002
0.164755
0.163419
0.161997
0.160535
0.159036
0.153387
0.154640
0.155851
0.157054
0.158199
0.159323
0.160381
0.161387
0.162312
0.163166
0.163925
0.164595
0.165171
0.165651
0.166034
0.166318
0.166507
0.166601
0.166601
0.166507
0.166318
0.166034
0.165651
0.165171
0.164595
0.163925
0.163166
0.162312
0.161387
0.160381
0.159323
0.158199
0.157054
0.155851
0.154640
0.153387
0.148236
0.149441
0.150569
0.151621
0.152618
0.153552
0.154437
0.155269
0.156028
0.156756
0.157403
0.157969
0.158486
0.158918
0.159264
0.159524
0.159697
0.159783
0.159783
0.159697
0.159524
0.159264
0.158918
0.158486
0.157969
0.157403
0.156756
0.156028
0.155269
0.154437
0.153552
0.152618
0.151621
0.150569
0.149441
0.148236
0.142355
0.143861
0.145159
0.146337
0.147377
0.148328
0.149178
0.149958
0.150660
0.151292
0.151853
0.152352
0.152784
0.153143
0.153431
0.153647
0.153790
0.153862
0.153862
0.153790
0.153647
0.153431
0.153143
0.152784
0.152352
0.151853
0.151292
0.150660
0.149958
0.149178
0.148328
0.147377
0.146337
0.145159
0.143861
0.142355
0.133830
0.136125
0.138075
0.139728
0.141139
0.142379
0.143443
0.144379
0.145182
0.145905
0.146507
0.147027
0.147474
0.147845
0.148136
0.148349
0.148491
0.148562
0.148562
0.148491
0.148349
0.148136
0.147845
0.147474
0.147027
0.146507
0.145905
0.145182
0.144379
0.143443
0.142379
0.141139
0.139728
0.138075
0.136125
0.133830
0.120478
0.123925
0.126922
0.129536
0.131793
0.133722
0.135364
0.136770
0.137995
0.138987
0.139869
0.140574
0.141167
0.141661
0.142050
0.142316
0.142493
0.142582
0.142582
0.142493
0.142316
0.142050
0.141661
0.141167
0.140574
0.139869
0.138987
0.137995
0.136770
0.135364
0.133722
0.131793
0.129536
0.126922
0.123925
0.120478
0.101861
0.106430
0.110495
0.114106
0.117292
0.120115
0.122582
0.124738
0.126608
0.128220
0.129582
0.130723
0.131677
0.132437
0.133026
0.133468
0.133763
0.133910
0.133910
0.133763
0.133468
0.133026
0.132437
0.131677
0.130723
0.129582
0.128220
0.126608
0.124738
0.122582
0.120115
0.117292
0.114106
0.110495
0.106430
0.101861
0.185161
0.185807
0.000000
0.000000
0.000000
0.101089
0.104376
0.107271
0.109815
0.112027
0.113931
0.115549
0.116903
0.118019
0.118882
0.119529
0.119960
0.120169
0.120169
0.119960
0.119529
0.118882
0.118019
0.116903
0.115549
0.113931
0.112027
0.109815
0.107271
0.104376
0.101089
0.000000
0.000000
0.000000
0.185807
0.185161
0.181663
0.182511
0.183273
0.183987
0.184522
0.185017
0.185474
0.185892
0.000000
0.000000
0.000000
0.000000
0.000000
0.098036
0.099181
0.100039
0.100598
0.100878
0.100878
0.100598
0.100039
0.099181
0.098036
0.000000
0.000000
0.000000
0.000000
0.000000
0.185892
0.185474
0.185017
0.184522
0.183987
0.183273
0.182511
0.181663
0.177024
0.178118
0.179064
0.179951
0.180708
0.181406
0.182045
0.182569
0.183045
0.183474
0.183855
0.184150
0.184379
0.184569
0.184721
0.184835
0.184912
0.184950
0.184950
0.184912
0.184835
0.184721
0.184569
0.184379
0.184150
0.183855
0.183474
0.183045
0.182569
0.182045
0.181406
0.180708
0.179951
0.179064
0.178118
0.177024
0.171017
0.172425
0.173678
0.174779
0.175781
0.176646
0.177427
0.178129
0.178721
0.179254
0.179727
0.180128
0.180450
0.180719
0.180934
0.181095
0.181203
0.181256
0.181256
0.181203
0.181095
0.180934
0.180719
0.180450
0.180128
0.179727
0.179254
0.178721
0.178129
0.177427
0.176646
0.175781
0.174779
0.173678
0.172425
0.171017
0.163484
0.165100
0.166618
0.168027
0.169292
0.170438
0.171457
0.172361
0.173145
0.173850
0.174435
0.174936
0.175366
0.175724
0.176009
0.176204
0.176334
0.176399
0.176399
0.176334
0.176204
0.176009
0.175724
0.175366
0.174936
0.174435
0.173850
0.173145
0.172361
0.171457
0.170438
0.169292
0.168027
0.166618
0.165100
0.163484
0.156240
0.157608
0.158957
0.160261
0.161535
0.162744
0.163877
0.164925
0.165880
0.166728
0.167481
0.168134
0.168676
0.169128
0.169489
0.169761
0.169941
0.170030
0.170030
0.169941
0.169761
0.169489
0.169128
0.168676
0.168134
0.167481
0.166728
0.165880
0.164925
0.163877
0.162744
0.161535
0.160261
0.158957
0.157608
0.156240
0.150162
0.151348
0.152476
0.153549
0.154579
0.155558
0.156494
0.157379
0.158196
0.158971
0.159659
0.160276
0.160822
0.161277
0.161641
0.161914
0.162100
0.162194
0.162194
0.162100
0.161914
0.161641
0.161277
0.160822
0.160276
0.159659
0.158971
0.158196
0.157379
0.156494
0.155558
0.154579
0.153549
0.152476
0.151348
0.150162
0.143814
0.145189
0.146433
0.147542
0.148551
0.149468
0.150311
0.151079
0.151777
0.152415
0.152987
0.153488
0.153917
0.154289
0.154591
0.154817
0.154967
0.155043
0.155043
0.154967
0.154817
0.154591
0.154289
0.153917
0.153488
0.152987
0.152415
0.151777
0.151079
0.150311
0.149468
0.148551
0.147542
0.146433
0.145189
0.143814
0.134619
0.136817
0.138689
0.140299
0.141674
0.142854
0.143912
0.144800
0.145599
0.146295
0.146886
0.147404
0.147848
0.148208
0.148490
0.148702
0.148843
0.148913
0.148913
0.148843
0.148702
0.148490
0.148208
0.147848
0.147404
0.146886
0.146295
0.145599
0.144800
0.143912
0.142854
0.141674
0.140299
0.138689
0.136817
0.134619
0.119422
0.122915
0.125991
0.128647
0.130950
0.132932
0.134632
0.136099
0.137317
0.138372
0.139249
0.140015
0.140605
0.141096
0.141490
0.141784
0.141981
0.142071
0.142071
0.141981
0.141784
0.141490
0.141096
0.140605
0.140015
0.139249
0.138372
0.137317
0.136099
0.134632
0.132932
0.130950
0.128647
0.125991
0.122915
0.119422
0.000000
0.102195
0.106464
0.110263
0.113629
0.116604
0.119226
0.121526
0.123527
0.125252
0.126727
0.127985
0.129002
0.129849
0.130492
0.130967
0.131283
0.131441
0.131441
0.131283
0.130967
0.130492
0.129849
0.129002
0.127985
0.126727
0.125252
0.123527
0.121526
0.119226
0.116604
0.113629
0.110263
0.106464
0.102195
0.000000
0.184156
0.184799
0.185405
0.185973
0.000000
0.000000
0.000000
0.099995
0.102758
0.105172
0.107258
0.109036
0.110527
0.111747
0.112702
0.113413
0.113886
0.114119
0.114119
0.113886
0.113413
0.112702
0.111747
0.110527
0.109036
0.107258
0.105172
0.102758
0.099995
0.000000
0.000000
0.000000
0.185973
0.185405
0.184799
0.184156
0.179636
0.180578
0.181433
0.182208
0.182871
0.183487
0.184044
0.184460
0.184839
0.185180
0.185483
0.185748
0.185975
0.000000
0.000000
0.000000
0.000000
0.000000
0.000000
0.000000
0.000000
0.000000
0.000000
0.185975
0.185748
0.185483
0.185180
0.184839
0.184460
0.184044
0.183487
0.182871
0.182208
0.181433
0.180578
0.179636
0.173678
0.174915
0.176049
0.177019
0.177925
0.178697
0.179403
0.180046
0.180580
0.181061
0.181489
0.181863
0.182163
0.182399
0.182589
0.182731
0.182826
0.182873
0.182873
0.182826
0.182731
0.182589
0.182399
0.182163
0.181863
0.181489
0.181061
0.180580
0.180046
0.179403
0.178697
0.177925
0.177019
0.176049
0.174915
0.173678
0.165702
0.167297
0.168762
0.170104
0.171286
0.172354
0.173289
0.174134
0.174846
0.175486
0.176051
0.176504
0.176892
0.177215
0.177474
0.177668
0.177798
0.177863
0.177863
0.177798
0.177668
0.177474
0.177215
0.176892
0.176504
0.176051
0.175486
0.174846
0.174134
0.173289
0.172354
0.171286
0.170104
0.168762
0.167297
0.165702
0.157337
0.158746
0.160122
0.161479
0.162773
0.163993
0.165132
0.166174
0.167110
0.167952
0.168673
0.169302
0.169842
0.170273
0.170611
0.170865
0.171033
0.171118
0.171118
0.171033
0.170865
0.170611
0.170273
0.169842
0.169302
0.168673
0.167952
0.167110
0.166174
0.165132
0.163993
0.162773
0.161479
0.160122
0.158746
0.157337
0.150439
0.151619
0.152747
0.153814
0.154853
0.155827
0.156775
0.157656
0.158488
0.159258
0.159943
0.160573
0.161116
0.161569
0.161931
0.162210
0.162397
0.162491
0.162491
0.162397
0.162210
0.161931
0.161569
0.161116
0.160573
0.159943
0.159258
0.158488
0.157656
0.156775
0.155827
0.154853
0.153814
0.152747
0.151619
0.150439
0.143312
0.144727
0.145999
0.147102
0.148126
0.149038
0.149880
0.150645
0.151339
0.151964
0.152532
0.153030
0.153457
0.153812
0.154102
0.154327
0.154477
0.154552
0.154552
0.154477
0.154327
0.154102
0.153812
0.153457
0.153030
0.152532
0.151964
0.151339
0.150645
0.149880
0.149038
0.148126
0.147102
0.145999
0.144727
0.143312
0.132427
0.134827
0.136874
0.138622
0.140133
0.141403
0.142517
0.143482
0.144325
0.145041
0.145677
0.146216
0.146657
0.147025
0.147319
0.147540
0.147687
0.147761
0.147761
0.147687
0.147540
0.147319
0.147025
0.146657
0.146216
0.145677
0.145041
0.144325
0.143482
0.142517
0.141403
0.140133
0.138622
0.136874
0.134827
0.132427
0.113846
0.117674
0.121057
0.124049
0.126649
0.128916
0.130875
0.132561
0.134016
0.135218
0.136260
0.137108
0.137835
0.138397
0.138833
0.139160
0.139378
0.139487
0.139487
0.139378
0.139160
0.138833
0.138397
0.137835
0.137108
0.136260
0.135218
0.134016
0.132561
0.130875
0.128916
0.126649
0.124049
0.121057
0.117674
0.113846
0.000000
0.000000
0.000000
0.101111
0.104890
0.108248
0.111209
0.113823
0.116107
0.118092
0.119799
0.121244
0.122458
0.123443
0.124221
0.124786
0.125163
0.125351
0.125351
0.125163
0.124786
0.124221
0.123443
0.122458
0.121244
0.119799
0.118092
0.116107
0.113823
0.111209
0.108248
0.104890
0.101111
0.000000
0.000000
0.000000
0.182097
0.182898
0.183651
0.184286
0.184813
0.185302
0.185754
0.000000
0.000000
0.000000
0.000000
0.000000
0.098559
0.099975
0.101082
0.101913
0.102455
0.102725
0.102725
0.102455
0.101913
0.101082
0.099975
0.098559
0.000000
0.000000
0.000000
0.000000
0.000000
0.185754
0.185302
0.184813
0.184286
0.183651
0.182898
0.182097
0.176311
0.177404
0.178394
0.179272
0.180083
0.180774
0.181411
0.181996
0.182467
0.182891
0.183268
0.183598
0.183881
0.184093
0.184244
0.184357
0.184432
0.184470
0.184470
0.184432
0.184357
0.184244
0.184093
0.183881
0.183598
0.183268
0.182891
0.182467
0.181996
0.181411
0.180774
0.180083
0.179272
0.178394
0.177404
0.176311
0.168352
0.169871
0.171222
0.172444
0.173529
0.174490
0.175340
0.176108
0.176751
0.177330
0.177845
0.178268
0.178620
0.178912
0.179146
0.179322
0.179439
0.179498
0.179498
0.179439
0.179322
0.179146
0.178912
0.178620
0.178268
0.177845
0.177330
0.176751
0.176108
0.175340
0.174490
0.173529
0.172444
0.171222
0.169871
0.168352
0.158988
0.160459
0.161899
0.163294
0.164608
0.165835
0.166954
0.167977
0.168872
0.169676
0.170368
0.170956
0.171459
0.171879
0.172199
0.172431
0.172586
0.172664
0.172664
0.172586
0.172431
0.172199
0.171879
0.171459
0.170956
0.170368
0.169676
0.168872
0.167977
0.166954
0.165835
0.164608
0.163294
0.161899
0.160459
0.158988
0.151218
0.152401
0.153533
0.154625
0.155668
0.156679
0.157634
0.158545
0.159396
0.160171
0.160891
0.161521
0.162064
0.162530
0.162904
0.163184
0.163370
0.163464
0.163464
0.163370
0.163184
0.162904
0.162530
0.162064
0.161521
0.160891
0.160171
0.159396
0.158545
0.157634
0.156679
0.155668
0.154625
0.153533
0.152401
0.151218
0.143542
0.144928
0.146178
0.147275
0.148286
0.149193
0.150029
0.150789
0.151479
0.152103
0.152669
0.153164
0.153588
0.153942
0.154237
0.154460
0.154609
0.154684
0.154684
0.154609
0.154460
0.154237
0.153942
0.153588
0.153164
0.152669
0.152103
0.151479
0.150789
0.150029
0.149193
0.148286
0.147275
0.146178
0.144928
0.143542
0.131523
0.134019
0.136129
0.137936
0.139460
0.140779
0.141945
0.142910
0.143782
0.144514
0.145146
0.145700
0.146161
0.146527
0.146820
0.147039
0.147185
0.147259
0.147259
0.147185
0.147039
0.146820
0.146527
0.146161
0.145700
0.145146
0.144514
0.143782
0.142910
0.141945
0.140779
0.139460
0.137936
0.136129
0.134019
0.131523
0.110373
0.114388
0.117954
0.121094
0.123874
0.126297
0.128404
0.130230
0.131794
0.133113
0.134249
0.135179
0.135975
0.136580
0.137062
0.137423
0.137664
0.137785
0.137785
0.137664
0.137423
0.137062
0.136580
0.135975
0.135179
0.134249
0.133113
0.131794
0.130230
0.128404
0.126297
0.123874
0.121094
0.117954
0.114388
0.110373
0.185340
0.185976
0.000000
0.000000
0.098454
0.102063
0.105254
0.108077
0.110544
0.112694
0.114551
0.116135
0.117453
0.118532
0.119381
0.120017
0.120425
0.120630
0.120630
0.120425
0.120017
0.119381
0.118532
0.117453
0.116135
0.114551
0.112694
0.110544
0.108077
0.105254
0.102063
0.098454
0.000000
0.000000
0.185976
0.185340
0.180425
0.181323
0.182149
0.182852
0.183507
0.184093
0.184542
0.184954
0.185328
0.185665
0.185965
0.000000
0.000000
0.000000
0.000000
0.000000
0.000000
0.000000
0.000000
0.000000
0.000000
0.000000
0.000000
0.000000
0.000000
0.185965
0.185665
0.185328
0.184954
0.184542
0.184093
0.183507
0.182852
0.182149
0.181323
0.180425
0.173444
0.174688
0.175814
0.176790
0.177686
0.178471
0.179169
0.179809
0.180355
0.180830
0.181253
0.181623
0.181940
0.182181
0.182368
0.182509
0.182603
0.182649
0.182649
0.182603
0.182509
0.182368
0.182181
0.181940
0.181623
0.181253
0.180830
0.180355
0.179809
0.179169
0.178471
0.177686
0.176790
0.175814
0.174688
0.173444
0.163794
0.165387
0.166876
0.168253
0.169497
0.170612
0.171614
0.172492
0.173262
0.173956
0.174523
0.175015
0.175438
0.175790
0.176065
0.176257
0.176385
0.176449
0.176449
0.176385
0.176257
0.176065
0.175790
0.175438
0.175015
0.174523
0.173956
0.173262
0.172492
0.171614
0.170612
0.169497
0.168253
0.166876
0.165387
0.163794
0.154463
0.155721
0.156968
0.158165
0.159350
0.160475
0.161549
0.162553
0.163481
0.164319
0.165070
0.165728
0.166287
0.166749
0.167119
0.167397
0.167582
0.167674
0.167674
0.167582
0.167397
0.167119
0.166749
0.166287
0.165728
0.165070
0.164319
0.163481
0.162553
0.161549
0.160475
0.159350
0.158165
0.156968
0.155721
0.154463
0.146566
0.147801
0.148920
0.149961
0.150922
0.151814
0.152653
0.153426
0.154136
0.154803
0.155395
0.155914
0.156383
0.156778
0.157095
0.157332
0.157491
0.157570
0.157570
0.157491
0.157332
0.157095
0.156778
0.156383
0.155914
0.155395
0.154803
0.154136
0.153426
0.152653
0.151814
0.150922
0.149961
0.148920
0.147801
0.146566
0.135846
0.137896
0.139631
0.141118
0.142422
0.143549
0.144534
0.145399
0.146171
0.146825
0.147407
0.147916
0.148336
0.148683
0.148961
0.149169
0.149307
0.149377
0.149377
0.149307
0.149169
0.148961
0.148683
0.148336
0.147916
0.147407
0.146825
0.146171
0.145399
0.144534
0.143549
0.142422
0.141118
0.139631
0.137896
0.135846
0.115807
0.119472
0.122709
0.125558
0.128049
0.130199
0.132061
0.133645
0.134994
0.136165
0.137123
0.137962
0.138613
0.139152
0.139583
0.139906
0.140109
0.140206
0.140206
0.140109
0.139906
0.139583
0.139152
0.138613
0.137962
0.137123
0.136165
0.134994
0.133645
0.132061
0.130199
0.128049
0.125558
0.122709
0.119472
0.115807
0.185929
0.000000
0.000000
0.098863
0.102700
0.106114
0.109126
0.111789
0.114119
0.116145
0.117892
0.119372
0.120614
0.121629
0.122423
0.123008
0.123398
0.123592
0.123592
0.123398
0.123008
0.122423
0.121629
0.120614
0.119372
0.117892
0.116145
0.114119
0.111789
0.109126
0.106114
0.102700
0.098863
0.000000
0.000000
0.185929
0.180860
0.181753
0.182526
0.183224
0.183876
0.184384
0.184831
0.185240
0.185613
0.185948
0.000000
0.000000
0.000000
0.000000
0.000000
0.000000
0.000000
0.000000
0.000000
0.000000
0.000000
0.000000
0.000000
0.000000
0.000000
0.000000
0.185948
0.185613
0.185240
0.184831
0.184384
0.183876
0.183224
0.182526
0.181753
0.180860
0.173500
0.174733
0.175852
0.176819
0.177709
0.178487
0.179181
0.179817
0.180359
0.180832
0.181252
0.181620
0.181935
0.182176
0.182362
0.182502
0.182595
0.182641
0.182641
0.182595
0.182502
0.182362
0.182176
0.181935
0.181620
0.181252
0.180832
0.180359
0.179817
0.179181
0.178487
0.177709
0.176819
0.175852
0.174733
0.173500
0.163167
0.164743
0.166232
0.167611
0.168863
0.170011
0.171006
0.171919
0.172692
0.173381
0.173994
0.174484
0.174904
0.175254
0.175534
0.175744
0.175884
0.175954
0.175954
0.175884
0.175744
0.175534
0.175254
0.174904
0.174484
0.173994
0.173381
0.172692
0.171919
0.171006
0.170011
0.168863
0.167611
0.166232
0.164743
0.163167
0.153437
0.154658
0.155836
0.157004
0.158113
0.159206
0.160227
0.161206
0.162099
0.162929
0.163667
0.164316
0.164876
0.165342
0.165716
0.165996
0.166180
0.166272
0.166272
0.166180
0.165996
0.165716
0.165342
0.164876
0.164316
0.163667
0.162929
0.162099
0.161206
0.160227
0.159206
0.158113
0.157004
0.155836
0.154658
0.153437
0.144903
0.146213
0.147370
0.148433
0.149398
0.150291
0.151110
0.151860
0.152556
0.153185
0.153744
0.154246
0.154688
0.155056
0.155350
0.155571
0.155718
0.155792
0.155792
0.155718
0.155571
0.155350
0.155056
0.154688
0.154246
0.153744
0.153185
0.152556
0.151860
0.151110
0.150291
0.149398
0.148433
0.147370
0.146213
0.144903
0.131792
0.134220
0.136289
0.138067
0.139567
0.140860
0.142011
0.142959
0.143821
0.144541
0.145166
0.145713
0.146168
0.146530
0.146819
0.147036
0.147180
0.147252
0.147252
0.147180
0.147036
0.146819
0.146530
0.146168
0.145713
0.145166
0.144541
0.143821
0.142959
0.142011
0.140860
0.139567
0.138067
0.136289
0.134220
0.131792
0.107075
0.111234
0.114928
0.118211
0.121103
0.123656
0.125891
0.127827
0.129492
0.130917
0.132143
0.133145
0.134003
0.134659
0.135184
0.135578
0.135840
0.135971
0.135971
0.135840
0.135578
0.135184
0.134659
0.134003
0.133145
0.132143
0.130917
0.129492
0.127827
0.125891
0.123656
0.121103
0.118211
0.114928
0.111234
0.107075
0.184286
0.184915
0.185506
0.000000
0.000000
0.000000
0.000000
0.100327
0.103020
0.105373
0.107407
0.109140
0.110595
0.111787
0.112719
0.113413
0.113876
0.114104
0.114104
0.113876
0.113413
0.112719
0.111787
0.110595
0.109140
0.107407
0.105373
0.103020
0.100327
0.000000
0.000000
0.000000
0.000000
0.185506
0.184915
0.184286
0.177958
0.178939
0.179859
0.180655
0.181385
0.182057
0.182612
0.183121
0.183584
0.184001
0.184296
0.184555
0.184777
0.184962
0.185110
0.185221
0.185295
0.185332
0.185332
0.185295
0.185221
0.185110
0.184962
0.184777
0.184555
0.184296
0.184001
0.183584
0.183121
0.182612
0.182057
0.181385
0.180655
0.179859
0.178939
0.177958
0.168641
0.170125
0.171444
0.172629
0.173695
0.174626
0.175460
0.176204
0.176836
0.177405
0.177911
0.178322
0.178667
0.178954
0.179184
0.179357
0.179472
0.179529
0.179529
0.179472
0.179357
0.179184
0.178954
0.178667
0.178322
0.177911
0.177405
0.176836
0.176204
0.175460
0.174626
0.173695
0.172629
0.171444
0.170125
0.168641
0.157402
0.158781
0.160126
0.161451
0.162714
0.163906
0.165018
0.166038
0.166951
0.167774
0.168485
0.169100
0.169627
0.170062
0.170392
0.170639
0.170804
0.170887
0.170887
0.170804
0.170639
0.170392
0.170062
0.169627
0.169100
0.168485
0.167774
0.166951
0.166038
0.165018
0.163906
0.162714
0.161451
0.160126
0.158781
0.157402
0.148339
0.149504
0.150594
0.151611
0.152574
0.153477
0.154327
0.155132
0.155864
0.156558
0.157183
0.157731
0.158214
0.158632
0.158966
0.159217
0.159384
0.159468
0.159468
0.159384
0.159217
0.158966
0.158632
0.158214
0.157731
0.157183
0.156558
0.155864
0.155132
0.154327
0.153477
0.152574
0.151611
0.150594
0.149504
0.148339
0.137149
0.139044
0.140671
0.142092
0.143291
0.144366
0.145298
0.146141
0.146859
0.147506
0.148077
0.148557
0.148968
0.149311
0.149585
0.149791
0.149928
0.149996
0.149996
0.149928
0.149791
0.149585
0.149311
0.148968
0.148557
0.148077
0.147506
0.146859
0.146141
0.145298
0.144366
0.143291
0.142092
0.140671
0.139044
0.137149
0.115112
0.118779
0.122033
0.124878
0.127377
0.129551
0.131425
0.133032
0.134417
0.135591
0.136575
0.137403
0.138102
0.138635
0.139061
0.139380
0.139593
0.139700
0.139700
0.139593
0.139380
0.139061
0.138635
0.138102
0.137403
0.136575
0.135591
0.134417
0.133032
0.131425
0.129551
0.127377
0.124878
0.122033
0.118779
0.115112
0.185300
0.185925
0.000000
0.000000
0.000000
0.101402
0.104566
0.107360
0.109815
0.111953
0.113794
0.115361
0.116677
0.117755
0.118597
0.119222
0.119639
0.119847
0.119847
0.119639
0.119222
0.118597
0.117755
0.116677
0.115361
0.113794
0.111953
0.109815
0.107360
0.104566
0.101402
0.000000
0.000000
0.000000
0.185925
0.185300
0.179170
0.180128
0.180958
0.181737
0.182410
0.183008
0.183560
0.184053
0.184421
0.184752
0.185046
0.185303
0.185524
0.185708
0.185855
0.185965
0.000000
0.000000
0.000000
0.000000
0.185965
0.185855
0.185708
0.185524
0.185303
0.185046
0.184752
0.184421
0.184053
0.183560
0.183008
0.182410
0.181737
0.180958
0.180128
0.179170
0.169925
0.171323
0.172586
0.173721
0.174712
0.175611
0.176400
0.177091
0.177719
0.178259
0.178716
0.179116
0.179459
0.179745
0.179973
0.180131
0.180235
0.180287
0.180287
0.180235
0.180131
0.179973
0.179745
0.179459
0.179116
0.178716
0.178259
0.177719
0.177091
0.176400
0.175611
0.174712
0.173721
0.172586
0.171323
0.169925
0.158050
0.159462
0.160836
0.162160
0.163435
0.164627
0.165733
0.166736
0.167644
0.168444
0.169142
0.169753
0.170260
0.170670
0.170998
0.171244
0.171408
0.171490
0.171490
0.171408
0.171244
0.170998
0.170670
0.170260
0.169753
0.169142
0.168444
0.167644
0.166736
0.165733
0.164627
0.163435
0.162160
0.160836
0.159462
0.158050
0.148467
0.149624
0.150706
0.151717
0.152677
0.153574
0.154425
0.155224
0.155952
0.156648
0.157269
0.157813
0.158299
0.158714
0.159047
0.159296
0.159462
0.159545
0.159545
0.159462
0.159296
0.159047
0.158714
0.158299
0.157813
0.157269
0.156648
0.155952
0.155224
0.154425
0.153574
0.152677
0.151717
0.150706
0.149624
0.148467
0.136616
0.138553
0.140221
0.141644
0.142872
0.143978
0.144906
0.145755
0.146488
0.147130
0.147702
0.148192
0.148601
0.148942
0.149214
0.149418
0.149555
0.149623
0.149623
0.149555
0.149418
0.149214
0.148942
0.148601
0.148192
0.147702
0.147130
0.146488
0.145755
0.144906
0.143978
0.142872
0.141644
0.140221
0.138553
0.136616
0.112645
0.116438
0.119804
0.122769
0.125382
0.127667
0.129648
0.131351
0.132813
0.134079
0.135115
0.136021
0.136726
0.137314
0.137785
0.138124
0.138336
0.138441
0.138441
0.138336
0.138124
0.137785
0.137314
0.136726
0.136021
0.135115
0.134079
0.132813
0.131351
0.129648
0.127667
0.125382
0.122769
0.119804
0.116438
0.112645
0.184666
0.185287
0.185872
0.000000
0.000000
0.000000
0.099838
0.102776
0.105363
0.107621
0.109570
0.111231
0.112625
0.113768
0.114661
0.115326
0.115769
0.115991
0.115991
0.115769
0.115326
0.114661
0.113768
0.112625
0.111231
0.109570
0.107621
0.105363
0.102776
0.099838
0.000000
0.000000
0.000000
0.185872
0.185287
0.184666
0.177804
0.178787
0.179695
0.180497
0.181219
0.181889
0.182450
0.182953
0.183410
0.183822
0.184150
0.184406
0.184625
0.184808
0.184954
0.185063
0.185137
0.185173
0.185173
0.185137
0.185063
0.184954
0.184808
0.184625
0.184406
0.184150
0.183822
0.183410
0.182953
0.182450
0.181889
0.181219
0.180497
0.179695
0.178787
0.177804
0.167283
0.168786
0.170163
0.171385
0.172485
0.173463
0.174334
0.175089
0.175776
0.176358
0.176858
0.177295
0.177669
0.177982
0.178210
0.178381
0.178494
0.178551
0.178551
0.178494
0.178381
0.178210
0.177982
0.177669
0.177295
0.176858
0.176358
0.175776
0.175089
0.174334
0.173463
0.172485
0.171385
0.170163
0.168786
0.167283
