0.172160
0.173852
0.175319
0.176621
0.177778
0.178775
0.179677
0.180458
0.181141
0.181755
0.182267
0.182691
0.183054
0.183357
0.183599
0.183781
0.183902
0.183962
0.183962
0.183902
0.183781
0.183599
0.183357
0.183054
0.182691
0.182267
0.181755
0.181141
0.180458
0.179677
0.178775
0.177778
0.176621
0.175319
0.173852
0.172160
0.174817
0.176330
0.177653
0.178812
0.179865
0.180766
0.181585
0.182298
0.182904
0.183449
0.183934
0.184286
0.184576
0.184819
0.185012
0.185157
0.185254
0.185303
0.185303
0.185254
0.185157
0.185012
0.184819
0.184576
0.184286
0.183934
0.183449
0.182904
0.182298
0.181585
0.180766
0.179865
0.178812
0.177653
0.176330
0.174817
0.177115
0.178474
0.179678
0.180733
0.181689
0.182512
0.183239
0.183906
0.184409
0.184845
0.185232
0.185572
0.185862
0.000000
0.000000
0.000000
0.000000
0.000000
0.000000
0.000000
0.000000
0.000000
0.000000
0.185862
0.185572
0.185232
0.184845
0.184409
0.183906
0.183239
0.182512
0.181689
0.180733
0.179678
0.178474
0.177115
0.179115
0.180358
0.181452
0.182424
0.183272
0.184048
0.184629
0.185163
0.185647
0.000000
0.000000
0.000000
0.000000
0.000000
0.000000
0.098622
0.099351
0.099716
0.099716
0.099351
0.098622
0.000000
0.000000
0.000000
0.000000
0.000000
0.000000
0.185647
0.185163
0.184629
0.184048
0.183272
0.182424
0.181452
0.180358
0.179115
0.180874
0.182032
0.183002
0.183912
0.184608
0.185239
0.185820
0.000000
0.000000
0.000000
0.098472
0.101001
0.103112
0.104831
0.106183
0.107175
0.107836
0.108162
0.108162
0.107836
0.107175
0.106183
0.104831
0.103112
0.101001
0.098472
0.000000
0.000000
0.000000
0.185820
0.185239
0.184608
0.183912
0.183002
0.182032
0.180874
0.182430
0.183461
0.184345
0.185073
0.185752
0.000000
0.000000
0.000000
0.100859
0.104018
0.106714
0.109001
0.110906
0.112456
0.113670
0.114563
0.115152
0.115446
0.115446
0.115152
0.114563
0.113670
0.112456
0.110906
0.109001
0.106714
0.104018
0.100859
0.000000
0.000000
0.000000
0.185752
0.185073
0.184345
0.183461
0.182430
0.183800
0.184664
0.185441
0.000000
0.000000
0.000000
0.101433
0.105245
0.108557
0.111414
0.113860
0.115925
0.117637
0.119025
0.120121
0.120916
0.121445
0.121710
0.121710
0.121445
0.120916
0.120121
0.119025
0.117637
0.115925
0.113860
0.111414
0.108557
0.105245
0.101433
0.000000
0.000000
0.000000
0.185441
0.184664
0.183800
0.184887
0.185713
0.000000
0.000000
0.100227
0.104778
0.108760
0.112231
0.115230
0.117820
0.120027
0.121882
0.123412
0.124653
0.125625
0.126336
0.126797
0.127027
0.127027
0.126797
0.126336
0.125625
0.124653
0.123412
0.121882
0.120027
0.117820
0.115230
0.112231
0.108760
0.104778
0.100227
0.000000
0.000000
0.185713
0.184887
0.185888
0.000000
0.000000
0.102579
0.107337
0.111500
0.115126
0.118280
0.120995
0.123326
0.125300
0.126950
0.128315
0.129402
0.130254
0.130863
0.131270
0.131473
0.131473
0.131270
0.130863
0.130254
0.129402
0.128315
0.126950
0.125300
0.123326
0.120995
0.118280
0.115126
0.111500
0.107337
0.102579
0.000000
0.000000
0.185888
0.000000
0.098504
0.104193
0.109175
0.113537
0.117338
0.120642
0.123496
0.125950
0.128027
0.129767
0.131205
0.132394
0.133335
0.134080
0.134597
0.134942
0.135115
0.135115
0.134942
0.134597
0.134080
0.133335
0.132394
0.131205
0.129767
0.128027
0.125950
0.123496
0.120642
0.117338
0.113537
0.109175
0.104193
0.098504
0.000000
0.099106
0.105095
0.110345
0.114927
0.118924
0.122396
0.125386
0.127957
0.130126
0.131957
0.133466
0.134718
0.135753
0.136559
0.137186
0.137655
0.137969
0.138113
0.138113
0.137969
0.137655
0.137186
0.136559
0.135753
0.134718
0.133466
0.131957
0.130126
0.127957
0.125386
0.122396
0.118924
0.114927
0.110345
0.105095
0.099106
0.105322
0.110869
0.115717
0.119939
0.123590
0.126732
0.129417
0.131693
0.133599
0.135186
0.136515
0.137611
0.138496
0.139201
0.139765
0.140169
0.140422
0.140548
0.140548
0.140422
0.140169
0.139765
0.139201
0.138496
0.137611
0.136515
0.135186
0.133599
0.131693
0.129417
0.126732
0.123590
0.119939
0.115717
0.110869
0.105322
0.110769
0.115920
0.120391
0.124266
0.127588
0.130414
0.132792
0.134793
0.136471
0.137882
0.139022
0.140009
0.140768
0.141400
0.141906
0.142256
0.142483
0.142596
0.142596
0.142483
0.142256
0.141906
0.141400
0.140768
0.140009
0.139022
0.137882
0.136471
0.134793
0.132792
0.130414
0.127588
0.124266
0.120391
0.115920
0.110769
0.115536
0.120313
0.124439
0.127985
0.130968
0.133495
0.135610
0.137370
0.138845
0.140103
0.141115
0.142000
0.142682
0.143249
0.143703
0.144040
0.144246
0.144349
0.144349
0.144246
0.144040
0.143703
0.143249
0.142682
0.142000
0.141115
0.140103
0.138845
0.137370
0.135610
0.133495
0.130968
0.127985
0.124439
0.120313
0.115536
0.119694
0.124127
0.127922
0.131117
0.133822
0.136076
0.137958
0.139516
0.140831
0.141970
0.142882
0.143677
0.144325
0.144840
0.145251
0.145560
0.145766
0.145869
0.145869
0.145766
0.145560
0.145251
0.144840
0.144325
0.143677
0.142882
0.141970
0.140831
0.139516
0.137958
0.136076
0.133822
0.131117
0.127922
0.124127
0.119694
0.123299
0.127398
0.130861
0.133775
0.136194
0.138211
0.139906
0.141308
0.142515
0.143538
0.144405
0.145126
0.145744
0.146240
0.146621
0.146907
0.147098
0.147193
0.147193
0.147098
0.146907
0.146621
0.146240
0.145744
0.145126
0.144405
0.143538
0.142515
0.141308
0.139906
0.138211
0.136194
0.133775
0.130861
0.127398
0.123299
0.126414
0.130199
0.133352
0.136000
0.138178
0.140014
0.141533
0.142831
0.143968
0.144898
0.145723
0.146411
0.146983
0.147460
0.147842
0.148122
0.148304
0.148395
0.148395
0.148304
0.148122
0.147842
0.147460
0.146983
0.146411
0.145723
0.144898
0.143968
0.142831
0.141533
0.140014
0.138178
0.136000
0.133352
0.130199
0.126414
0.129070
0.132553
0.135442
0.137849
0.139843
0.141506
0.142922
0.144156
0.145187
0.146106
0.146870
0.147538
0.148105
0.148560
0.148924
0.149197
0.149379
0.149470
0.149470
0.149379
0.149197
0.148924
0.148560
0.148105
0.147538
0.146870
0.146106
0.145187
0.144156
0.142922
0.141506
0.139843
0.137849
0.135442
0.132553
0.129070
0.131327
0.134539
0.137187
0.139390
0.141227
0.142785
0.144136
0.145271
0.146280
0.147139
0.147902
0.148544
0.149091
0.149546
0.149910
0.150181
0.150362
0.150452
0.150452
0.150362
0.150181
0.149910
0.149546
0.149091
0.148544
0.147902
0.147139
0.146280
0.145271
0.144136
0.142785
0.141227
0.139390
0.137187
0.134539
0.131327
0.133226
0.136212
0.138654
0.140696
0.142423
0.143902
0.145149
0.146263
0.147218
0.148074
0.148802
0.149440
0.149987
0.150438
0.150798
0.151068
0.151249
0.151339
0.151339
0.151249
0.151068
0.150798
0.150438
0.149987
0.149440
0.148802
0.148074
0.147218
0.146263
0.145149
0.143902
0.142423
0.140696
0.138654
0.136212
0.133226
0.134814
0.137597
0.139901
0.141814
0.143427
0.144822
0.146056
0.147107
0.148060
0.148880
0.149609
0.150244
0.150785
0.151236
0.151597
0.151867
0.152049
0.152141
0.152141
0.152049
0.151867
0.151597
0.151236
0.150785
0.150244
0.149609
0.148880
0.148060
0.147107
0.146056
0.144822
0.143427
0.141814
0.139901
0.137597
0.134814
0.136152
0.138744
0.140904
0.142725
0.144290
0.145632
0.146806
0.147857
0.148775
0.149596
0.150322
0.150953
0.151494
0.151946
0.152314
0.152591
0.152776
0.152869
0.152869
0.152776
0.152591
0.152314
0.151946
0.151494
0.150953
0.150322
0.149596
0.148775
0.147857
0.146806
0.145632
0.144290
0.142725
0.140904
0.138744
0.136152
0.137226
0.139711
0.141772
0.143505
0.144997
0.146315
0.147462
0.148490
0.149402
0.150220
0.150942
0.151574
0.152118
0.152581
0.152950
0.153228
0.153413
0.153505
0.153505
0.153413
0.153228
0.152950
0.152581
0.152118
0.151574
0.150942
0.150220
0.149402
0.148490
0.147462
0.146315
0.144997
0.143505
0.141772
0.139711
0.137226
0.138130
0.140483
0.142462
0.144156
0.145603
0.146876
0.148022
0.149026
0.149938
0.150751
0.151473
0.152108
0.152663
0.153126
0.153496
0.153774
0.153959
0.154054
0.154054
0.153959
0.153774
0.153496
0.153126
0.152663
0.152108
0.151473
0.150751
0.149938
0.149026
0.148022
0.146876
0.145603
0.144156
0.142462
0.140483
0.138130
0.138818
0.141100
0.143017
0.144659
0.146099
0.147342
0.148468
0.149472
0.150381
0.151193
0.151916
0.152562
0.153117
0.153580
0.153950
0.154240
0.154435
0.154532
0.154532
0.154435
0.154240
0.153950
0.153580
0.153117
0.152562
0.151916
0.151193
0.150381
0.149472
0.148468
0.147342
0.146099
0.144659
0.143017
0.141100
0.138818
0.139365
0.141592
0.143459
0.145060
0.146470
0.147715
0.148824
0.149828
0.150733
0.151546
0.152276
0.152924
0.153480
0.153943
0.154330
0.154622
0.154817
0.154915
0.154915
0.154817
0.154622
0.154330
0.153943
0.153480
0.152924
0.152276
0.151546
0.150733
0.149828
0.148824
0.147715
0.146470
0.145060
0.143459
0.141592
0.139365
0.139773
0.141958
0.143788
0.145360
0.146748
0.147993
0.149089
0.150093
0.150997
0.151810
0.152547
0.153195
0.153751
0.154225
0.154616
0.154908
0.155104
0.155201
0.155201
0.155104
0.154908
0.154616
0.154225
0.153751
0.153195
0.152547
0.151810
0.150997
0.150093
0.149089
0.147993
0.146748
0.145360
0.143788
0.141958
0.139773
0.140036
0.142178
0.144004
0.145557
0.146931
0.148168
0.149264
0.150267
0.151171
0.151985
0.152726
0.153374
0.153931
0.154415
0.154805
0.155098
0.155293
0.155391
0.155391
0.155293
0.155098
0.154805
0.154415
0.153931
0.153374
0.152726
0.151985
0.151171
0.150267
0.149264
0.148168
0.146931
0.145557
0.144004
0.142178
0.140036
0.140150
0.142281
0.144098
0.145651
0.147019
0.148252
0.149349
0.150351
0.151256
0.152072
0.152813
0.153462
0.154020
0.154508
0.154898
0.155191
0.155387
0.155484
0.155484
0.155387
0.155191
0.154898
0.154508
0.154020
0.153462
0.152813
0.152072
0.151256
0.150351
0.149349
0.148252
0.147019
0.145651
0.144098
0.142281
0.140150
0.140137
0.142271
0.144089
0.145643
0.147012
0.148246
0.149344
0.150346
0.151251
0.152067
0.152809
0.153458
0.154016
0.154504
0.154895
0.155188
0.155383
0.155481
0.155481
0.155383
0.155188
0.154895
0.154504
0.154016
0.153458
0.152809
0.152067
0.151251
0.150346
0.149344
0.148246
0.147012
0.145643
0.144089
0.142271
0.140137
0.139999
0.142147
0.143976
0.145533
0.146910
0.148150
0.149248
0.150251
0.151157
0.151971
0.152713
0.153362
0.153919
0.154403
0.154794
0.155088
0.155283
0.155381
0.155381
0.155283
0.155088
0.154794
0.154403
0.153919
0.153362
0.152713
0.151971
0.151157
0.150251
0.149248
0.148150
0.146910
0.145533
0.143976
0.142147
0.139999
0.139704
0.141901
0.143740
0.145319
0.146713
0.147961
0.149061
0.150067
0.150972
0.151788
0.152525
0.153175
0.153732
0.154206
0.154597
0.154890
0.155086
0.155184
0.155184
0.155086
0.154890
0.154597
0.154206
0.153732
0.153175
0.152525
0.151788
0.150972
0.150067
0.149061
0.147961
0.146713
0.145319
0.143740
0.141901
0.139704
0.139268
0.141510
0.143391
0.145003
0.146421
0.147669
0.148783
0.149790
0.150699
0.151514
0.152245
0.152895
0.153452
0.153916
0.154303
0.154596
0.154792
0.154890
0.154890
0.154792
0.154596
0.154303
0.153916
0.153452
0.152895
0.152245
0.151514
0.150699
0.149790
0.148783
0.147669
0.146421
0.145003
0.143391
0.141510
0.139268
0.138690
0.140994
0.142928
0.144584
0.146034
0.147282
0.148415
0.149422
0.150335
0.151150
0.151876
0.152523
0.153080
0.153545
0.153916
0.154205
0.154401
0.154499
0.154499
0.154401
0.154205
0.153916
0.153545
0.153080
0.152523
0.151876
0.151150
0.150335
0.149422
0.148415
0.147282
0.146034
0.144584
0.142928
0.140994
0.138690
0.137969
0.140351
0.142351
0.144062
0.145515
0.146800
0.147953
0.148963
0.149880
0.150697
0.151422
0.152058
0.152616
0.153081
0.153452
0.153731
0.153917
0.154010
0.154010
0.153917
0.153731
0.153452
0.153081
0.152616
0.152058
0.151422
0.150697
0.149880
0.148963
0.147953
0.146800
0.145515
0.144062
0.142351
0.140351
0.137969
0.137013
0.139532
0.141622
0.143379
0.144891
0.146223
0.147376
0.148413
0.149330
0.150153
0.150879
0.151514
0.152059
0.152524
0.152896
0.153175
0.153361
0.153454
0.153454
0.153361
0.153175
0.152896
0.152524
0.152059
0.151514
0.150879
0.150153
0.149330
0.148413
0.147376
0.146223
0.144891
0.143379
0.141622
0.139532
0.137013
0.135890
0.138531
0.140726
0.142575
0.144163
0.145513
0.146703
0.147760
0.148688
0.149514
0.150245
0.150880
0.151425
0.151878
0.152247
0.152526
0.152712
0.152805
0.152805
0.152712
0.152526
0.152247
0.151878
0.151425
0.150880
0.150245
0.149514
0.148688
0.147760
0.146703
0.145513
0.144163
0.142575
0.140726
0.138531
0.135890
0.134490
0.137320
0.139668
0.141618
0.143262
0.144682
0.145929
0.146992
0.147954
0.148782
0.149516
0.150156
0.150701
0.151155
0.151518
0.151790
0.151972
0.152064
0.152064
0.151972
0.151790
0.151518
0.151155
0.150701
0.150156
0.149516
0.148782
0.147954
0.146992
0.145929
0.144682
0.143262
0.141618
0.139668
0.137320
0.134490
0.132818
0.135882
0.138384
0.140468
0.142231
0.143721
0.144995
0.146128
0.147090
0.147956
0.148692
0.149335
0.149886
0.150341
0.150704
0.150977
0.151158
0.151249
0.151249
0.151158
0.150977
0.150704
0.150341
0.149886
0.149335
0.148692
0.147956
0.147090
0.146128
0.144995
0.143721
0.142231
0.140468
0.138384
0.135882
0.132818
0.130823
0.134136
0.136843
0.139097
0.140980
0.142576
0.143953
0.145101
0.146130
0.146997
0.147767
0.148420
0.148971
0.149430
0.149798
0.150072
0.150254
0.150345
0.150345
0.150254
0.150072
0.149798
0.149430
0.148971
0.148420
0.147767
0.146997
0.146130
0.145101
0.143953
0.142576
0.140980
0.139097
0.136843
0.134136
0.130823
0.128457
0.132052
0.135009
0.137477
0.139527
0.141238
0.142693
0.143956
0.145000
0.145937
0.146712
0.147386
0.147963
0.148424
0.148792
0.149067
0.149251
0.149343
0.149343
0.149251
0.149067
0.148792
0.148424
0.147963
0.147386
0.146712
0.145937
0.145000
0.143956
0.142693
0.141238
0.139527
0.137477
0.135009
0.132052
0.128457
0.125663
0.129558
0.132815
0.135535
0.137797
0.139673
0.141242
0.142582
0.143730
0.144692
0.145525
0.146235
0.146812
0.147294
0.147679
0.147968
0.148154
0.148246
0.148246
0.148154
0.147968
0.147679
0.147294
0.146812
0.146235
0.145525
0.144692
0.143730
0.142582
0.141242
0.139673
0.137797
0.135535
0.132815
0.129558
0.125663
0.122389
0.126616
0.130207
0.133200
0.135713
0.137802
0.139535
0.140991
0.142243
0.143276
0.144177
0.144906
0.145530
0.146047
0.146433
0.146722
0.146914
0.147011
0.147011
0.146914
0.146722
0.146433
0.146047
0.145530
0.144906
0.144177
0.143276
0.142243
0.140991
0.139535
0.137802
0.135713
0.133200
0.130207
0.126616
0.122389
0.118592
0.123165
0.127087
0.130417
0.133205
0.135544
0.137490
0.139112
0.140485
0.141637
0.142593
0.143397
0.144079
0.144599
0.145016
0.145329
0.145537
0.145641
0.145641
0.145537
0.145329
0.145016
0.144599
0.144079
0.143397
0.142593
0.141637
0.140485
0.139112
0.137490
0.135544
0.133205
0.130417
0.127087
0.123165
0.118592
0.114221
0.119154
0.123428
0.127093
0.130218
0.132831
0.135027
0.136863
0.138405
0.139691
0.140748
0.141644
0.142370
0.142945
0.143405
0.143750
0.143980
0.144086
0.144086
0.143980
0.143750
0.143405
0.142945
0.142370
0.141644
0.140748
0.139691
0.138405
0.136863
0.135027
0.132831
0.130218
0.127093
0.123428
0.119154
0.114221
0.109194
0.114525
0.119160
0.123178
0.126633
0.129580
0.132076
0.134161
0.135911
0.137348
0.138557
0.139557
0.140372
0.141013
0.141525
0.141909
0.142149
0.142264
0.142264
0.142149
0.141909
0.141525
0.141013
0.140372
0.139557
0.138557
0.137348
0.135911
0.134161
0.132076
0.129580
0.126633
0.123178
0.119160
0.114525
0.109194
0.103440
0.109200
0.114234
0.118611
0.122413
0.125691
0.128487
0.130855
0.132850
0.134521
0.135922
0.137041
0.137994
0.138710
0.139282
0.139711
0.139997
0.140125
0.140125
0.139997
0.139711
0.139282
0.138710
0.137994
0.137041
0.135922
0.134521
0.132850
0.130855
0.128487
0.125691
0.122413
0.118611
0.114234
0.109200
0.103440
0.000000
0.103094
0.108555
0.113326
0.117486
0.121097
0.124224
0.126891
0.129162
0.131075
0.132672
0.134008
0.135059
0.135935
0.136576
0.137053
0.137371
0.137530
0.137530
0.137371
0.137053
0.136576
0.135935
0.135059
0.134008
0.132672
0.131075
0.129162
0.126891
0.124224
0.121097
0.117486
0.113326
0.108555
0.103094
0.000000
0.000000
0.000000
0.102043
0.107238
0.111790
0.115755
0.119196
0.122182
0.124732
0.126906
0.128736
0.130264
0.131503
0.132495
0.133260
0.133833
0.134197
0.134373
0.134373
0.134197
0.133833
0.133260
0.132495
0.131503
0.130264
0.128736
0.126906
0.124732
0.122182
0.119196
0.115755
0.111790
0.107238
0.102043
0.000000
0.000000
0.185530
0.000000
0.000000
0.100246
0.105215
0.109567
0.113357
0.116649
0.119494
0.121938
0.124009
0.125738
0.127158
0.128311
0.129195
0.129858
0.130281
0.130487
0.130487
0.130281
0.129858
0.129195
0.128311
0.127158
0.125738
0.124009
0.121938
0.119494
0.116649
0.113357
0.109567
0.105215
0.100246
0.000000
0.000000
0.185530
0.184495
0.185334
0.000000
0.000000
0.000000
0.102431
0.106600
0.110235
0.113377
0.116089
0.118395
0.120341
0.121959
0.123254
0.124276
0.125017
0.125511
0.125758
0.125758
0.125511
0.125017
0.124276
0.123254
0.121959
0.120341
0.118395
0.116089
0.113377
0.110235
0.106600
0.102431
0.000000
0.000000
0.000000
0.185334
0.184495
0.183262
0.184250
0.185040
0.185781
0.000000
0.000000
0.098806
0.102807
0.106286
0.109282
0.111850
0.114018
0.115816
0.117272
0.118418
0.119258
0.119818
0.120095
0.120095
0.119818
0.119258
0.118418
0.117272
0.115816
0.114018
0.111850
0.109282
0.106286
0.102807
0.098806
0.000000
0.000000
0.185781
0.185040
0.184250
0.183262
0.181822
0.182893
0.183882
0.184647
0.185338
0.185981
0.000000
0.000000
0.098088
0.101400
0.104245
0.106649
0.108652
0.110283
0.111558
0.112499
0.113117
0.113427
0.113427
0.113117
0.112499
0.111558
0.110283
0.108652
0.106649
0.104245
0.101400
0.098088
0.000000
0.000000
0.185981
0.185338
0.184647
0.183882
0.182893
0.181822
0.180151
0.181337
0.182401
0.183328
0.184155
0.184798
0.185391
0.185935
0.000000
0.000000
0.000000
0.098116
0.100340
0.102153
0.103571
0.104620
0.105312
0.105658
0.105658
0.105312
0.104620
0.103571
0.102153
0.100340
0.098116
0.000000
0.000000
0.000000
0.185935
0.185391
0.184798
0.184155
0.183328
0.182401
0.181337
0.180151
0.178249
0.179555
0.180712
0.181758
0.182651
0.183455
0.184158
0.184702
0.185196
0.185642
0.000000
0.000000
0.000000
0.000000
0.000000
0.000000
0.000000
0.000000
0.000000
0.000000
0.000000
0.000000
0.000000
0.000000
0.000000
0.000000
0.185642
0.185196
0.184702
0.184158
0.183455
0.182651
0.181758
0.180712
0.179555
0.178249
0.176081
0.177517
0.178789
0.179942
0.180924
0.181832
0.182593
0.183274
0.183893
0.184359
0.184755
0.185101
0.185398
0.185646
0.185843
0.185992
0.000000
0.000000
0.000000
0.000000
0.185992
0.185843
0.185646
0.185398
0.185101
0.184755
0.184359
0.183893
0.183274
0.182593
0.181832
0.180924
0.179942
0.178789
0.177517
0.176081
0.173543
0.175163
0.176591
0.177858
0.178947
0.179946
0.180789
0.181557
0.182226
0.182783
0.183278
0.183712
0.184066
0.184314
0.184512
0.184660
0.184759
0.184809
0.184809
0.184759
0.184660
0.184512
0.184314
0.184066
0.183712
0.183278
0.182783
0.182226
0.181557
0.180789
0.179946
0.178947
0.177858
0.176591
0.175163
0.173543
0.170588
0.172427
0.174051
0.175445
0.176679
0.177778
0.178721
0.179566
0.180305
0.180933
0.181492
0.181981
0.182355
0.182664
0.182912
0.183098
0.183221
0.183283
0.183283
0.183221
0.183098
0.182912
0.182664
0.182355
0.181981
0.181492
0.180933
0.180305
0.179566
0.178721
0.177778
0.176679
0.175445
0.174051
0.172427
0.170588
0.167194
0.169221
0.171033
0.172634
0.174055
0.175264
0.176346
0.177276
0.178110
0.178803
0.179418
0.179957
0.180380
0.180729
0.181009
0.181218
0.181358
0.181428
0.181428
0.181358
0.181218
0.181009
0.180729
0.180380
0.179957
0.179418
0.178803
0.178110
0.177276
0.176346
0.175264
0.174055
0.172634
0.171033
0.169221
0.167194
0.163500
0.165603
0.167564
0.169343
0.170927
0.172334
0.173557
0.174618
0.175549
0.176351
0.177028
0.177620
0.178116
0.178501
0.178809
0.179039
0.179193
0.179270
0.179270
0.179193
0.179039
0.178809
0.178501
0.178116
0.177620
0.177028
0.176351
0.175549
0.174618
0.173557
0.172334
0.170927
0.169343
0.167564
0.165603
0.163500
0.159796
0.161794
0.163749
0.165607
0.167324
0.168878
0.170271
0.171485
0.172544
0.173461
0.174252
0.174904
0.175462
0.175928
0.176273
0.176527
0.176696
0.176781
0.176781
0.176696
0.176527
0.176273
0.175928
0.175462
0.174904
0.174252
0.173461
0.172544
0.171485
0.170271
0.168878
0.167324
0.165607
0.163749
0.161794
0.159796
0.156336
0.158122
0.159911
0.161680
0.163386
0.164992
0.166474
0.167820
0.169002
0.170057
0.170940
0.171713
0.172347
0.172857
0.173264
0.173570
0.173774
0.173876
0.173876
0.173774
0.173570
0.173264
0.172857
0.172347
0.171713
0.170940
0.170057
0.169002
0.167820
0.166474
0.164992
0.163386
0.161680
0.159911
0.158122
0.156336
0.153132
0.154750
0.156338
0.157908
0.159468
0.160975
0.162410
0.163760
0.164998
0.166114
0.167093
0.167950
0.168657
0.169245
0.169716
0.170064
0.170285
0.170396
0.170396
0.170285
0.170064
0.169716
0.169245
0.168657
0.167950
0.167093
0.166114
0.164998
0.163760
0.162410
0.160975
0.159468
0.157908
0.156338
0.154750
0.153132
0.150022
0.151564
0.153041
0.154459
0.155830
0.157179
0.158465
0.159696
0.160863
0.161928
0.162907
0.163767
0.164509
0.165130
0.165627
0.166000
0.166245
0.166367
0.166367
0.166245
0.166000
0.165627
0.165130
0.164509
0.163767
0.162907
0.161928
0.160863
0.159696
0.158465
0.157179
0.155830
0.154459
0.153041
0.151564
0.150022
0.146756
0.148373
0.149840
0.151203
0.152486
0.153695
0.154854
0.155932
0.156975
0.157917
0.158807
0.159591
0.160278
0.160870
0.161343
0.161699
0.161935
0.162056
0.162056
0.161935
0.161699
0.161343
0.160870
0.160278
0.159591
0.158807
0.157917
0.156975
0.155932
0.154854
0.153695
0.152486
0.151203
0.149840
0.148373
0.146756
0.142981
0.144843
0.146469
0.147911
0.149200
0.150389
0.151478
0.152489
0.153420
0.154271
0.155055
0.155741
0.156352
0.156876
0.157295
0.157609
0.157818
0.157923
0.157923
0.157818
0.157609
0.157295
0.156876
0.156352
0.155741
0.155055
0.154271
0.153420
0.152489
0.151478
0.150389
0.149200
0.147911
0.146469
0.144843
0.142981
0.138177
0.140539
0.142524
0.144221
0.145677
0.146952
0.148102
0.149111
0.150029
0.150847
0.151573
0.152214
0.152773
0.153238
0.153611
0.153890
0.154080
0.154178
0.154178
0.154080
0.153890
0.153611
0.153238
0.152773
0.152214
0.151573
0.150847
0.150029
0.149111
0.148102
0.146952
0.145677
0.144221
0.142524
0.140539
0.138177
0.131553
0.134755
0.137405
0.139604
0.141435
0.142984
0.144327
0.145472
0.146474
0.147340
0.148105
0.148748
0.149299
0.149758
0.150124
0.150397
0.150578
0.150669
0.150669
0.150578
0.150397
0.150124
0.149758
0.149299
0.148748
0.148105
0.147340
0.146474
0.145472
0.144327
0.142984
0.141435
0.139604
0.137405
0.134755
0.131553
0.122533
0.126744
0.130317
0.133301
0.135804
0.137883
0.139607
0.141054
0.142299
0.143332
0.144227
0.144955
0.145579
0.146092
0.146478
0.146766
0.146959
0.147055
0.147055
0.146959
0.146766
0.146478
0.146092
0.145579
0.144955
0.144227
0.143332
0.142299
0.141054
0.139607
0.137883
0.135804
0.133301
0.130317
0.126744
0.122533
0.110981
0.116172
0.120673
0.124567
0.127912
0.130730
0.133112
0.135108
0.136776
0.138183
0.139325
0.140291
0.141058
0.141698
0.142188
0.142533
0.142762
0.142877
0.142877
0.142762
0.142533
0.142188
0.141698
0.141058
0.140291
0.139325
0.138183
0.136776
0.135108
0.133112
0.130730
0.127912
0.124567
0.120673
0.116172
0.110981
0.000000
0.102927
0.108392
0.113163
0.117326
0.120942
0.124076
0.126746
0.129022
0.130940
0.132544
0.133879
0.134938
0.135812
0.136464
0.136939
0.137257
0.137415
0.137415
0.137257
0.136939
0.136464
0.135812
0.134938
0.133879
0.132544
0.130940
0.129022
0.126746
0.124076
0.120942
0.117326
0.113163
0.108392
0.102927
0.000000
0.185361
0.000000
0.000000
0.098939
0.103983
0.108390
0.112238
0.115579
0.118468
0.120944
0.123051
0.124819
0.126282
0.127452
0.128365
0.129027
0.129468
0.129688
0.129688
0.129468
0.129027
0.128365
0.127452
0.126282
0.124819
0.123051
0.120944
0.118468
0.115579
0.112238
0.108390
0.103983
0.098939
0.000000
0.000000
0.185361
0.183051
0.184079
0.184867
0.185606
0.000000
0.000000
0.000000
0.101496
0.105017
0.108064
0.110660
0.112858
0.114686
0.116175
0.117332
0.118193
0.118751
0.119031
0.119031
0.118751
0.118193
0.117332
0.116175
0.114686
0.112858
0.110660
0.108064
0.105017
0.101496
0.000000
0.000000
0.000000
0.185606
0.184867
0.184079
0.183051
0.180124
0.181306
0.182371
0.183296
0.184127
0.184767
0.185359
0.185901
0.000000
0.000000
0.000000
0.000000
0.100049
0.101860
0.103278
0.104330
0.105020
0.105365
0.105365
0.105020
0.104330
0.103278
0.101860
0.100049
0.000000
0.000000
0.000000
0.000000
0.185901
0.185359
0.184767
0.184127
0.183296
0.182371
0.181306
0.180124
0.176558
0.177989
0.179215
0.180330
0.181304
0.182184
0.182924
0.183603
0.184175
0.184619
0.185013
0.185359
0.185654
0.185901
0.000000
0.000000
0.000000
0.000000
0.000000
0.000000
0.000000
0.000000
0.185901
0.185654
0.185359
0.185013
0.184619
0.184175
0.183603
0.182924
0.182184
0.181304
0.180330
0.179215
0.177989
0.176558
0.172192
0.173916
0.175405
0.176722
0.177901
0.178906
0.179825
0.180606
0.181302
0.181928
0.182430
0.182862
0.183232
0.183540
0.183787
0.183972
0.184076
0.184126
0.184126
0.184076
0.183972
0.183787
0.183540
0.183232
0.182862
0.182430
0.181928
0.181302
0.180606
0.179825
0.178906
0.177901
0.176722
0.175405
0.173916
0.172192
0.166800
0.168835
0.170664
0.172288
0.173708
0.174938
0.176045
0.176972
0.177814
0.178520
0.179134
0.179670
0.180118
0.180466
0.180744
0.180953
0.181092
0.181162
0.181162
0.181092
0.180953
0.180744
0.180466
0.180118
0.179670
0.179134
0.178520
0.177814
0.176972
0.176045
0.174938
0.173708
0.172288
0.170664
0.168835
0.166800
0.160949
0.162986
0.164950
0.166792
0.168477
0.169998
0.171317
0.172486
0.173501
0.174378
0.175120
0.175769
0.176295
0.176717
0.177054
0.177306
0.177475
0.177559
0.177559
0.177475
0.177306
0.177054
0.176717
0.176295
0.175769
0.175120
0.174378
0.173501
0.172486
0.171317
0.169998
0.168477
0.166792
0.164950
0.162986
0.160949
0.155624
0.157369
0.159107
0.160822
0.162489
0.164077
0.165561
0.166907
0.168120
0.169173
0.170103
0.170873
0.171533
0.172076
0.172482
0.172787
0.172990
0.173091
0.173091
0.172990
0.172787
0.172482
0.172076
0.171533
0.170873
0.170103
0.169173
0.168120
0.166907
0.165561
0.164077
0.162489
0.160822
0.159107
0.157369
0.155624
0.150933
0.152480
0.153961
0.155421
0.156840
0.158208
0.159544
0.160814
0.161993
0.163092
0.164071
0.164936
0.165678
0.166292
0.166779
0.167145
0.167389
0.167511
0.167511
0.167389
0.167145
0.166779
0.166292
0.165678
0.164936
0.164071
0.163092
0.161993
0.160814
0.159544
0.158208
0.156840
0.155421
0.153961
0.152480
0.150933
0.146195
0.147822
0.149291
0.150653
0.151918
0.153120
0.154243
0.155316
0.156311
0.157249
0.158089
0.158869
0.159538
0.160100
0.160572
0.160925
0.161161
0.161279
0.161279
0.161161
0.160925
0.160572
0.160100
0.159538
0.158869
0.158089
0.157249
0.156311
0.155316
0.154243
0.153120
0.151918
0.150653
0.149291
0.147822
0.146195
0.140320
0.142432
0.144234
0.145786
0.147142
0.148369
0.149465
0.150465
0.151369
0.152187
0.152928
0.153576
0.154139
0.154627
0.155017
0.155310
0.155505
0.155602
0.155602
0.155505
0.155310
0.155017
0.154627
0.154139
0.153576
0.152928
0.152187
0.151369
0.150465
0.149465
0.148369
0.147142
0.145786
0.144234
0.142432
0.140320
0.131641
0.134815
0.137447
0.139631
0.141450
0.142990
0.144327
0.145465
0.146463
0.147325
0.148087
0.148727
0.149275
0.149732
0.150096
0.150367
0.150548
0.150639
0.150639
0.150548
0.150367
0.150096
0.149732
0.149275
0.148727
0.148087
0.147325
0.146463
0.145465
0.144327
0.142990
0.141450
0.139631
0.137447
0.134815
0.131641
0.118631
0.123175
0.127073
0.130386
0.133160
0.135490
0.137429
0.139048
0.140419
0.141564
0.142523
0.143322
0.144006
0.144524
0.144938
0.145249
0.145456
0.145560
0.145560
0.145456
0.145249
0.144938
0.144524
0.144006
0.143322
0.142523
0.141564
0.140419
0.139048
0.137429
0.135490
0.133160
0.130386
0.127073
0.123175
0.118631
0.101051
0.106946
0.112107
0.116601
0.120516
0.123911
0.126811
0.129291
0.131386
0.133139
0.134601
0.135818
0.136782
0.137570
0.138181
0.138608
0.138892
0.139034
0.139034
0.138892
0.138608
0.138181
0.137570
0.136782
0.135818
0.134601
0.133139
0.131386
0.129291
0.126811
0.123911
0.120516
0.116601
0.112107
0.106946
0.101051
0.185258
0.000000
0.000000
0.098072
0.103129
0.107565
0.111435
0.114799
0.117713
0.120214
0.122340
0.124130
0.125600
0.126784
0.127715
0.128389
0.128828
0.129047
0.129047
0.128828
0.128389
0.127715
0.126784
0.125600
0.124130
0.122340
0.120214
0.117713
0.114799
0.111435
0.107565
0.103129
0.098072
0.000000
0.000000
0.185258
0.182071
0.183113
0.184075
0.184809
0.185495
0.000000
0.000000
0.000000
0.099125
0.102377
0.105160
0.107521
0.109484
0.111078
0.112332
0.113252
0.113866
0.114167
0.114167
0.113866
0.113252
0.112332
0.111078
0.109484
0.107521
0.105160
0.102377
0.099125
0.000000
0.000000
0.000000
0.185495
0.184809
0.184075
0.183113
0.182071
0.177848
0.179155
0.180339
0.181376
0.182305
0.183102
0.183838
0.184410
0.184900
0.185341
0.185733
0.000000
0.000000
0.000000
0.000000
0.000000
0.000000
0.000000
0.000000
0.000000
0.000000
0.000000
0.000000
0.000000
0.000000
0.185733
0.185341
0.184900
0.184410
0.183838
0.183102
0.182305
0.181376
0.180339
0.179155
0.177848
0.172448
0.174148
0.175621
0.176911
0.178075
0.179065
0.179979
0.180742
0.181434
0.182050
0.182541
0.182970
0.183338
0.183645
0.183890
0.184059
0.184157
0.184206
0.184206
0.184157
0.184059
0.183890
0.183645
0.183338
0.182970
0.182541
0.182050
0.181434
0.180742
0.179979
0.179065
0.178075
0.176911
0.175621
0.174148
0.172448
0.165542
0.167606
0.169482
0.171152
0.172629
0.173940
0.175051
0.176058
0.176896
0.177649
0.178290
0.178824
0.179281
0.179662
0.179967
0.180177
0.180316
0.180385
0.180385
0.180316
0.180177
0.179967
0.179662
0.179281
0.178824
0.178290
0.177649
0.176896
0.176058
0.175051
0.173940
0.172629
0.171152
0.169482
0.167606
0.165542
0.158329
0.160222
0.162099
0.163920
0.165639
0.167218
0.168644
0.169923
0.171021
0.172004
0.172811
0.173518
0.174113
0.174573
0.174942
0.175218
0.175403
0.175495
0.175495
0.175403
0.175218
0.174942
0.174573
0.174113
0.173518
0.172811
0.172004
0.171021
0.169923
0.168644
0.167218
0.165639
0.163920
0.162099
0.160222
0.158329
0.152225
0.153789
0.155327
0.156834
0.158303
0.159743
0.161133
0.162437
0.163651
0.164753
0.165736
0.166588
0.167314
0.167920
0.168388
0.168737
0.168970
0.169087
0.169087
0.168970
0.168737
0.168388
0.167920
0.167314
0.166588
0.165736
0.164753
0.163651
0.162437
0.161133
0.159743
0.158303
0.156834
0.155327
0.153789
0.152225
0.146432
0.148047
0.149498
0.150850
0.152110
0.153306
0.154433
0.155499
0.156500
0.157432
0.158279
0.159054
0.159719
0.160288
0.160757
0.161108
0.161343
0.161460
0.161460
0.161343
0.161108
0.160757
0.160288
0.159719
0.159054
0.158279
0.157432
0.156500
0.155499
0.154433
0.153306
0.152110
0.150850
0.149498
0.148047
0.146432
0.139040
0.141288
0.143176
0.144795
0.146217
0.147454
0.148568
0.149567
0.150470
0.151278
0.151996
0.152641
0.153193
0.153653
0.154023
0.154314
0.154508
0.154605
0.154605
0.154508
0.154314
0.154023
0.153653
0.153193
0.152641
0.151996
0.151278
0.150470
0.149567
0.148568
0.147454
0.146217
0.144795
0.143176
0.141288
0.139040
0.127096
0.130793
0.133897
0.136449
0.138578
0.140369
0.141886
0.143146
0.144254
0.145180
0.146002
0.146669
0.147240
0.147716
0.148092
0.148365
0.148546
0.148637
0.148637
0.148546
0.148365
0.148092
0.147716
0.147240
0.146669
0.146002
0.145180
0.144254
0.143146
0.141886
0.140369
0.138578
0.136449
0.133897
0.130793
0.127096
0.108718
0.114024
0.118634
0.122642
0.126105
0.129045
0.131550
0.133656
0.135411
0.136876
0.138117
0.139105
0.139952
0.140589
0.141095
0.141474
0.141727
0.141854
0.141854
0.141727
0.141474
0.141095
0.140589
0.139952
0.139105
0.138117
0.136876
0.135411
0.133656
0.131550
0.129045
0.126105
0.122642
0.118634
0.114024
0.108718
0.185829
0.000000
0.000000
0.102190
0.106976
0.111167
0.114820
0.118001
0.120732
0.123078
0.125067
0.126732
0.128112
0.129202
0.130069
0.130679
0.131087
0.131290
0.131290
0.131087
0.130679
0.130069
0.129202
0.128112
0.126732
0.125067
0.123078
0.120732
0.118001
0.114820
0.111167
0.106976
0.102190
0.000000
0.000000
0.185829
0.182128
0.183163
0.184109
0.184839
0.185521
0.000000
0.000000
0.000000
0.099205
0.102432
0.105197
0.107541
0.109491
0.111075
0.112321
0.113235
0.113844
0.114144
0.114144
0.113844
0.113235
0.112321
0.111075
0.109491
0.107541
0.105197
0.102432
0.099205
0.000000
0.000000
0.000000
0.185521
0.184839
0.184109
0.183163
0.182128
0.177029
0.178402
0.179612
0.180678
0.181640
0.182472
0.183203
0.183873
0.184385
0.184824
0.185213
0.185554
0.185846
0.000000
0.000000
0.000000
0.000000
0.000000
0.000000
0.000000
0.000000
0.000000
0.000000
0.185846
0.185554
0.185213
0.184824
0.184385
0.183873
0.183203
0.182472
0.181640
0.180678
0.179612
0.178402
0.177029
0.170247
0.172084
0.173687
0.175086
0.176333
0.177415
0.178375
0.179207
0.179964
0.180586
0.181136
0.181617
0.182026
0.182330
0.182574
0.182757
0.182879
0.182940
0.182940
0.182879
0.182757
0.182574
0.182330
0.182026
0.181617
0.181136
0.180586
0.179964
0.179207
0.178375
0.177415
0.176333
0.175086
0.173687
0.172084
0.170247
0.161748
0.163788
0.165738
0.167545
0.169180
0.170640
0.171942
0.173049
0.174047
0.174870
0.175602
0.176221
0.176720
0.177136
0.177469
0.177718
0.177885
0.177968
0.177968
0.177885
0.177718
0.177469
0.177136
0.176720
0.176221
0.175602
0.174870
0.174047
0.173049
0.171942
0.170640
0.169180
0.167545
0.165738
0.163788
0.161748
0.154103
0.155739
0.157366
0.158971
0.160540
0.162053
0.163500
0.164837
0.166056
0.167139
0.168097
0.168906
0.169599
0.170166
0.170600
0.170926
0.171143
0.171252
0.171252
0.171143
0.170926
0.170600
0.170166
0.169599
0.168906
0.168097
0.167139
0.166056
0.164837
0.163500
0.162053
0.160540
0.158971
0.157366
0.155739
0.154103
0.147449
0.149006
0.150443
0.151781
0.153055
0.154256
0.155411
0.156502
0.157530
0.158487
0.159367
0.160145
0.160843
0.161425
0.161890
0.162248
0.162489
0.162610
0.162610
0.162489
0.162248
0.161890
0.161425
0.160843
0.160145
0.159367
0.158487
0.157530
0.156502
0.155411
0.154256
0.153055
0.151781
0.150443
0.149006
0.147449
0.139186
0.141404
0.143267
0.144867
0.146274
0.147503
0.148607
0.149599
0.150495
0.151298
0.152012
0.152652
0.153200
0.153657
0.154024
0.154313
0.154506
0.154602
0.154602
0.154506
0.154313
0.154024
0.153657
0.153200
0.152652
0.152012
0.151298
0.150495
0.149599
0.148607
0.147503
0.146274
0.144867
0.143267
0.141404
0.139186
0.125057
0.128946
0.132230
0.134949
0.137224
0.139123
0.140720
0.142091
0.143217
0.144210
0.145027
0.145742
0.146328
0.146801
0.147179
0.147463
0.147652
0.147746
0.147746
0.147652
0.147463
0.147179
0.146801
0.146328
0.145742
0.145027
0.144210
0.143217
0.142091
0.140720
0.139123
0.137224
0.134949
0.132230
0.128946
0.125057
0.102554
0.108269
0.113264
0.117628
0.121421
0.124701
0.127520
0.129927
0.131953
0.133641
0.135043
0.136221
0.137155
0.137933
0.138500
0.138921
0.139201
0.139341
0.139341
0.139201
0.138921
0.138500
0.137933
0.137155
0.136221
0.135043
0.133641
0.131953
0.129927
0.127520
0.124701
0.121421
0.117628
0.113264
0.108269
0.102554
0.184471
0.185292
0.000000
0.000000
0.000000
0.101683
0.105806
0.109397
0.112514
0.115198
0.117494
0.119429
0.121034
0.122339
0.123351
0.124106
0.124590
0.124831
0.124831
0.124590
0.124106
0.123351
0.122339
0.121034
0.119429
0.117494
0.115198
0.112514
0.109397
0.105806
0.101683
0.000000
0.000000
0.000000
0.185292
0.184471
0.179522
0.180725
0.181816
0.182744
0.183590
0.184301
0.184881
0.185413
0.185896
0.000000
0.000000
0.000000
0.000000
0.000000
0.099365
0.100446
0.101156
0.101512
0.101512
0.101156
0.100446
0.099365
0.000000
0.000000
0.000000
0.000000
0.000000
0.185896
0.185413
0.184881
0.184301
0.183590
0.182744
0.181816
0.180725
0.179522
