0.132125
0.134564
0.136646
0.138426
0.139962
0.141243
0.142379
0.143350
0.144210
0.144930
0.145569
0.146119
0.146563
0.146933
0.147229
0.147451
0.147599
0.147673
0.147673
0.147599
0.147451
0.147229
0.146933
0.146563
0.146119
0.145569
0.144930
0.144210
0.143350
0.142379
0.141243
0.139962
0.138426
0.136646
0.134564
0.132125
0.135033
0.137194
0.139030
0.140605
0.141982
0.143131
0.144172
0.145052
0.145851
0.146529
0.147121
0.147639
0.148079
0.148432
0.148715
0.148927
0.149068
0.149138
0.149138
0.149068
0.148927
0.148715
0.148432
0.148079
0.147639
0.147121
0.146529
0.145851
0.145052
0.144172
0.143131
0.141982
0.140605
0.139030
0.137194
0.135033
0.137500
0.139416
0.141050
0.142471
0.143707
0.144774
0.145734
0.146569
0.147309
0.147976
0.148542
0.149036
0.149460
0.149813
0.150095
0.150304
0.150444
0.150514
0.150514
0.150444
0.150304
0.150095
0.149813
0.149460
0.149036
0.148542
0.147976
0.147309
0.146569
0.145734
0.144774
0.143707
0.142471
0.141050
0.139416
0.137500
0.139583
0.141299
0.142783
0.144097
0.145218
0.146239
0.147128
0.147943
0.148652
0.149288
0.149853
0.150344
0.150763
0.151113
0.151392
0.151602
0.151742
0.151812
0.151812
0.151742
0.151602
0.151392
0.151113
0.150763
0.150344
0.149853
0.149288
0.148652
0.147943
0.147128
0.146239
0.145218
0.144097
0.142783
0.141299
0.139583
0.141352
0.142920
0.144302
0.145503
0.146577
0.147540
0.148409
0.149187
0.149894
0.150524
0.151083
0.151573
0.151993
0.152351
0.152637
0.152852
0.152996
0.153067
0.153067
0.152996
0.152852
0.152637
0.152351
0.151993
0.151573
0.151083
0.150524
0.149894
0.149187
0.148409
0.147540
0.146577
0.145503
0.144302
0.142920
0.141352
0.142880
0.144347
0.145628
0.146767
0.147805
0.148733
0.149581
0.150355
0.151055
0.151684
0.152250
0.152752
0.153182
0.153540
0.153827
0.154044
0.154195
0.154271
0.154271
0.154195
0.154044
0.153827
0.153540
0.153182
0.152752
0.152250
0.151684
0.151055
0.150355
0.149581
0.148733
0.147805
0.146767
0.145628
0.144347
0.142880
0.144232
0.145594
0.146810
0.147923
0.148916
0.149836
0.150677
0.151447
0.152150
0.152795
0.153369
0.153871
0.154317
0.154695
0.154997
0.155223
0.155374
0.155450
0.155450
0.155374
0.155223
0.154997
0.154695
0.154317
0.153871
0.153369
0.152795
0.152150
0.151447
0.150677
0.149836
0.148916
0.147923
0.146810
0.145594
0.144232
0.145401
0.146706
0.147893
0.148959
0.149949
0.150859
0.151699
0.152481
0.153198
0.153844
0.154440
0.154969
0.155422
0.155800
0.156109
0.156351
0.156512
0.156593
0.156593
0.156512
0.156351
0.156109
0.155800
0.155422
0.154969
0.154440
0.153844
0.153198
0.152481
0.151699
0.150859
0.149949
0.148959
0.147893
0.146706
0.145401
0.146454
0.147715
0.148860
0.149922
0.150903
0.151813
0.152669
0.153459
0.154186
0.154866
0.155470
0.155999
0.156484
0.156887
0.157210
0.157453
0.157614
0.157695
0.157695
0.157614
0.157453
0.157210
0.156887
0.156484
0.155999
0.155470
0.154866
0.154186
0.153459
0.152669
0.151813
0.150903
0.149922
0.148860
0.147715
0.146454
0.147390
0.148621
0.149754
0.150807
0.151787
0.152715
0.153576
0.154385
0.155141
0.155822
0.156456
0.157021
0.157506
0.157909
0.158249
0.158508
0.158680
0.158767
0.158767
0.158680
0.158508
0.158249
0.157909
0.157506
0.157021
0.156456
0.155822
0.155141
0.154385
0.153576
0.152715
0.151787
0.150807
0.149754
0.148621
0.147390
0.148241
0.149445
0.150571
0.151622
0.152618
0.153551
0.154435
0.155267
0.156024
0.156751
0.157398
0.157963
0.158479
0.158911
0.159257
0.159516
0.159689
0.159775
0.159775
0.159689
0.159516
0.159257
0.158911
0.158479
0.157963
0.157398
0.156751
0.156024
0.155267
0.154435
0.153551
0.152618
0.151622
0.150571
0.149445
0.148241
0.148994
0.150196
0.151317
0.152378
0.153383
0.154334
0.155241
0.156079
0.156887
0.157614
0.158279
0.158884
0.159402
0.159834
0.160190
0.160465
0.160647
0.160739
0.160739
0.160647
0.160465
0.160190
0.159834
0.159402
0.158884
0.158279
0.157614
0.156887
0.156079
0.155241
0.154334
0.153383
0.152378
0.151317
0.150196
0.148994
0.149678
0.150873
0.151995
0.153072
0.154082
0.155066
0.155974
0.156861
0.157670
0.158425
0.159116
0.159722
0.160254
0.160711
0.161077
0.161351
0.161534
0.161626
0.161626
0.161534
0.161351
0.161077
0.160711
0.160254
0.159722
0.159116
0.158425
0.157670
0.156861
0.155974
0.155066
0.154082
0.153072
0.151995
0.150873
0.149678
0.150289
0.151481
0.152618
0.153696
0.154739
0.155723
0.156675
0.157564
0.158399
0.159177
0.159869
0.160502
0.161050
0.161508
0.161874
0.162153
0.162343
0.162438
0.162438
0.162343
0.162153
0.161874
0.161508
0.161050
0.160502
0.159869
0.159177
0.158399
0.157564
0.156675
0.155723
0.154739
0.153696
0.152618
0.151481
0.150289
0.150827
0.152020
0.153170
0.154262
0.155322
0.156327
0.157298
0.158201
0.159066
0.159844
0.160567
0.161208
0.161757
0.162222
0.162601
0.162886
0.163076
0.163171
0.163171
0.163076
0.162886
0.162601
0.162222
0.161757
0.161208
0.160567
0.159844
0.159066
0.158201
0.157298
0.156327
0.155322
0.154262
0.153170
0.152020
0.150827
0.151297
0.152502
0.153652
0.154770
0.155830
0.156870
0.157841
0.158782
0.159647
0.160451
0.161183
0.161824
0.162386
0.162861
0.163241
0.163525
0.163715
0.163810
0.163810
0.163715
0.163525
0.163241
0.162861
0.162386
0.161824
0.161183
0.160451
0.159647
0.158782
0.157841
0.156870
0.155830
0.154770
0.153652
0.152502
0.151297
0.151697
0.152912
0.154066
0.155203
0.156281
0.157334
0.158326
0.159278
0.160152
0.160976
0.161708
0.162362
0.162932
0.163406
0.163786
0.164072
0.164264
0.164360
0.164360
0.164264
0.164072
0.163786
0.163406
0.162932
0.162362
0.161708
0.160976
0.160152
0.159278
0.158326
0.157334
0.156281
0.155203
0.154066
0.152912
0.151697
0.152028
0.153252
0.154424
0.155561
0.156664
0.157717
0.158736
0.159689
0.160587
0.161411
0.162149
0.162813
0.163383
0.163858
0.164241
0.164529
0.164721
0.164817
0.164817
0.164721
0.164529
0.164241
0.163858
0.163383
0.162813
0.162149
0.161411
0.160587
0.159689
0.158736
0.157717
0.156664
0.155561
0.154424
0.153252
0.152028
0.152296
0.153520
0.154707
0.155844
0.156968
0.158022
0.159061
0.160015
0.160931
0.161755
0.162506
0.163171
0.163741
0.164219
0.164603
0.164891
0.165084
0.165180
0.165180
0.165084
0.164891
0.164603
0.164219
0.163741
0.163171
0.162506
0.161755
0.160931
0.160015
0.159061
0.158022
0.156968
0.155844
0.154707
0.153520
0.152296
0.152493
0.153717
0.154915
0.156056
0.157191
0.158261
0.159301
0.160268
0.161185
0.162010
0.162770
0.163435
0.164005
0.164486
0.164870
0.165159
0.165351
0.165447
0.165447
0.165351
0.165159
0.164870
0.164486
0.164005
0.163435
0.162770
0.162010
0.161185
0.160268
0.159301
0.158261
0.157191
0.156056
0.154915
0.153717
0.152493
0.152619
0.153843
0.155049
0.156199
0.157334
0.158414
0.159454
0.160431
0.161348
0.162179
0.162939
0.163605
0.164177
0.164658
0.165043
0.165331
0.165524
0.165620
0.165620
0.165524
0.165331
0.165043
0.164658
0.164177
0.163605
0.162939
0.162179
0.161348
0.160431
0.159454
0.158414
0.157334
0.156199
0.155049
0.153843
0.152619
0.152674
0.153898
0.155107
0.156262
0.157397
0.158482
0.159522
0.160503
0.161420
0.162254
0.163015
0.163681
0.164254
0.164735
0.165120
0.165409
0.165601
0.165697
0.165697
0.165601
0.165409
0.165120
0.164735
0.164254
0.163681
0.163015
0.162254
0.161420
0.160503
0.159522
0.158482
0.157397
0.156262
0.155107
0.153898
0.152674
0.152657
0.153882
0.155090
0.156244
0.157379
0.158464
0.159504
0.160485
0.161402
0.162236
0.162997
0.163662
0.164236
0.164717
0.165102
0.165391
0.165583
0.165679
0.165679
0.165583
0.165391
0.165102
0.164717
0.164236
0.163662
0.162997
0.162236
0.161402
0.160485
0.159504
0.158464
0.157379
0.156244
0.155090
0.153882
0.152657
0.152569
0.153794
0.154998
0.156146
0.157282
0.158360
0.159401
0.160375
0.161293
0.162123
0.162884
0.163550
0.164122
0.164603
0.164989
0.165277
0.165470
0.165566
0.165566
0.165470
0.165277
0.164989
0.164603
0.164122
0.163550
0.162884
0.162123
0.161293
0.160375
0.159401
0.158360
0.157282
0.156146
0.154998
0.153794
0.152569
0.152409
0.153635
0.154830
0.155970
0.157104
0.158170
0.159211
0.160175
0.161093
0.161919
0.162677
0.163343
0.163914
0.164395
0.164780
0.165069
0.165261
0.165358
0.165358
0.165261
0.165069
0.164780
0.164395
0.163914
0.163343
0.162677
0.161919
0.161093
0.160175
0.159211
0.158170
0.157104
0.155970
0.154830
0.153635
0.152409
0.152178
0.153404
0.154588
0.155727
0.156845
0.157900
0.158935
0.159890
0.160802
0.161628
0.162376
0.163042
0.163613
0.164090
0.164475
0.164764
0.164957
0.165053
0.165053
0.164957
0.164764
0.164475
0.164090
0.163613
0.163042
0.162376
0.161628
0.160802
0.159890
0.158935
0.157900
0.156845
0.155727
0.154588
0.153404
0.152178
0.151878
0.153102
0.154270
0.155410
0.156506
0.157562
0.158573
0.159528
0.160419
0.161246
0.161980
0.162646
0.163218
0.163694
0.164076
0.164365
0.164557
0.164654
0.164654
0.164557
0.164365
0.164076
0.163694
0.163218
0.162646
0.161980
0.161246
0.160419
0.159528
0.158573
0.157562
0.156506
0.155410
0.154270
0.153102
0.151878
0.151513
0.152728
0.153883
0.155017
0.156086
0.157142
0.158125
0.159080
0.159949
0.160773
0.161508
0.162156
0.162728
0.163204
0.163585
0.163871
0.164062
0.164158
0.164158
0.164062
0.163871
0.163585
0.163204
0.162728
0.162156
0.161508
0.160773
0.159949
0.159080
0.158125
0.157142
0.156086
0.155017
0.153883
0.152728
0.151513
0.151078
0.152282
0.153437
0.154548
0.155612
0.156642
0.157617
0.158546
0.159415
0.160208
0.160943
0.161587
0.162143
0.162620
0.163001
0.163287
0.163477
0.163572
0.163572
0.163477
0.163287
0.163001
0.162620
0.162143
0.161587
0.160943
0.160208
0.159415
0.158546
0.157617
0.156642
0.155612
0.154548
0.153437
0.152282
0.151078
0.150572
0.151770
0.152920
0.154004
0.155069
0.156061
0.157037
0.157931
0.158795
0.159577
0.160288
0.160931
0.161483
0.161942
0.162322
0.162608
0.162798
0.162893
0.162893
0.162798
0.162608
0.162322
0.161942
0.161483
0.160931
0.160288
0.159577
0.158795
0.157931
0.157037
0.156061
0.155069
0.154004
0.152920
0.151770
0.150572
0.149997
0.151195
0.152331
0.153415
0.154449
0.155438
0.156375
0.157269
0.158088
0.158871
0.159566
0.160185
0.160736
0.161196
0.161564
0.161840
0.162024
0.162120
0.162120
0.162024
0.161840
0.161564
0.161196
0.160736
0.160185
0.159566
0.158871
0.158088
0.157269
0.156375
0.155438
0.154449
0.153415
0.152331
0.151195
0.149997
0.149344
0.150550
0.151678
0.152754
0.153766
0.154743
0.155656
0.156527
0.157341
0.158078
0.158773
0.159382
0.159904
0.160358
0.160726
0.161002
0.161186
0.161278
0.161278
0.161186
0.161002
0.160726
0.160358
0.159904
0.159382
0.158773
0.158078
0.157341
0.156527
0.155656
0.154743
0.153766
0.152754
0.151678
0.150550
0.149344
0.148621
0.149833
0.150963
0.152022
0.153034
0.153974
0.154886
0.155723
0.156518
0.157250
0.157901
0.158503
0.159025
0.159460
0.159808
0.160073
0.160257
0.160349
0.160349
0.160257
0.160073
0.159808
0.159460
0.159025
0.158503
0.157901
0.157250
0.156518
0.155723
0.154886
0.153974
0.153034
0.152022
0.150963
0.149833
0.148621
0.147818
0.149039
0.150178
0.151236
0.152230
0.153170
0.154040
0.154877
0.155639
0.156346
0.156997
0.157567
0.158059
0.158494
0.158842
0.159103
0.159277
0.159364
0.159364
0.159277
0.159103
0.158842
0.158494
0.158059
0.157567
0.156997
0.156346
0.155639
0.154877
0.154040
0.153170
0.152230
0.151236
0.150178
0.149039
0.147818
0.146911
0.148174
0.149315
0.150381
0.151369
0.152294
0.153162
0.153957
0.154717
0.155403
0.156013
0.156583
0.157071
0.157478
0.157804
0.158051
0.158225
0.158312
0.158312
0.158225
0.158051
0.157804
0.157478
0.157071
0.156583
0.156013
0.155403
0.154717
0.153957
0.153162
0.152294
0.151369
0.150381
0.149315
0.148174
0.146911
0.145923
0.147200
0.148379
0.149449
0.150444
0.151361
0.152214
0.153010
0.153733
0.154405
0.155015
0.155548
0.156006
0.156413
0.156738
0.156983
0.157145
0.157227
0.157227
0.157145
0.156983
0.156738
0.156413
0.156006
0.155548
0.155015
0.154405
0.153733
0.153010
0.152214
0.151361
0.150444
0.149449
0.148379
0.147200
0.145923
0.144781
0.146144
0.147341
0.148442
0.149442
0.150366
0.151213
0.151990
0.152713
0.153365
0.153944
0.154475
0.154932
0.155313
0.155618
0.155847
0.155999
0.156081
0.156081
0.155999
0.155847
0.155618
0.155313
0.154932
0.154475
0.153944
0.153365
0.152713
0.151990
0.151213
0.150366
0.149442
0.148442
0.147341
0.146144
0.144781
0.143513
0.144933
0.146211
0.147333
0.148364
0.149292
0.150147
0.150924
0.151631
0.152273
0.152852
0.153359
0.153794
0.154164
0.154469
0.154698
0.154850
0.154926
0.154926
0.154850
0.154698
0.154469
0.154164
0.153794
0.153359
0.152852
0.152273
0.151631
0.150924
0.150147
0.149292
0.148364
0.147333
0.146211
0.144933
0.143513
0.142075
0.143592
0.144925
0.146128
0.147176
0.148143
0.149000
0.149786
0.150495
0.151131
0.151696
0.152195
0.152630
0.152992
0.153282
0.153499
0.153644
0.153716
0.153716
0.153644
0.153499
0.153282
0.152992
0.152630
0.152195
0.151696
0.151131
0.150495
0.149786
0.149000
0.148143
0.147176
0.146128
0.144925
0.143592
0.142075
0.140382
0.142065
0.143494
0.144755
0.145888
0.146870
0.147769
0.148566
0.149280
0.149923
0.150489
0.150984
0.151408
0.151762
0.152046
0.152263
0.152408
0.152480
0.152480
0.152408
0.152263
0.152046
0.151762
0.151408
0.150984
0.150489
0.149923
0.149280
0.148566
0.147769
0.146870
0.145888
0.144755
0.143494
0.142065
0.140382
0.138416
0.140272
0.141864
0.143218
0.144424
0.145477
0.146415
0.147239
0.147988
0.148632
0.149204
0.149704
0.150131
0.150485
0.150768
0.150980
0.151121
0.151192
0.151192
0.151121
0.150980
0.150768
0.150485
0.150131
0.149704
0.149204
0.148632
0.147988
0.147239
0.146415
0.145477
0.144424
0.143218
0.141864
0.140272
0.138416
0.136106
0.138183
0.139960
0.141457
0.142764
0.143925
0.144904
0.145795
0.146559
0.147234
0.147833
0.148342
0.148771
0.149128
0.149414
0.149629
0.149772
0.149843
0.149843
0.149772
0.149629
0.149414
0.149128
0.148771
0.148342
0.147833
0.147234
0.146559
0.145795
0.144904
0.143925
0.142764
0.141457
0.139960
0.138183
0.136106
0.133328
0.135696
0.137699
0.139395
0.140852
0.142132
0.143204
0.144169
0.144979
0.145709
0.146330
0.146855
0.147305
0.147679
0.147979
0.148195
0.148338
0.148409
0.148409
0.148338
0.148195
0.147979
0.147679
0.147305
0.146855
0.146330
0.145709
0.144979
0.144169
0.143204
0.142132
0.140852
0.139395
0.137699
0.135696
0.133328
0.130053
0.132721
0.135004
0.136948
0.138609
0.140048
0.141244
0.142304
0.143198
0.144003
0.144651
0.145218
0.145704
0.146101
0.146401
0.146626
0.146776
0.146851
0.146851
0.146776
0.146626
0.146401
0.146101
0.145704
0.145218
0.144651
0.144003
0.143198
0.142304
0.141244
0.140048
0.138609
0.136948
0.135004
0.132721
0.130053
0.126160
0.129183
0.131803
0.134041
0.135946
0.137557
0.138935
0.140142
0.141138
0.142031
0.142746
0.143372
0.143909
0.144323
0.144647
0.144890
0.145052
0.145133
0.145133
0.145052
0.144890
0.144647
0.144323
0.143909
0.143372
0.142746
0.142031
0.141138
0.140142
0.138935
0.137557
0.135946
0.134041
0.131803
0.129183
0.126160
0.121618
0.125001
0.127966
0.130508
0.132698
0.134577
0.136191
0.137549
0.138707
0.139707
0.140535
0.141233
0.141831
0.142295
0.142653
0.142921
0.143100
0.143190
0.143190
0.143100
0.142921
0.142653
0.142295
0.141831
0.141233
0.140535
0.139707
0.138707
0.137549
0.136191
0.134577
0.132698
0.130508
0.127966
0.125001
0.121618
0.116387
0.120135
0.123426
0.126314
0.128815
0.130979
0.132838
0.134433
0.135794
0.136925
0.137914
0.138701
0.139369
0.139925
0.140332
0.140631
0.140830
0.140930
0.140930
0.140830
0.140631
0.140332
0.139925
0.139369
0.138701
0.137914
0.136925
0.135794
0.134433
0.132838
0.130979
0.128815
0.126314
0.123426
0.120135
0.116387
0.110405
0.114519
0.118166
0.121377
0.124207
0.126667
0.128805
0.130649
0.132236
0.133573
0.134699
0.135652
0.136426
0.137044
0.137538
0.137909
0.138141
0.138252
0.138252
0.138141
0.137909
0.137538
0.137044
0.136426
0.135652
0.134699
0.133573
0.132236
0.130649
0.128805
0.126667
0.124207
0.121377
0.118166
0.114519
0.110405
0.103586
0.108105
0.112116
0.115667
0.118805
0.121573
0.124004
0.126110
0.127934
0.129484
0.130802
0.131927
0.132824
0.133567
0.134149
0.134557
0.134830
0.134966
0.134966
0.134830
0.134557
0.134149
0.133567
0.132824
0.131927
0.130802
0.129484
0.127934
0.126110
0.124004
0.121573
0.118805
0.115667
0.112116
0.108105
0.103586
0.000000
0.100781
0.105189
0.109107
0.112581
0.115653
0.118357
0.120724
0.122788
0.124571
0.126102
0.127379
0.128446
0.129306
0.129993
0.130476
0.130797
0.130958
0.130958
0.130797
0.130476
0.129993
0.129306
0.128446
0.127379
0.126102
0.124571
0.122788
0.120724
0.118357
0.115653
0.112581
0.109107
0.105189
0.100781
0.000000
0.000000
0.000000
0.000000
0.101610
0.105442
0.108838
0.111843
0.114477
0.116781
0.118783
0.120506
0.121974
0.123182
0.124180
0.124949
0.125525
0.125909
0.126096
0.126096
0.125909
0.125525
0.124949
0.124180
0.123182
0.121974
0.120506
0.118783
0.116781
0.114477
0.111843
0.108838
0.105442
0.101610
0.000000
0.000000
0.000000
0.185123
0.185777
0.000000
0.000000
0.000000
0.101029
0.104352
0.107276
0.109845
0.112077
0.114001
0.115633
0.116998
0.118122
0.118993
0.119647
0.120080
0.120289
0.120289
0.120080
0.119647
0.118993
0.118122
0.116998
0.115633
0.114001
0.112077
0.109845
0.107276
0.104352
0.101029
0.000000
0.000000
0.000000
0.185777
0.185123
0.183959
0.184621
0.185236
0.185813
0.000000
0.000000
0.000000
0.099016
0.101863
0.104340
0.106480
0.108306
0.109836
0.111080
0.112069
0.112791
0.113272
0.113513
0.113513
0.113272
0.112791
0.112069
0.111080
0.109836
0.108306
0.106480
0.104340
0.101863
0.099016
0.000000
0.000000
0.000000
0.185813
0.185236
0.184621
0.183959
0.182465
0.183282
0.184042
0.184619
0.185157
0.185657
0.000000
0.000000
0.000000
0.000000
0.000000
0.099872
0.101571
0.102960
0.104063
0.104870
0.105408
0.105677
0.105677
0.105408
0.104870
0.104063
0.102960
0.101571
0.099872
0.000000
0.000000
0.000000
0.000000
0.000000
0.185657
0.185157
0.184619
0.184042
0.183282
0.182465
0.180783
0.181706
0.182509
0.183231
0.183905
0.184424
0.184886
0.185309
0.185694
0.000000
0.000000
0.000000
0.000000
0.000000
0.000000
0.000000
0.000000
0.000000
0.000000
0.000000
0.000000
0.000000
0.000000
0.000000
0.000000
0.000000
0.000000
0.185694
0.185309
0.184886
0.184424
0.183905
0.183231
0.182509
0.181706
0.180783
0.178886
0.179902
0.180780
0.181594
0.182314
0.182940
0.183518
0.184038
0.184422
0.184769
0.185077
0.185346
0.185577
0.185769
0.185923
0.000000
0.000000
0.000000
0.000000
0.000000
0.000000
0.185923
0.185769
0.185577
0.185346
0.185077
0.184769
0.184422
0.184038
0.183518
0.182940
0.182314
0.181594
0.180780
0.179902
0.178886
0.176734
0.177851
0.178822
0.179719
0.180505
0.181211
0.181863
0.182408
0.182890
0.183323
0.183708
0.184036
0.184267
0.184459
0.184613
0.184729
0.184806
0.184844
0.184844
0.184806
0.184729
0.184613
0.184459
0.184267
0.184036
0.183708
0.183323
0.182890
0.182408
0.181863
0.181211
0.180505
0.179719
0.178822
0.177851
0.176734
0.174270
0.175500
0.176598
0.177584
0.178459
0.179237
0.179955
0.180557
0.181100
0.181589
0.182021
0.182358
0.182647
0.182888
0.183080
0.183225
0.183321
0.183369
0.183369
0.183321
0.183225
0.183080
0.182888
0.182647
0.182358
0.182021
0.181589
0.181100
0.180557
0.179955
0.179237
0.178459
0.177584
0.176598
0.175500
0.174270
0.171391
0.172785
0.174048
0.175134
0.176133
0.176988
0.177778
0.178456
0.179054
0.179593
0.180065
0.180446
0.180772
0.181043
0.181261
0.181424
0.181533
0.181587
0.181587
0.181533
0.181424
0.181261
0.181043
0.180772
0.180446
0.180065
0.179593
0.179054
0.178456
0.177778
0.176988
0.176133
0.175134
0.174048
0.172785
0.171391
0.168093
0.169646
0.171041
0.172304
0.173414
0.174406
0.175274
0.176064
0.176722
0.177314
0.177841
0.178274
0.178633
0.178932
0.179172
0.179351
0.179471
0.179531
0.179531
0.179471
0.179351
0.179172
0.178932
0.178633
0.178274
0.177841
0.177314
0.176722
0.176064
0.175274
0.174406
0.173414
0.172304
0.171041
0.169646
0.168093
0.164452
0.166092
0.167614
0.169000
0.170263
0.171379
0.172379
0.173251
0.174040
0.174692
0.175271
0.175778
0.176193
0.176522
0.176785
0.176983
0.177114
0.177180
0.177180
0.177114
0.176983
0.176785
0.176522
0.176193
0.175778
0.175271
0.174692
0.174040
0.173251
0.172379
0.171379
0.170263
0.169000
0.167614
0.166092
0.164452
0.160762
0.162339
0.163866
0.165314
0.166656
0.167893
0.168995
0.170000
0.170860
0.171633
0.172295
0.172851
0.173327
0.173723
0.174037
0.174254
0.174399
0.174472
0.174472
0.174399
0.174254
0.174037
0.173723
0.173327
0.172851
0.172295
0.171633
0.170860
0.170000
0.168995
0.167893
0.166656
0.165314
0.163866
0.162339
0.160762
0.157282
0.158712
0.160111
0.161492
0.162810
0.164052
0.165211
0.166270
0.167222
0.168075
0.168807
0.169447
0.169996
0.170426
0.170770
0.171028
0.171199
0.171285
0.171285
0.171199
0.171028
0.170770
0.170426
0.169996
0.169447
0.168807
0.168075
0.167222
0.166270
0.165211
0.164052
0.162810
0.161492
0.160111
0.158712
0.157282
0.154069
0.155364
0.156624
0.157845
0.159054
0.160196
0.161302
0.162326
0.163281
0.164143
0.164916
0.165592
0.166170
0.166646
0.167027
0.167312
0.167503
0.167598
0.167598
0.167503
0.167312
0.167027
0.166646
0.166170
0.165592
0.164916
0.164143
0.163281
0.162326
0.161302
0.160196
0.159054
0.157845
0.156624
0.155364
0.154069
0.151043
0.152249
0.153408
0.154520
0.155587
0.156618
0.157595
0.158525
0.159397
0.160191
0.160928
0.161573
0.162130
0.162608
0.162990
0.163277
0.163468
0.163563
0.163563
0.163468
0.163277
0.162990
0.162608
0.162130
0.161573
0.160928
0.160191
0.159397
0.158525
0.157595
0.156618
0.155587
0.154520
0.153408
0.152249
0.151043
0.147976
0.149191
0.150330
0.151390
0.152388
0.153330
0.154209
0.155048
0.155811
0.156531
0.157183
0.157754
0.158259
0.158695
0.159043
0.159305
0.159479
0.159566
0.159566
0.159479
0.159305
0.159043
0.158695
0.158259
0.157754
0.157183
0.156531
0.155811
0.155048
0.154209
0.153330
0.152388
0.151390
0.150330
0.149191
0.147976
0.144567
0.145943
0.147145
0.148256
0.149256
0.150183
0.151031
0.151809
0.152528
0.153180
0.153760
0.154281
0.154738
0.155120
0.155425
0.155654
0.155807
0.155883
0.155883
0.155807
0.155654
0.155425
0.155120
0.154738
0.154281
0.153760
0.153180
0.152528
0.151809
0.151031
0.150183
0.149256
0.148256
0.147145
0.145943
0.144567
0.140440
0.142117
0.143546
0.144803
0.145936
0.146914
0.147813
0.148608
0.149323
0.149966
0.150532
0.151027
0.151451
0.151804
0.152089
0.152307
0.152451
0.152524
0.152524
0.152451
0.152307
0.152089
0.151804
0.151451
0.151027
0.150532
0.149966
0.149323
0.148608
0.147813
0.146914
0.145936
0.144803
0.143546
0.142117
0.140440
0.134986
0.137177
0.139036
0.140629
0.142020
0.143181
0.144229
0.145120
0.145930
0.146609
0.147209
0.147733
0.148174
0.148532
0.148818
0.149032
0.149175
0.149247
0.149247
0.149175
0.149032
0.148818
0.148532
0.148174
0.147733
0.147209
0.146609
0.145930
0.145120
0.144229
0.143181
0.142020
0.140629
0.139036
0.137177
0.134986
0.127595
0.130498
0.132984
0.135108
0.136918
0.138470
0.139803
0.140919
0.141914
0.142727
0.143442
0.144061
0.144547
0.144952
0.145276
0.145519
0.145681
0.145762
0.145762
0.145681
0.145519
0.145276
0.144952
0.144547
0.144061
0.143442
0.142727
0.141914
0.140919
0.139803
0.138470
0.136918
0.135108
0.132984
0.130498
0.127595
0.117958
0.121592
0.124784
0.127575
0.130001
0.132079
0.133860
0.135368
0.136661
0.137772
0.138683
0.139461
0.140115
0.140613
0.141011
0.141310
0.141509
0.141608
0.141608
0.141509
0.141310
0.141011
0.140613
0.140115
0.139461
0.138683
0.137772
0.136661
0.135368
0.133860
0.132079
0.130001
0.127575
0.124784
0.121592
0.117958
0.106035
0.110400
0.114277
0.117708
0.120733
0.123395
0.125723
0.127740
0.129471
0.130949
0.132214
0.133254
0.134132
0.134813
0.135357
0.135765
0.136034
0.136157
0.136157
0.136034
0.135765
0.135357
0.134813
0.134132
0.133254
0.132214
0.130949
0.129471
0.127740
0.125723
0.123395
0.120733
0.117708
0.114277
0.110400
0.106035
0.000000
0.000000
0.101362
0.105467
0.109111
0.112340
0.115183
0.117685
0.119870
0.121759
0.123376
0.124747
0.125898
0.126814
0.127542
0.128083
0.128427
0.128598
0.128598
0.128427
0.128083
0.127542
0.126814
0.125898
0.124747
0.123376
0.121759
0.119870
0.117685
0.115183
0.112340
0.109111
0.105467
0.101362
0.000000
0.000000
0.184824
0.185476
0.000000
0.000000
0.000000
0.098764
0.102172
0.105170
0.107807
0.110100
0.112076
0.113757
0.115160
0.116314
0.117214
0.117890
0.118329
0.118546
0.118546
0.118329
0.117890
0.117214
0.116314
0.115160
0.113757
0.112076
0.110100
0.107807
0.105170
0.102172
0.098764
0.000000
0.000000
0.000000
0.185476
0.184824
0.182528
0.183345
0.184090
0.184666
0.185203
0.185702
0.000000
0.000000
0.000000
0.000000
0.098157
0.100173
0.101866
0.103245
0.104338
0.105144
0.105681
0.105950
0.105950
0.105681
0.105144
0.104338
0.103245
0.101866
0.100173
0.098157
0.000000
0.000000
0.000000
0.000000
0.185702
0.185203
0.184666
0.184090
0.183345
0.182528
0.179689
0.180639
0.181505
0.182282
0.182954
0.183579
0.184124
0.184546
0.184930
0.185275
0.185583
0.185851
0.000000
0.000000
0.000000
0.000000
0.000000
0.000000
0.000000
0.000000
0.000000
0.000000
0.000000
0.000000
0.185851
0.185583
0.185275
0.184930
0.184546
0.184124
0.183579
0.182954
0.182282
0.181505
0.180639
0.179689
0.176306
0.177421
0.178428
0.179323
0.180144
0.180848
0.181498
0.182084
0.182564
0.182996
0.183381
0.183717
0.184004
0.184196
0.184350
0.184465
0.184542
0.184580
0.184580
0.184542
0.184465
0.184350
0.184196
0.184004
0.183717
0.183381
0.182996
0.182564
0.182084
0.181498
0.180848
0.180144
0.179323
0.178428
0.177421
0.176306
0.172201
0.173544
0.174739
0.175821
0.176756
0.177609
0.178360
0.179017
0.179613
0.180137
0.180570
0.180950
0.181275
0.181546
0.181763
0.181926
0.182030
0.182078
0.182078
0.182030
0.181926
0.181763
0.181546
0.181275
0.180950
0.180570
0.180137
0.179613
0.179017
0.178360
0.177609
0.176756
0.175821
0.174739
0.173544
0.172201
0.167211
0.168792
0.170235
0.171519
0.172663
0.173691
0.174584
0.175378
0.176091
0.176681
0.177206
0.177666
0.178054
0.178353
0.178591
0.178770
0.178890
0.178950
0.178950
0.178890
0.178770
0.178591
0.178353
0.178054
0.177666
0.177206
0.176681
0.176091
0.175378
0.174584
0.173691
0.172663
0.171519
0.170235
0.168792
0.167211
0.161761
0.163370
0.164903
0.166342
0.167671
0.168869
0.169963
0.170907
0.171764
0.172493
0.173126
0.173680
0.174141
0.174502
0.174791
0.175007
0.175152
0.175224
0.175224
0.175152
0.175007
0.174791
0.174502
0.174141
0.173680
0.173126
0.172493
0.171764
0.170907
0.169963
0.168869
0.167671
0.166342
0.164903
0.163370
0.161761
0.156705
0.158091
0.159480
0.160827
0.162116
0.163354
0.164502
0.165562
0.166517
0.167371
0.168126
0.168764
0.169311
0.169767
0.170124
0.170381
0.170552
0.170638
0.170638
0.170552
0.170381
0.170124
0.169767
0.169311
0.168764
0.168126
0.167371
0.166517
0.165562
0.164502
0.163354
0.162116
0.160827
0.159480
0.158091
0.156705
0.152256
0.153483
0.154671
0.155811
0.156935
0.157990
0.159031
0.159986
0.160904
0.161730
0.162482
0.163149
0.163720
0.164198
0.164584
0.164873
0.165066
0.165162
0.165162
0.165066
0.164873
0.164584
0.164198
0.163720
0.163149
0.162482
0.161730
0.160904
0.159986
0.159031
0.157990
0.156935
0.155811
0.154671
0.153483
0.152256
0.147990
0.149200
0.150335
0.151392
0.152387
0.153325
0.154202
0.155038
0.155798
0.156515
0.157165
0.157733
0.158236
0.158670
0.159017
0.159278
0.159452
0.159539
0.159539
0.159452
0.159278
0.159017
0.158670
0.158236
0.157733
0.157165
0.156515
0.155798
0.155038
0.154202
0.153325
0.152387
0.151392
0.150335
0.149200
0.147990
0.143133
0.144586
0.145876
0.147005
0.148047
0.148973
0.149828
0.150604
0.151309
0.151943
0.152519
0.153024
0.153457
0.153818
0.154113
0.154341
0.154493
0.154569
0.154569
0.154493
0.154341
0.154113
0.153818
0.153457
0.153024
0.152519
0.151943
0.151309
0.150604
0.149828
0.148973
0.148047
0.147005
0.145876
0.144586
0.143133
0.136620
0.138639
0.140367
0.141854
0.143115
0.144247
0.145215
0.146095
0.146841
0.147513
0.148106
0.148604
0.149031
0.149388
0.149672
0.149886
0.150028
0.150099
0.150099
0.150028
0.149886
0.149672
0.149388
0.149031
0.148604
0.148106
0.147513
0.146841
0.146095
0.145215
0.144247
0.143115
0.141854
0.140367
0.138639
0.136620
0.126976
0.129939
0.132461
0.134622
0.136471
0.138063
0.139391
0.140545
0.141537
0.142386
0.143098
0.143721
0.144231
0.144635
0.144958
0.145200
0.145361
0.145442
0.145442
0.145361
0.145200
0.144958
0.144635
0.144231
0.143721
0.143098
0.142386
0.141537
0.140545
0.139391
0.138063
0.136471
0.134622
0.132461
0.129939
0.126976
0.113525
0.117430
0.120880
0.123925
0.126573
0.128877
0.130867
0.132578
0.134052
0.135272
0.136323
0.137184
0.137922
0.138483
0.138926
0.139258
0.139480
0.139591
0.139591
0.139480
0.139258
0.138926
0.138483
0.137922
0.137184
0.136323
0.135272
0.134052
0.132578
0.130867
0.128877
0.126573
0.123925
0.120880
0.117430
0.113525
0.000000
0.101050
0.105422
0.109307
0.112752
0.115803
0.118483
0.120833
0.122881
0.124651
0.126171
0.127441
0.128499
0.129354
0.130035
0.130515
0.130834
0.130994
0.130994
0.130834
0.130515
0.130035
0.129354
0.128499
0.127441
0.126171
0.124651
0.122881
0.120833
0.118483
0.115803
0.112752
0.109307
0.105422
0.101050
0.000000
0.184828
0.185477
0.000000
0.000000
0.000000
0.098706
0.102104
0.105092
0.107721
0.110010
0.111981
0.113655
0.115056
0.116209
0.117106
0.117779
0.118220
0.118436
0.118436
0.118220
0.117779
0.117106
0.116209
0.115056
0.113655
0.111981
0.110010
0.107721
0.105092
0.102104
0.098706
0.000000
0.000000
0.000000
0.185477
0.184828
0.181796
0.182632
0.183397
0.184092
0.184627
0.185124
0.185583
0.000000
0.000000
0.000000
0.000000
0.000000
0.000000
0.098928
0.100076
0.100919
0.101481
0.101762
0.101762
0.101481
0.100919
0.100076
0.098928
0.000000
0.000000
0.000000
0.000000
0.000000
0.000000
0.185583
0.185124
0.184627
0.184092
0.183397
0.182632
0.181796
0.177914
0.178932
0.179883
0.180703
0.181458
0.182142
0.182716
0.183242
0.183720
0.184120
0.184426
0.184694
0.184923
0.185115
0.185268
0.185382
0.185459
0.185497
0.185497
0.185459
0.185382
0.185268
0.185115
0.184923
0.184694
0.184426
0.184120
0.183720
0.183242
0.182716
0.182142
0.181458
0.180703
0.179883
0.178932
0.177914
0.173044
0.174349
0.175499
0.176524
0.177439
0.178262
0.178975
0.179629
0.180203
0.180689
0.181120
0.181498
0.181822
0.182082
0.182273
0.182417
0.182512
0.182560
0.182560
0.182512
0.182417
0.182273
0.182082
0.181822
0.181498
0.181120
0.180689
0.180203
0.179629
0.178975
0.178262
0.177439
0.176524
0.175499
0.174349
0.173044
0.166911
0.168497
0.169949
0.171231
0.172392
0.173415
0.174329
0.175120
0.175838
0.176441
0.176964
0.177421
0.177814
0.178128
0.178365
0.178544
0.178663
0.178722
0.178722
0.178663
0.178544
0.178365
0.178128
0.177814
0.177421
0.176964
0.176441
0.175838
0.175120
0.174329
0.173415
0.172392
0.171231
0.169949
0.168497
0.166911
0.160200
0.161754
0.163261
0.164691
0.166032
0.167261
0.168379
0.169378
0.170268
0.171036
0.171718
0.172291
0.172764
0.173157
0.173472
0.173709
0.173866
0.173945
0.173945
0.173866
0.173709
0.173472
0.173157
0.172764
0.172291
0.171718
0.171036
0.170268
0.169378
0.168379
0.167261
0.166032
0.164691
0.163261
0.161754
0.160200
0.154318
0.155604
0.156870
0.158088
0.159298
0.160446
0.161543
0.162569
0.163517
0.164374
0.165142
0.165813
0.166383
0.166856
0.167234
0.167517
0.167706
0.167801
0.167801
0.167706
0.167517
0.167234
0.166856
0.166383
0.165813
0.165142
0.164374
0.163517
0.162569
0.161543
0.160446
0.159298
0.158088
0.156870
0.155604
0.154318
0.149096
0.150298
0.151419
0.152482
0.153488
0.154445
0.155353
0.156198
0.157006
0.157734
0.158407
0.159013
0.159531
0.159964
0.160327
0.160602
0.160784
0.160876
0.160876
0.160784
0.160602
0.160327
0.159964
0.159531
0.159013
0.158407
0.157734
0.157006
0.156198
0.155353
0.154445
0.153488
0.152482
0.151419
0.150298
0.149096
0.143376
0.144799
0.146078
0.147192
0.148222
0.149143
0.149994
0.150765
0.151466
0.152100
0.152675
0.153178
0.153609
0.153969
0.154270
0.154497
0.154648
0.154724
0.154724
0.154648
0.154497
0.154270
0.153969
0.153609
0.153178
0.152675
0.152100
0.151466
0.150765
0.149994
0.149143
0.148222
0.147192
0.146078
0.144799
0.143376
0.135318
0.137462
0.139278
0.140834
0.142194
0.143345
0.144370
0.145254
0.146053
0.146721
0.147316
0.147836
0.148269
0.148624
0.148907
0.149120
0.149262
0.149333
0.149333
0.149262
0.149120
0.148907
0.148624
0.148269
0.147836
0.147316
0.146721
0.146053
0.145254
0.144370
0.143345
0.142194
0.140834
0.139278
0.137462
0.135318
0.122595
0.125890
0.128738
0.131206
0.133325
0.135135
0.136683
0.138027
0.139129
0.140108
0.140898
0.141589
0.142163
0.142606
0.142961
0.143226
0.143404
0.143492
0.143492
0.143404
0.143226
0.142961
0.142606
0.142163
0.141589
0.140898
0.140108
0.139129
0.138027
0.136683
0.135135
0.133325
0.131206
0.128738
0.125890
0.122595
0.104504
0.108923
0.112850
0.116333
0.119407
0.122122
0.124489
0.126551
0.128336
0.129867
0.131148
0.132242
0.133125
0.133861
0.134412
0.134817
0.135087
0.135222
0.135222
0.135087
0.134817
0.134412
0.133861
0.133125
0.132242
0.131148
0.129867
0.128336
0.126551
0.124489
0.122122
0.119407
0.116333
0.112850
0.108923
0.104504
0.185508
0.000000
0.000000
0.000000
0.099997
0.103592
0.106775
0.109583
0.112045
0.114181
0.116026
0.117589
0.118896
0.119974
0.120806
0.121428
0.121844
0.122049
0.122049
0.121844
0.121428
0.120806
0.119974
0.118896
0.117589
0.116026
0.114181
0.112045
0.109583
0.106775
0.103592
0.099997
0.000000
0.000000
0.000000
0.185508
0.182107
0.182916
0.183677
0.184313
0.184845
0.185340
0.185797
0.000000
0.000000
0.000000
0.000000
0.000000
0.099028
0.100449
0.101567
0.102396
0.102942
0.103215
0.103215
0.102942
0.102396
0.101567
0.100449
0.099028
0.000000
0.000000
0.000000
0.000000
0.000000
0.185797
0.185340
0.184845
0.184313
0.183677
0.182916
0.182107
0.177538
0.178585
0.179531
0.180380
0.181132
0.181830
0.182420
0.182944
0.183420
0.183848
0.184183
0.184450
0.184678
0.184868
0.185020
0.185135
0.185211
0.185249
0.185249
0.185211
0.185135
0.185020
0.184868
0.184678
0.184450
0.184183
0.183848
0.183420
0.182944
0.182420
0.181830
0.181132
0.180380
0.179531
0.178585
0.177538
0.171638
0.172997
0.174229
0.175301
0.176275
0.177120
0.177900
0.178560
0.179151
0.179684
0.180142
0.180518
0.180841
0.181109
0.181324
0.181485
0.181593
0.181646
0.181646
0.181593
0.181485
0.181324
0.181109
0.180841
0.180518
0.180142
0.179684
0.179151
0.178560
0.177900
0.177120
0.176275
0.175301
0.174229
0.172997
0.171638
0.164118
0.165740
0.167248
0.168632
0.169896
0.171006
0.172022
0.172884
0.173667
0.174340
0.174912
0.175413
0.175843
0.176182
0.176442
0.176637
0.176767
0.176832
0.176832
0.176767
0.176637
0.176442
0.176182
0.175843
0.175413
0.174912
0.174340
0.173667
0.172884
0.172022
0.171006
0.169896
0.168632
0.167248
0.165740
0.164118
0.156732
0.158106
0.159481
0.160816
0.162092
0.163318
0.164455
0.165505
0.166453
0.167299
0.168049
0.168682
0.169224
0.169675
0.170035
0.170289
0.170459
0.170544
0.170544
0.170459
0.170289
0.170035
0.169675
0.169224
0.168682
0.168049
0.167299
0.166453
0.165505
0.164455
0.163318
0.162092
0.160816
0.159481
0.158106
0.156732
0.150547
0.151732
0.152869
0.153942
0.154992
0.155971
0.156934
0.157819
0.158667
0.159441
0.160137
0.160773
0.161319
0.161774
0.162143
0.162426
0.162615
0.162709
0.162709
0.162615
0.162426
0.162143
0.161774
0.161319
0.160773
0.160137
0.159441
0.158667
0.157819
0.156934
0.155971
0.154992
0.153942
0.152869
0.151732
0.150547
0.144223
0.145581
0.146795
0.147904
0.148896
0.149812
0.150652
0.151419
0.152120
0.152763
0.153335
0.153836
0.154279
0.154655
0.154957
0.155182
0.155333
0.155408
0.155408
0.155333
0.155182
0.154957
0.154655
0.154279
0.153836
0.153335
0.152763
0.152120
0.151419
0.150652
0.149812
0.148896
0.147904
0.146795
0.145581
0.144223
