0.179799
0.181404
0.182795
0.184030
0.184956
0.185816
0.000000
0.000000
0.100992
0.105260
0.108867
0.111888
0.114366
0.116363
0.117918
0.119048
0.119799
0.120168
0.120168
0.119799
0.119048
0.117918
0.116363
0.114366
0.111888
0.108867
0.105260
0.100992
0.000000
0.000000
0.185816
0.184956
0.184030
0.182795
0.181404
0.179799
0.182908
0.184253
0.185312
0.000000
0.000000
0.101675
0.107269
0.112063
0.116138
0.119583
0.122473
0.124863
0.126809
0.128361
0.129548
0.130410
0.130965
0.131242
0.131242
0.130965
0.130410
0.129548
0.128361
0.126809
0.124863
0.122473
0.119583
0.116138
0.112063
0.107269
0.101675
0.000000
0.000000
0.185312
0.184253
0.182908
0.185338
0.000000
0.000000
0.104714
0.110964
0.116305
0.120842
0.124678
0.127895
0.130536
0.132700
0.134457
0.135870
0.136950
0.137805
0.138402
0.138787
0.138979
0.138979
0.138787
0.138402
0.137805
0.136950
0.135870
0.134457
0.132700
0.130536
0.127895
0.124678
0.120842
0.116305
0.110964
0.104714
0.000000
0.000000
0.185338
0.000000
0.105376
0.112420
0.118409
0.123477
0.127724
0.131220
0.134096
0.136411
0.138302
0.139842
0.141067
0.142092
0.142866
0.143486
0.143950
0.144236
0.144376
0.144376
0.144236
0.143950
0.143486
0.142866
0.142092
0.141067
0.139842
0.138302
0.136411
0.134096
0.131220
0.127724
0.123477
0.118409
0.112420
0.105376
0.000000
0.111767
0.118580
0.124318
0.129068
0.132943
0.136087
0.138589
0.140635
0.142324
0.143719
0.144870
0.145853
0.146645
0.147295
0.147815
0.148196
0.148444
0.148568
0.148568
0.148444
0.148196
0.147815
0.147295
0.146645
0.145853
0.144870
0.143719
0.142324
0.140635
0.138589
0.136087
0.132943
0.129068
0.124318
0.118580
0.111767
0.123453
0.128913
0.133326
0.136835
0.139650
0.141932
0.143799
0.145365
0.146713
0.147885
0.148883
0.149752
0.150492
0.151107
0.151598
0.151967
0.152218
0.152344
0.152344
0.152218
0.151967
0.151598
0.151107
0.150492
0.149752
0.148883
0.147885
0.146713
0.145365
0.143799
0.141932
0.139650
0.136835
0.133326
0.128913
0.123453
0.132424
0.136515
0.139749
0.142330
0.144455
0.146263
0.147825
0.149200
0.150438
0.151544
0.152541
0.153423
0.154189
0.154852
0.155383
0.155782
0.156050
0.156192
0.156192
0.156050
0.155782
0.155383
0.154852
0.154189
0.153423
0.152541
0.151544
0.150438
0.149200
0.147825
0.146263
0.144455
0.142330
0.139749
0.136515
0.132424
0.138885
0.141941
0.144390
0.146464
0.148275
0.149891
0.151368
0.152739
0.154000
0.155196
0.156276
0.157269
0.158130
0.158889
0.159496
0.159951
0.160270
0.160430
0.160430
0.160270
0.159951
0.159496
0.158889
0.158130
0.157269
0.156276
0.155196
0.154000
0.152739
0.151368
0.149891
0.148275
0.146464
0.144390
0.141941
0.138885
0.143584
0.146016
0.148097
0.149962
0.151686
0.153318
0.154876
0.156361
0.157781
0.159133
0.160369
0.161493
0.162474
0.163308
0.163974
0.164480
0.164817
0.164986
0.164986
0.164817
0.164480
0.163974
0.163308
0.162474
0.161493
0.160369
0.159133
0.157781
0.156361
0.154876
0.153318
0.151686
0.149962
0.148097
0.146016
0.143584
0.147263
0.149413
0.151389
0.153267
0.155089
0.156874
0.158620
0.160308
0.161916
0.163413
0.164756
0.165937
0.166936
0.167768
0.168416
0.168895
0.169215
0.169375
0.169375
0.169215
0.168895
0.168416
0.167768
0.166936
0.165937
0.164756
0.163413
0.161916
0.160308
0.158620
0.156874
0.155089
0.153267
0.151389
0.149413
0.147263
0.150477
0.152586
0.154639
0.156678
0.158715
0.160732
0.162687
0.164528
0.166213
0.167711
0.169001
0.170113
0.171015
0.171766
0.172339
0.172755
0.173033
0.173171
0.173171
0.173033
0.172755
0.172339
0.171766
0.171015
0.170113
0.169001
0.167711
0.166213
0.164528
0.162687
0.160732
0.158715
0.156678
0.154639
0.152586
0.150477
0.153548
0.155787
0.158052
0.160353
0.162629
0.164808
0.166823
0.168629
0.170215
0.171568
0.172712
0.173684
0.174472
0.175106
0.175613
0.175993
0.176224
0.176340
0.176340
0.176224
0.175993
0.175613
0.175106
0.174472
0.173684
0.172712
0.171568
0.170215
0.168629
0.166823
0.164808
0.162629
0.160353
0.158052
0.155787
0.153548
0.156717
0.159216
0.161747
0.164246
0.166603
0.168738
0.170619
0.172253
0.173642
0.174815
0.175830
0.176652
0.177345
0.177921
0.178348
0.178663
0.178873
0.178978
0.178978
0.178873
0.178663
0.178348
0.177921
0.177345
0.176652
0.175830
0.174815
0.173642
0.172253
0.170619
0.168738
0.166603
0.164246
0.161747
0.159216
0.156717
0.160083
0.162852
0.165544
0.168049
0.170273
0.172212
0.173880
0.175286
0.176505
0.177544
0.178425
0.179160
0.179790
0.180286
0.180668
0.180954
0.181145
0.181240
0.181240
0.181145
0.180954
0.180668
0.180286
0.179790
0.179160
0.178425
0.177544
0.176505
0.175286
0.173880
0.172212
0.170273
0.168049
0.165544
0.162852
0.160083
0.163635
0.166500
0.169122
0.171434
0.173424
0.175125
0.176590
0.177860
0.178923
0.179869
0.180644
0.181313
0.181885
0.182322
0.182660
0.182914
0.183083
0.183168
0.183168
0.183083
0.182914
0.182660
0.182322
0.181885
0.181313
0.180644
0.179869
0.178923
0.177860
0.176590
0.175125
0.173424
0.171434
0.169122
0.166500
0.163635
0.167118
0.169878
0.172273
0.174329
0.176098
0.177600
0.178897
0.180049
0.181004
0.181864
0.182556
0.183149
0.183658
0.184065
0.184336
0.184539
0.184674
0.184742
0.184742
0.184674
0.184539
0.184336
0.184065
0.183658
0.183149
0.182556
0.181864
0.181004
0.180049
0.178897
0.177600
0.176098
0.174329
0.172273
0.169878
0.167118
0.170296
0.172793
0.174932
0.176763
0.178347
0.179714
0.180887
0.181938
0.182792
0.183555
0.184186
0.184661
0.185067
0.185406
0.185677
0.185881
0.000000
0.000000
0.000000
0.000000
0.185881
0.185677
0.185406
0.185067
0.184661
0.184186
0.183555
0.182792
0.181938
0.180887
0.179714
0.178347
0.176763
0.174932
0.172793
0.170296
0.173036
0.175282
0.177198
0.178849
0.180293
0.181536
0.182606
0.183538
0.184309
0.184919
0.185461
0.185936
0.000000
0.000000
0.000000
0.000000
0.000000
0.000000
0.000000
0.000000
0.000000
0.000000
0.000000
0.000000
0.185936
0.185461
0.184919
0.184309
0.183538
0.182606
0.181536
0.180293
0.178849
0.177198
0.175282
0.173036
0.175380
0.177404
0.179142
0.180656
0.181995
0.183098
0.184093
0.184839
0.185518
0.000000
0.000000
0.000000
0.000000
0.100196
0.102187
0.103648
0.104607
0.105082
0.105082
0.104607
0.103648
0.102187
0.100196
0.000000
0.000000
0.000000
0.000000
0.185518
0.184839
0.184093
0.183098
0.181995
0.180656
0.179142
0.177404
0.175380
0.177379
0.179226
0.180828
0.182234
0.183422
0.184420
0.185235
0.185982
0.000000
0.000000
0.099617
0.103093
0.105967
0.108276
0.110076
0.111390
0.112258
0.112683
0.112683
0.112258
0.111390
0.110076
0.108276
0.105967
0.103093
0.099617
0.000000
0.000000
0.185982
0.185235
0.184420
0.183422
0.182234
0.180828
0.179226
0.177379
0.179100
0.180811
0.182304
0.183578
0.184613
0.185496
0.000000
0.000000
0.099037
0.103517
0.107299
0.110461
0.113058
0.115148
0.116772
0.117969
0.118741
0.119126
0.119126
0.118741
0.117969
0.116772
0.115148
0.113058
0.110461
0.107299
0.103517
0.099037
0.000000
0.000000
0.185496
0.184613
0.183578
0.182304
0.180811
0.179100
0.180602
0.182205
0.183565
0.184671
0.185622
0.000000
0.000000
0.101495
0.106318
0.110412
0.113863
0.116731
0.119088
0.120978
0.122445
0.123514
0.124216
0.124557
0.124557
0.124216
0.123514
0.122445
0.120978
0.119088
0.116731
0.113863
0.110412
0.106318
0.101495
0.000000
0.000000
0.185622
0.184671
0.183565
0.182205
0.180602
0.181929
0.183382
0.184593
0.185613
0.000000
0.000000
0.102917
0.108121
0.112544
0.116294
0.119439
0.122058
0.124188
0.125891
0.127190
0.128150
0.128760
0.129065
0.129065
0.128760
0.128150
0.127190
0.125891
0.124188
0.122058
0.119439
0.116294
0.112544
0.108121
0.102917
0.000000
0.000000
0.185613
0.184593
0.183382
0.181929
0.183030
0.184381
0.185469
0.000000
0.000000
0.103356
0.108981
0.113784
0.117859
0.121289
0.124164
0.126521
0.128435
0.129960
0.131102
0.131957
0.132488
0.132752
0.132752
0.132488
0.131957
0.131102
0.129960
0.128435
0.126521
0.124164
0.121289
0.117859
0.113784
0.108981
0.103356
0.000000
0.000000
0.185469
0.184381
0.183030
0.184032
0.185189
0.000000
0.000000
0.102823
0.108944
0.114172
0.118609
0.122365
0.125506
0.128113
0.130233
0.131943
0.133268
0.134297
0.135022
0.135506
0.135748
0.135748
0.135506
0.135022
0.134297
0.133268
0.131943
0.130233
0.128113
0.125506
0.122365
0.118609
0.114172
0.108944
0.102823
0.000000
0.000000
0.185189
0.184032
0.184773
0.185931
0.000000
0.101301
0.108006
0.113723
0.118585
0.122702
0.126162
0.129015
0.131362
0.133258
0.134773
0.135983
0.136864
0.137523
0.137962
0.138164
0.138164
0.137962
0.137523
0.136864
0.135983
0.134773
0.133258
0.131362
0.129015
0.126162
0.122702
0.118585
0.113723
0.108006
0.101301
0.000000
0.185931
0.184773
0.185448
0.000000
0.098730
0.106117
0.112418
0.117785
0.122329
0.126150
0.129310
0.131924
0.134040
0.135736
0.137080
0.138161
0.138953
0.139547
0.139943
0.140126
0.140126
0.139943
0.139547
0.138953
0.138161
0.137080
0.135736
0.134040
0.131924
0.129310
0.126150
0.122329
0.117785
0.112418
0.106117
0.098730
0.000000
0.185448
0.000000
0.000000
0.103209
0.110209
0.116166
0.121212
0.125465
0.128997
0.131919
0.134279
0.136198
0.137738
0.138952
0.139943
0.140659
0.141191
0.141546
0.141724
0.141724
0.141546
0.141191
0.140659
0.139943
0.138952
0.137738
0.136198
0.134279
0.131919
0.128997
0.125465
0.121212
0.116166
0.110209
0.103209
0.000000
0.000000
0.000000
0.099182
0.106999
0.113662
0.119312
0.124091
0.128076
0.131345
0.134036
0.136198
0.137959
0.139350
0.140483
0.141371
0.142074
0.142552
0.142871
0.143030
0.143030
0.142871
0.142552
0.142074
0.141371
0.140483
0.139350
0.137959
0.136198
0.134036
0.131345
0.128076
0.124091
0.119312
0.113662
0.106999
0.099182
0.000000
0.000000
0.102675
0.110177
0.116544
0.121941
0.126456
0.130201
0.133247
0.135736
0.137742
0.139354
0.140665
0.141731
0.142556
0.143195
0.143673
0.143992
0.144138
0.144138
0.143992
0.143673
0.143195
0.142556
0.141731
0.140665
0.139354
0.137742
0.135736
0.133247
0.130201
0.126456
0.121941
0.116544
0.110177
0.102675
0.000000
0.000000
0.105562
0.112787
0.118913
0.124086
0.128381
0.131920
0.134769
0.137087
0.138963
0.140493
0.141738
0.142722
0.143520
0.144144
0.144578
0.144868
0.145012
0.145012
0.144868
0.144578
0.144144
0.143520
0.142722
0.141738
0.140493
0.138963
0.137087
0.134769
0.131920
0.128381
0.124086
0.118913
0.112787
0.105562
0.000000
0.099642
0.107896
0.114895
0.120820
0.125800
0.129917
0.133257
0.135991
0.138177
0.139963
0.141390
0.142571
0.143529
0.144297
0.144876
0.145310
0.145600
0.145745
0.145745
0.145600
0.145310
0.144876
0.144297
0.143529
0.142571
0.141390
0.139963
0.138177
0.135991
0.133257
0.129917
0.125800
0.120820
0.114895
0.107896
0.099642
0.101654
0.109712
0.116539
0.122307
0.127117
0.131076
0.134299
0.136883
0.138980
0.140688
0.142101
0.143219
0.144161
0.144886
0.145465
0.145900
0.146176
0.146310
0.146310
0.146176
0.145900
0.145465
0.144886
0.144161
0.143219
0.142101
0.140688
0.138980
0.136883
0.134299
0.131076
0.127117
0.122307
0.116539
0.109712
0.101654
0.103135
0.111047
0.117752
0.123392
0.128097
0.131947
0.135040
0.137557
0.139588
0.141234
0.142591
0.143710
0.144607
0.145332
0.145912
0.146321
0.146589
0.146723
0.146723
0.146589
0.146321
0.145912
0.145332
0.144607
0.143710
0.142591
0.141234
0.139588
0.137557
0.135040
0.131947
0.128097
0.123392
0.117752
0.111047
0.103135
0.104119
0.111939
0.118548
0.124117
0.128724
0.132496
0.135541
0.138011
0.140000
0.141603
0.142924
0.144039
0.144910
0.145635
0.146199
0.146602
0.146870
0.147004
0.147004
0.146870
0.146602
0.146199
0.145635
0.144910
0.144039
0.142924
0.141603
0.140000
0.138011
0.135541
0.132496
0.128724
0.124117
0.118548
0.111939
0.104119
0.104609
0.112383
0.118952
0.124476
0.129048
0.132778
0.135801
0.138225
0.140192
0.141797
0.143098
0.144198
0.145069
0.145795
0.146347
0.146750
0.147019
0.147153
0.147153
0.147019
0.146750
0.146347
0.145795
0.145069
0.144198
0.143098
0.141797
0.140192
0.138225
0.135801
0.132778
0.129048
0.124476
0.118952
0.112383
0.104609
0.104624
0.112400
0.118971
0.124496
0.129069
0.132797
0.135821
0.138242
0.140209
0.141814
0.143114
0.144213
0.145085
0.145811
0.146362
0.146766
0.147034
0.147169
0.147169
0.147034
0.146766
0.146362
0.145811
0.145085
0.144213
0.143114
0.141814
0.140209
0.138242
0.135821
0.132797
0.129069
0.124496
0.118971
0.112400
0.104624
0.104164
0.111992
0.118605
0.124176
0.128785
0.132553
0.135599
0.138062
0.140048
0.141655
0.142972
0.144085
0.144957
0.145683
0.146245
0.146648
0.146917
0.147051
0.147051
0.146917
0.146648
0.146245
0.145683
0.144957
0.144085
0.142972
0.141655
0.140048
0.138062
0.135599
0.132553
0.128785
0.124176
0.118605
0.111992
0.104164
0.103208
0.111134
0.117848
0.123493
0.128196
0.132046
0.135135
0.137650
0.139677
0.141318
0.142671
0.143793
0.144684
0.145411
0.145993
0.146397
0.146666
0.146801
0.146801
0.146666
0.146397
0.145993
0.145411
0.144684
0.143793
0.142671
0.141318
0.139677
0.137650
0.135135
0.132046
0.128196
0.123493
0.117848
0.111134
0.103208
0.101753
0.109831
0.116670
0.122444
0.127260
0.131216
0.134430
0.137011
0.139103
0.140805
0.142210
0.143333
0.144268
0.144995
0.145577
0.146012
0.146282
0.146416
0.146416
0.146282
0.146012
0.145577
0.144995
0.144268
0.143333
0.142210
0.140805
0.139103
0.137011
0.134430
0.131216
0.127260
0.122444
0.116670
0.109831
0.101753
0.099763
0.108043
0.115061
0.120998
0.125986
0.130097
0.133435
0.136152
0.138331
0.140113
0.141544
0.142714
0.143677
0.144435
0.145017
0.145453
0.145744
0.145890
0.145890
0.145744
0.145453
0.145017
0.144435
0.143677
0.142714
0.141544
0.140113
0.138331
0.136152
0.133435
0.130097
0.125986
0.120998
0.115061
0.108043
0.099763
0.000000
0.105734
0.112983
0.119126
0.124304
0.128600
0.132135
0.134978
0.137289
0.139156
0.140675
0.141928
0.142898
0.143701
0.144312
0.144749
0.145040
0.145185
0.145185
0.145040
0.144749
0.144312
0.143701
0.142898
0.141928
0.140675
0.139156
0.137289
0.134978
0.132135
0.128600
0.124304
0.119126
0.112983
0.105734
0.000000
0.000000
0.102862
0.110396
0.116787
0.122197
0.126716
0.130456
0.133504
0.135989
0.137987
0.139586
0.140882
0.141956
0.142764
0.143406
0.143888
0.144190
0.144336
0.144336
0.144190
0.143888
0.143406
0.142764
0.141956
0.140882
0.139586
0.137987
0.135989
0.133504
0.130456
0.126716
0.122197
0.116787
0.110396
0.102862
0.000000
0.000000
0.099378
0.107240
0.113937
0.119607
0.124388
0.128372
0.131649
0.134314
0.136467
0.138219
0.139618
0.140732
0.141627
0.142309
0.142791
0.143112
0.143273
0.143273
0.143112
0.142791
0.142309
0.141627
0.140732
0.139618
0.138219
0.136467
0.134314
0.131649
0.128372
0.124388
0.119607
0.113937
0.107240
0.099378
0.000000
0.000000
0.000000
0.103459
0.110497
0.116481
0.121551
0.125815
0.129342
0.132249
0.134597
0.136503
0.138052
0.139252
0.140225
0.140942
0.141480
0.141838
0.142016
0.142016
0.141838
0.141480
0.140942
0.140225
0.139252
0.138052
0.136503
0.134597
0.132249
0.129342
0.125815
0.121551
0.116481
0.110497
0.103459
0.000000
0.000000
0.185456
0.000000
0.098975
0.106413
0.112753
0.118149
0.122704
0.126528
0.129699
0.132292
0.134393
0.136097
0.137430
0.138487
0.139287
0.139888
0.140258
0.140437
0.140437
0.140258
0.139888
0.139287
0.138487
0.137430
0.136097
0.134393
0.132292
0.129699
0.126528
0.122704
0.118149
0.112753
0.106413
0.098975
0.000000
0.185456
0.184775
0.185946
0.000000
0.101595
0.108346
0.114105
0.118990
0.123122
0.126581
0.129442
0.131788
0.133674
0.135171
0.136359
0.137249
0.137916
0.138324
0.138525
0.138525
0.138324
0.137916
0.137249
0.136359
0.135171
0.133674
0.131788
0.129442
0.126581
0.123122
0.118990
0.114105
0.108346
0.101595
0.000000
0.185946
0.184775
0.184024
0.185196
0.000000
0.000000
0.103157
0.109328
0.114588
0.119052
0.122820
0.125981
0.128570
0.130685
0.132387
0.133724
0.134727
0.135462
0.135953
0.136179
0.136179
0.135953
0.135462
0.134727
0.133724
0.132387
0.130685
0.128570
0.125981
0.122820
0.119052
0.114588
0.109328
0.103157
0.000000
0.000000
0.185196
0.184024
0.183005
0.184377
0.185481
0.000000
0.000000
0.103727
0.109400
0.114238
0.118336
0.121790
0.124661
0.127025
0.128936
0.130450
0.131606
0.132438
0.132973
0.133241
0.133241
0.132973
0.132438
0.131606
0.130450
0.128936
0.127025
0.124661
0.121790
0.118336
0.114238
0.109400
0.103727
0.000000
0.000000
0.185481
0.184377
0.183005
0.181880
0.183360
0.184593
0.185628
0.000000
0.000000
0.103311
0.108560
0.113023
0.116798
0.119972
0.122589
0.124726
0.126432
0.127744
0.128687
0.129306
0.129615
0.129615
0.129306
0.128687
0.127744
0.126432
0.124726
0.122589
0.119972
0.116798
0.113023
0.108560
0.103311
0.000000
0.000000
0.185628
0.184593
0.183360
0.181880
0.180528
0.182163
0.183545
0.184671
0.185638
0.000000
0.000000
0.101905
0.106774
0.110907
0.114387
0.117279
0.119655
0.121555
0.123022
0.124103
0.124795
0.125141
0.125141
0.124795
0.124103
0.123022
0.121555
0.119655
0.117279
0.114387
0.110907
0.106774
0.101905
0.000000
0.000000
0.185638
0.184671
0.183545
0.182163
0.180528
0.178986
0.180735
0.182261
0.183557
0.184613
0.185511
0.000000
0.000000
0.099443
0.103980
0.107804
0.110991
0.113617
0.115727
0.117360
0.118558
0.119342
0.119734
0.119734
0.119342
0.118558
0.117360
0.115727
0.113617
0.110991
0.107804
0.103980
0.099443
0.000000
0.000000
0.185511
0.184613
0.183557
0.182261
0.180735
0.178986
0.177212
0.179107
0.180748
0.182187
0.183397
0.184416
0.185246
0.000000
0.000000
0.000000
0.100058
0.103579
0.106481
0.108816
0.110634
0.111972
0.112839
0.113272
0.113272
0.112839
0.111972
0.110634
0.108816
0.106481
0.103579
0.100058
0.000000
0.000000
0.000000
0.185246
0.184416
0.183397
0.182187
0.180748
0.179107
0.177212
0.175143
0.177227
0.179014
0.180567
0.181933
0.183065
0.184082
0.184843
0.185535
0.000000
0.000000
0.000000
0.098080
0.100667
0.102685
0.104170
0.105139
0.105623
0.105623
0.105139
0.104170
0.102685
0.100667
0.098080
0.000000
0.000000
0.000000
0.185535
0.184843
0.184082
0.183065
0.181933
0.180567
0.179014
0.177227
0.175143
0.172711
0.175030
0.177007
0.178707
0.180192
0.181461
0.182560
0.183512
0.184302
0.184925
0.185479
0.185963
0.000000
0.000000
0.000000
0.000000
0.000000
0.000000
0.000000
0.000000
0.000000
0.000000
0.000000
0.000000
0.185963
0.185479
0.184925
0.184302
0.183512
0.182560
0.181461
0.180192
0.178707
0.177007
0.175030
0.172711
0.169854
0.172444
0.174658
0.176551
0.178187
0.179584
0.180794
0.181868
0.182749
0.183528
0.184177
0.184661
0.185077
0.185423
0.185700
0.185908
0.000000
0.000000
0.000000
0.000000
0.185908
0.185700
0.185423
0.185077
0.184661
0.184177
0.183528
0.182749
0.181868
0.180794
0.179584
0.178187
0.176551
0.174658
0.172444
0.169854
0.166537
0.169382
0.171886
0.174027
0.175846
0.177397
0.178742
0.179925
0.180908
0.181788
0.182505
0.183111
0.183631
0.184052
0.184329
0.184536
0.184675
0.184744
0.184744
0.184675
0.184536
0.184329
0.184052
0.183631
0.183111
0.182505
0.181788
0.180908
0.179925
0.178742
0.177397
0.175846
0.174027
0.171886
0.169382
0.166537
0.162941
0.165874
0.168584
0.170982
0.173054
0.174827
0.176352
0.177653
0.178760
0.179729
0.180536
0.181220
0.181806
0.182262
0.182608
0.182869
0.183042
0.183129
0.183129
0.183042
0.182869
0.182608
0.182262
0.181806
0.181220
0.180536
0.179729
0.178760
0.177653
0.176352
0.174827
0.173054
0.170982
0.168584
0.165874
0.162941
0.159332
0.162105
0.164856
0.167436
0.169757
0.171777
0.173504
0.174978
0.176254
0.177319
0.178242
0.178995
0.179641
0.180163
0.180554
0.180848
0.181044
0.181141
0.181141
0.181044
0.180848
0.180554
0.180163
0.179641
0.178995
0.178242
0.177319
0.176254
0.174978
0.173504
0.171777
0.169757
0.167436
0.164856
0.162105
0.159332
0.155910
0.158414
0.160966
0.163499
0.165921
0.168139
0.170104
0.171802
0.173243
0.174480
0.175522
0.176394
0.177104
0.177696
0.178155
0.178478
0.178693
0.178801
0.178801
0.178693
0.178478
0.178155
0.177696
0.177104
0.176394
0.175522
0.174480
0.173243
0.171802
0.170104
0.168139
0.165921
0.163499
0.160966
0.158414
0.155910
0.152712
0.154969
0.157236
0.159528
0.161816
0.164039
0.166120
0.168001
0.169645
0.171057
0.172270
0.173268
0.174114
0.174765
0.175286
0.175677
0.175937
0.176062
0.176062
0.175937
0.175677
0.175286
0.174765
0.174114
0.173268
0.172270
0.171057
0.169645
0.168001
0.166120
0.164039
0.161816
0.159528
0.157236
0.154969
0.152712
0.149537
0.151696
0.153767
0.155807
0.157841
0.159863
0.161840
0.163722
0.165455
0.167004
0.168358
0.169510
0.170466
0.171239
0.171857
0.172296
0.172582
0.172725
0.172725
0.172582
0.172296
0.171857
0.171239
0.170466
0.169510
0.168358
0.167004
0.165455
0.163722
0.161840
0.159863
0.157841
0.155807
0.153767
0.151696
0.149537
0.146134
0.148398
0.150443
0.152354
0.154183
0.155963
0.157716
0.159417
0.161039
0.162549
0.163922
0.165138
0.166178
0.167034
0.167719
0.168224
0.168553
0.168717
0.168717
0.168553
0.168224
0.167719
0.167034
0.166178
0.165138
0.163922
0.162549
0.161039
0.159417
0.157716
0.155963
0.154183
0.152354
0.150443
0.148398
0.146134
0.142061
0.144709
0.146955
0.148926
0.150713
0.152371
0.153932
0.155435
0.156860
0.158190
0.159443
0.160570
0.161564
0.162406
0.163094
0.163609
0.163953
0.164126
0.164126
0.163953
0.163609
0.163094
0.162406
0.161564
0.160570
0.159443
0.158190
0.156860
0.155435
0.153932
0.152371
0.150713
0.148926
0.146955
0.144709
0.142061
0.136614
0.140123
0.142878
0.145161
0.147105
0.148814
0.150349
0.151746
0.153040
0.154223
0.155319
0.156298
0.157177
0.157909
0.158530
0.159000
0.159313
0.159470
0.159470
0.159313
0.159000
0.158530
0.157909
0.157177
0.156298
0.155319
0.154223
0.153040
0.151746
0.150349
0.148814
0.147105
0.145161
0.142878
0.140123
0.136614
0.128942
0.133754
0.137520
0.140499
0.142896
0.144888
0.146585
0.148062
0.149345
0.150495
0.151511
0.152410
0.153191
0.153842
0.154382
0.154793
0.155068
0.155205
0.155205
0.155068
0.154793
0.154382
0.153842
0.153191
0.152410
0.151511
0.150495
0.149345
0.148062
0.146585
0.144888
0.142896
0.140499
0.137520
0.133754
0.128942
0.118441
0.124723
0.129892
0.134043
0.137323
0.139982
0.142114
0.143878
0.145343
0.146604
0.147680
0.148594
0.149364
0.150006
0.150515
0.150896
0.151150
0.151277
0.151277
0.151150
0.150896
0.150515
0.150006
0.149364
0.148594
0.147680
0.146604
0.145343
0.143878
0.142114
0.139982
0.137323
0.134043
0.129892
0.124723
0.118441
0.104941
0.112698
0.119252
0.124754
0.129308
0.133011
0.136020
0.138411
0.140363
0.141972
0.143258
0.144346
0.145219
0.145946
0.146489
0.146893
0.147162
0.147297
0.147297
0.147162
0.146893
0.146489
0.145946
0.145219
0.144346
0.143258
0.141972
0.140363
0.138411
0.136020
0.133011
0.129308
0.124754
0.119252
0.112698
0.104941
0.000000
0.000000
0.105458
0.112304
0.118120
0.123026
0.127137
0.130536
0.133309
0.135564
0.137377
0.138836
0.140030
0.140924
0.141640
0.142158
0.142479
0.142640
0.142640
0.142479
0.142158
0.141640
0.140924
0.140030
0.138836
0.137377
0.135564
0.133309
0.130536
0.127137
0.123026
0.118120
0.112304
0.105458
0.000000
0.000000
0.184094
0.185262
0.000000
0.000000
0.103564
0.109686
0.114899
0.119330
0.123065
0.126195
0.128763
0.130859
0.132543
0.133876
0.134864
0.135597
0.136077
0.136299
0.136299
0.136077
0.135597
0.134864
0.133876
0.132543
0.130859
0.128763
0.126195
0.123065
0.119330
0.114899
0.109686
0.103564
0.000000
0.000000
0.185262
0.184094
0.181097
0.182661
0.184030
0.185061
0.000000
0.000000
0.099078
0.104583
0.109276
0.113252
0.116595
0.119374
0.121652
0.123469
0.124871
0.125904
0.126563
0.126890
0.126890
0.126563
0.125904
0.124871
0.123469
0.121652
0.119374
0.116595
0.113252
0.109276
0.104583
0.099078
0.000000
0.000000
0.185061
0.184030
0.182661
0.181097
0.177424
0.179291
0.180908
0.182322
0.183527
0.184516
0.185341
0.000000
0.000000
0.000000
0.100667
0.104153
0.107016
0.109327
0.111121
0.112440
0.113302
0.113733
0.113733
0.113302
0.112440
0.111121
0.109327
0.107016
0.104153
0.100667
0.000000
0.000000
0.000000
0.185341
0.184516
0.183527
0.182322
0.180908
0.179291
0.177424
0.172819
0.175117
0.177076
0.178762
0.180234
0.181496
0.182586
0.183533
0.184315
0.184935
0.185485
0.185967
0.000000
0.000000
0.000000
0.000000
0.000000
0.000000
0.000000
0.000000
0.000000
0.000000
0.000000
0.000000
0.185967
0.185485
0.184935
0.184315
0.183533
0.182586
0.181496
0.180234
0.178762
0.177076
0.175117
0.172819
0.167006
0.169817
0.172258
0.174347
0.176142
0.177670
0.178982
0.180144
0.181115
0.181989
0.182679
0.183282
0.183799
0.184184
0.184459
0.184666
0.184803
0.184872
0.184872
0.184803
0.184666
0.184459
0.184184
0.183799
0.183282
0.182679
0.181989
0.181115
0.180144
0.178982
0.177670
0.176142
0.174347
0.172258
0.169817
0.167006
0.160574
0.163414
0.166161
0.168680
0.170906
0.172830
0.174483
0.175905
0.177089
0.178134
0.178990
0.179738
0.180345
0.180831
0.181220
0.181511
0.181706
0.181803
0.181803
0.181706
0.181511
0.181220
0.180831
0.180345
0.179738
0.178990
0.178134
0.177089
0.175905
0.174483
0.172830
0.170906
0.168680
0.166161
0.163414
0.160574
0.154801
0.157186
0.159613
0.162055
0.164445
0.166675
0.168686
0.170452
0.171986
0.173262
0.174361
0.175266
0.176039
0.176627
0.177097
0.177450
0.177685
0.177803
0.177803
0.177685
0.177450
0.177097
0.176627
0.176039
0.175266
0.174361
0.173262
0.171986
0.170452
0.168686
0.166675
0.164445
0.162055
0.159613
0.157186
0.154801
0.149656
0.151798
0.153857
0.155888
0.157913
0.159926
0.161893
0.163763
0.165485
0.167022
0.168367
0.169510
0.170460
0.171228
0.171842
0.172279
0.172562
0.172704
0.172704
0.172562
0.172279
0.171842
0.171228
0.170460
0.169510
0.168367
0.167022
0.165485
0.163763
0.161893
0.159926
0.157913
0.155888
0.153857
0.151798
0.149656
0.144127
0.146533
0.148636
0.150539
0.152309
0.153987
0.155617
0.157189
0.158687
0.160091
0.161406
0.162577
0.163600
0.164458
0.165148
0.165666
0.166010
0.166181
0.166181
0.166010
0.165666
0.165148
0.164458
0.163600
0.162577
0.161406
0.160091
0.158687
0.157189
0.155617
0.153987
0.152309
0.150539
0.148636
0.146533
0.144127
0.136430
0.139946
0.142705
0.144988
0.146931
0.148635
0.150161
0.151546
0.152826
0.153989
0.155076
0.156030
0.156903
0.157629
0.158226
0.158692
0.159003
0.159159
0.159159
0.159003
0.158692
0.158226
0.157629
0.156903
0.156030
0.155076
0.153989
0.152826
0.151546
0.150161
0.148635
0.146931
0.144988
0.142705
0.139946
0.136430
0.124130
0.129627
0.134045
0.137519
0.140300
0.142542
0.144409
0.145995
0.147331
0.148508
0.149527
0.150414
0.151170
0.151800
0.152312
0.152700
0.152958
0.153087
0.153087
0.152958
0.152700
0.152312
0.151800
0.151170
0.150414
0.149527
0.148508
0.147331
0.145995
0.144409
0.142542
0.140300
0.137519
0.134045
0.129627
0.124130
0.106132
0.113707
0.120112
0.125476
0.129918
0.133511
0.136415
0.138749
0.140651
0.142222
0.143495
0.144552
0.145418
0.146129
0.146663
0.147064
0.147331
0.147465
0.147465
0.147331
0.147064
0.146663
0.146129
0.145418
0.144552
0.143495
0.142222
0.140651
0.138749
0.136415
0.133511
0.129918
0.125476
0.120112
0.113707
0.106132
0.185650
0.000000
0.100245
0.107494
0.113682
0.118937
0.123386
0.127108
0.130199
0.132711
0.134756
0.136410
0.137729
0.138746
0.139538
0.140118
0.140473
0.140650
0.140650
0.140473
0.140118
0.139538
0.138746
0.137729
0.136410
0.134756
0.132711
0.130199
0.127108
0.123386
0.118937
0.113682
0.107494
0.100245
0.000000
0.185650
0.182135
0.183584
0.184758
0.185781
0.000000
0.098165
0.104165
0.109293
0.113661
0.117351
0.120451
0.123016
0.125109
0.126775
0.128067
0.128984
0.129595
0.129901
0.129901
0.129595
0.128984
0.128067
0.126775
0.125109
0.123016
0.120451
0.117351
0.113661
0.109293
0.104165
0.098165
0.000000
0.185781
0.184758
0.183584
0.182135
0.177322
0.179182
0.180796
0.182212
0.183406
0.184412
0.185230
0.185981
0.000000
0.000000
0.099675
0.103165
0.106050
0.108367
0.110173
0.111493
0.112363
0.112790
0.112790
0.112363
0.111493
0.110173
0.108367
0.106050
0.103165
0.099675
0.000000
0.000000
0.185981
0.185230
0.184412
0.183406
0.182212
0.180796
0.179182
0.177322
0.170956
0.173419
0.175518
0.177308
0.178854
0.180210
0.181364
0.182375
0.183228
0.183997
0.184543
0.185021
0.185430
0.185772
0.000000
0.000000
0.000000
0.000000
0.000000
0.000000
0.000000
0.000000
0.185772
0.185430
0.185021
0.184543
0.183997
0.183228
0.182375
0.181364
0.180210
0.178854
0.177308
0.175518
0.173419
0.170956
0.162844
0.165731
0.168410
0.170784
0.172841
0.174607
0.176131
0.177412
0.178525
0.179479
0.180297
0.180971
0.181549
0.182027
0.182368
0.182625
0.182795
0.182881
0.182881
0.182795
0.182625
0.182368
0.182027
0.181549
0.180971
0.180297
0.179479
0.178525
0.177412
0.176131
0.174607
0.172841
0.170784
0.168410
0.165731
0.162844
0.155200
0.157590
0.160024
0.162481
0.164854
0.167058
0.169036
0.170766
0.172264
0.173527
0.174593
0.175490
0.176236
0.176819
0.177285
0.177635
0.177868
0.177984
0.177984
0.177868
0.177635
0.177285
0.176819
0.176236
0.175490
0.174593
0.173527
0.172264
0.170766
0.169036
0.167058
0.164854
0.162481
0.160024
0.157590
0.155200
0.148669
0.150802
0.152817
0.154774
0.156704
0.158614
0.160488
0.162289
0.163977
0.165515
0.166869
0.168046
0.169017
0.169826
0.170445
0.170901
0.171205
0.171357
0.171357
0.171205
0.170901
0.170445
0.169826
0.169017
0.168046
0.166869
0.165515
0.163977
0.162289
0.160488
0.158614
0.156704
0.154774
0.152817
0.150802
0.148669
0.141118
0.143885
0.146166
0.148141
0.149906
0.151529
0.153052
0.154483
0.155830
0.157114
0.158285
0.159362
0.160303
0.161117
0.161769
0.162267
0.162605
0.162774
0.162774
0.162605
0.162267
0.161769
0.161117
0.160303
0.159362
0.158285
0.157114
0.155830
0.154483
0.153052
0.151529
0.149906
0.148141
0.146166
0.143885
0.141118
0.128689
0.133458
0.137213
0.140205
0.142594
0.144582
0.146274
0.147728
0.149002
0.150136
0.151134
0.152008
0.152776
0.153416
0.153928
0.154328
0.154598
0.154733
0.154733
0.154598
0.154328
0.153928
0.153416
0.152776
0.152008
0.151134
0.150136
0.149002
0.147728
0.146274
0.144582
0.142594
0.140205
0.137213
0.133458
0.128689
0.108114
0.115415
0.121584
0.126736
0.130972
0.134411
0.137169
0.139407
0.141224
0.142722
0.143983
0.144985
0.145842
0.146515
0.147045
0.147441
0.147706
0.147838
0.147838
0.147706
0.147441
0.147045
0.146515
0.145842
0.144985
0.143983
0.142722
0.141224
0.139407
0.137169
0.134411
0.130972
0.126736
0.121584
0.115415
0.108114
0.185284
0.000000
0.000000
0.104751
0.111109
0.116531
0.121132
0.125012
0.128255
0.130913
0.133087
0.134843
0.136256
0.137344
0.138194
0.138782
0.139174
0.139370
0.139370
0.139174
0.138782
0.138194
0.137344
0.136256
0.134843
0.133087
0.130913
0.128255
0.125012
0.121132
0.116531
0.111109
0.104751
0.000000
0.000000
0.185284
0.180710
0.182291
0.183642
0.184726
0.185671
0.000000
0.000000
0.101741
0.106517
0.110574
0.113998
0.116840
0.119178
0.121053
0.122508
0.123570
0.124265
0.124604
0.124604
0.124265
0.123570
0.122508
0.121053
0.119178
0.116840
0.113998
0.110574
0.106517
0.101741
0.000000
0.000000
0.185671
0.184726
0.183642
0.182291
0.180710
0.174302
0.176415
0.178235
0.179808
0.181159
0.182352
0.183366
0.184236
0.184912
0.185520
0.000000
0.000000
0.000000
0.000000
0.000000
0.099124
0.100137
0.100634
0.100634
0.100137
0.099124
0.000000
0.000000
0.000000
0.000000
0.000000
0.185520
0.184912
0.184236
0.183366
0.182352
0.181159
0.179808
0.178235
0.176415
0.174302
0.165374
0.168205
0.170719
0.172899
0.174770
0.176381
0.177764
0.178939
0.179989
0.180847
0.181610
0.182246
0.182753
0.183175
0.183513
0.183767
0.183936
0.184017
0.184017
0.183936
0.183767
0.183513
0.183175
0.182753
0.182246
0.181610
0.180847
0.179989
0.178939
0.177764
0.176381
0.174770
0.172899
0.170719
0.168205
0.165374
0.156054
0.158507
0.160997
0.163465
0.165826
0.167994
0.169915
0.171575
0.172997
0.174226
0.175241
0.176117
0.176809
0.177386
0.177848
0.178176
0.178386
0.178491
0.178491
0.178386
0.178176
0.177848
0.177386
0.176809
0.176117
0.175241
0.174226
0.172997
0.171575
0.169915
0.167994
0.165826
0.163465
0.160997
0.158507
0.156054
0.148384
0.150500
0.152486
0.154405
0.156289
0.158150
0.159978
0.161750
0.163412
0.164927
0.166276
0.167443
0.168425
0.169226
0.169867
0.170327
0.170628
0.170778
0.170778
0.170628
0.170327
0.169867
0.169226
0.168425
0.167443
0.166276
0.164927
0.163412
0.161750
0.159978
0.158150
0.156289
0.154405
0.152486
0.150500
0.148384
0.139130
0.142154
0.144587
0.146654
0.148463
0.150084
0.151566
0.152948
0.154225
0.155425
0.156526
0.157523
0.158405
0.159167
0.159777
0.160247
0.160570
0.160731
0.160731
0.160570
0.160247
0.159777
0.159167
0.158405
0.157523
0.156526
0.155425
0.154225
0.152948
0.151566
0.150084
0.148463
0.146654
0.144587
0.142154
0.139130
0.122256
0.127914
0.132488
0.136156
0.139053
0.141410
0.143341
0.144958
0.146344
0.147522
0.148543
0.149417
0.150164
0.150782
0.151276
0.151647
0.151894
0.152018
0.152018
0.151894
0.151647
0.151276
0.150782
0.150164
0.149417
0.148543
0.147522
0.146344
0.144958
0.143341
0.141410
0.139053
0.136156
0.132488
0.127914
0.122256
0.000000
0.102906
0.110230
0.116460
0.121750
0.126197
0.129891
0.132902
0.135367
0.137364
0.138978
0.140301
0.141344
0.142191
0.142815
0.143283
0.143595
0.143751
0.143751
0.143595
0.143283
0.142815
0.142191
0.141344
0.140301
0.138978
0.137364
0.135367
0.132902
0.129891
0.126197
0.121750
0.116460
0.110230
0.102906
0.000000
0.182529
0.183949
0.185028
0.000000
0.000000
0.099762
0.105536
0.110478
0.114684
0.118250
0.121235
0.123718
0.125738
0.127339
0.128575
0.129473
0.130067
0.130347
0.130347
0.130067
0.129473
0.128575
0.127339
0.125738
0.123718
0.121235
0.118250
0.114684
0.110478
0.105536
0.099762
0.000000
0.000000
0.185028
0.183949
0.182529
0.175863
0.177813
0.179490
0.180950
0.182239
0.183326
0.184263
0.184998
0.185666
0.000000
0.000000
0.000000
0.098541
0.101032
0.102974
0.104403
0.105339
0.105807
0.105807
0.105339
0.104403
0.102974
0.101032
0.098541
0.000000
0.000000
0.000000
0.185666
0.184998
0.184263
0.183326
0.182239
0.180950
0.179490
0.177813
0.175863
0.166186
0.168948
0.171392
0.173499
0.175299
0.176846
0.178195
0.179337
0.180341
0.181189
0.181944
0.182535
0.183037
0.183455
0.183790
0.184032
0.184166
0.184233
0.184233
0.184166
0.184032
0.183790
0.183455
0.183037
0.182535
0.181944
0.181189
0.180341
0.179337
0.178195
0.176846
0.175299
0.173499
0.171392
0.168948
0.166186
0.155696
0.158075
0.160513
0.162937
0.165266
0.167419
0.169343
0.171020
0.172469
0.173706
0.174736
0.175615
0.176334
0.176905
0.177362
0.177704
0.177932
0.178042
0.178042
0.177932
0.177704
0.177362
0.176905
0.176334
0.175615
0.174736
0.173706
0.172469
0.171020
0.169343
0.167419
0.165266
0.162937
0.160513
0.158075
0.155696
0.147079
0.149219
0.151181
0.153038
0.154833
0.156585
0.158295
0.159953
0.161545
0.163016
0.164343
0.165515
0.166511
0.167336
0.167996
0.168471
0.168788
0.168947
0.168947
0.168788
0.168471
0.167996
0.167336
0.166511
0.165515
0.164343
0.163016
0.161545
0.159953
0.158295
0.156585
0.154833
0.153038
0.151181
0.149219
0.147079
0.135415
0.138980
0.141835
0.144149
0.146099
0.147781
0.149273
0.150625
0.151847
0.152970
0.153972
0.154894
0.155686
0.156369
0.156933
0.157356
0.157638
0.157779
0.157779
0.157638
0.157356
0.156933
0.156369
0.155686
0.154894
0.153972
0.152970
0.151847
0.150625
0.149273
0.147781
0.146099
0.144149
0.141835
0.138980
0.135415
0.112534
0.119240
0.124877
0.129548
0.133342
0.136407
0.138867
0.140875
0.142533
0.143922
0.145048
0.146026
0.146802
0.147450
0.147968
0.148340
0.148587
0.148710
0.148710
0.148587
0.148340
0.147968
0.147450
0.146802
0.146026
0.145048
0.143922
0.142533
0.140875
0.138867
0.136407
0.133342
0.129548
0.124877
0.119240
0.112534
0.184959
0.000000
0.000000
0.101949
0.108402
0.113929
0.118633
0.122628
0.125998
0.128778
0.131072
0.132934
0.134432
0.135606
0.136495
0.137134
0.137560
0.137773
0.137773
0.137560
0.137134
0.136495
0.135606
0.134432
0.132934
0.131072
0.128778
0.125998
0.122628
0.118633
0.113929
0.108402
0.101949
0.000000
0.000000
0.184959
