0.157438
0.158804
0.160133
0.161443
0.162691
0.163869
0.164968
0.165976
0.166880
0.167693
0.168400
0.169007
0.169528
0.169962
0.170291
0.170535
0.170698
0.170780
0.170780
0.170698
0.170535
0.170291
0.169962
0.169528
0.169007
0.168400
0.167693
0.166880
0.165976
0.164968
0.163869
0.162691
0.161443
0.160133
0.158804
0.157438
0.163652
0.165207
0.166664
0.168019
0.169235
0.170341
0.171320
0.172201
0.172954
0.173632
0.174214
0.174695
0.175108
0.175452
0.175727
0.175933
0.176064
0.176127
0.176127
0.176064
0.175933
0.175727
0.175452
0.175108
0.174695
0.174214
0.173632
0.172954
0.172201
0.171320
0.170341
0.169235
0.168019
0.166664
0.165207
0.163652
0.170067
0.171454
0.172701
0.173831
0.174809
0.175703
0.176481
0.177168
0.177794
0.178324
0.178780
0.179178
0.179519
0.179804
0.180028
0.180183
0.180287
0.180338
0.180338
0.180287
0.180183
0.180028
0.179804
0.179519
0.179178
0.178780
0.178324
0.177794
0.177168
0.176481
0.175703
0.174809
0.173831
0.172701
0.171454
0.170067
0.175405
0.176522
0.177523
0.178420
0.179216
0.179956
0.180580
0.181149
0.181666
0.182116
0.182482
0.182803
0.183078
0.183307
0.183490
0.183628
0.183720
0.183765
0.183765
0.183720
0.183628
0.183490
0.183307
0.183078
0.182803
0.182482
0.182116
0.181666
0.181149
0.180580
0.179956
0.179216
0.178420
0.177523
0.176522
0.175405
0.179654
0.180565
0.181392
0.182148
0.182790
0.183386
0.183936
0.184352
0.184718
0.185048
0.185341
0.185597
0.185817
0.000000
0.000000
0.000000
0.000000
0.000000
0.000000
0.000000
0.000000
0.000000
0.000000
0.185817
0.185597
0.185341
0.185048
0.184718
0.184352
0.183936
0.183386
0.182790
0.182148
0.181392
0.180565
0.179654
0.183098
0.183877
0.184488
0.185038
0.185551
0.000000
0.000000
0.000000
0.000000
0.000000
0.099954
0.101840
0.103421
0.104718
0.105743
0.106500
0.106999
0.107249
0.107249
0.106999
0.106500
0.105743
0.104718
0.103421
0.101840
0.099954
0.000000
0.000000
0.000000
0.000000
0.000000
0.185551
0.185038
0.184488
0.183877
0.183098
0.185762
0.000000
0.000000
0.000000
0.101240
0.104660
0.107693
0.110366
0.112707
0.114748
0.116510
0.118015
0.119262
0.120290
0.121090
0.121690
0.122087
0.122279
0.122279
0.122087
0.121690
0.121090
0.120290
0.119262
0.118015
0.116510
0.114748
0.112707
0.110366
0.107693
0.104660
0.101240
0.000000
0.000000
0.000000
0.185762
0.102516
0.106891
0.110789
0.114258
0.117328
0.120051
0.122434
0.124522
0.126338
0.127905
0.129223
0.130347
0.131267
0.132032
0.132599
0.133025
0.133309
0.133451
0.133451
0.133309
0.133025
0.132599
0.132032
0.131267
0.130347
0.129223
0.127905
0.126338
0.124522
0.122434
0.120051
0.117328
0.114258
0.110789
0.106891
0.102516
0.118143
0.121615
0.124673
0.127352
0.129687
0.131702
0.133428
0.134908
0.136190
0.137253
0.138178
0.138922
0.139560
0.140082
0.140463
0.140749
0.140940
0.141035
0.141035
0.140940
0.140749
0.140463
0.140082
0.139560
0.138922
0.138178
0.137253
0.136190
0.134908
0.133428
0.131702
0.129687
0.127352
0.124673
0.121615
0.118143
0.130144
0.132696
0.134888
0.136763
0.138376
0.139758
0.140927
0.141976
0.142833
0.143603
0.144261
0.144803
0.145269
0.145657
0.145967
0.146184
0.146328
0.146400
0.146400
0.146328
0.146184
0.145967
0.145657
0.145269
0.144803
0.144261
0.143603
0.142833
0.141976
0.140927
0.139758
0.138376
0.136763
0.134888
0.132696
0.130144
0.138575
0.140343
0.141869
0.143166
0.144330
0.145338
0.146249
0.147038
0.147756
0.148384
0.148931
0.149411
0.149822
0.150162
0.150433
0.150637
0.150772
0.150840
0.150840
0.150772
0.150637
0.150433
0.150162
0.149822
0.149411
0.148931
0.148384
0.147756
0.147038
0.146249
0.145338
0.144330
0.143166
0.141869
0.140343
0.138575
0.144399
0.145718
0.146888
0.147965
0.148926
0.149816
0.150631
0.151377
0.152056
0.152681
0.153237
0.153723
0.154147
0.154513
0.154805
0.155024
0.155171
0.155244
0.155244
0.155171
0.155024
0.154805
0.154513
0.154147
0.153723
0.153237
0.152681
0.152056
0.151377
0.150631
0.149816
0.148926
0.147965
0.146888
0.145718
0.144399
0.148921
0.150085
0.151169
0.152191
0.153163
0.154070
0.154948
0.155753
0.156518
0.157221
0.157847
0.158421
0.158923
0.159341
0.159675
0.159926
0.160099
0.160187
0.160187
0.160099
0.159926
0.159675
0.159341
0.158923
0.158421
0.157847
0.157221
0.156518
0.155753
0.154948
0.154070
0.153163
0.152191
0.151169
0.150085
0.148921
0.153091
0.154287
0.155458
0.156594
0.157688
0.158754
0.159757
0.160716
0.161601
0.162411
0.163145
0.163787
0.164341
0.164805
0.165176
0.165455
0.165640
0.165733
0.165733
0.165640
0.165455
0.165176
0.164805
0.164341
0.163787
0.163145
0.162411
0.161601
0.160716
0.159757
0.158754
0.157688
0.156594
0.155458
0.154287
0.153091
0.157531
0.158920
0.160273
0.161600
0.162870
0.164063
0.165177
0.166195
0.167110
0.167933
0.168639
0.169254
0.169781
0.170208
0.170538
0.170785
0.170951
0.171033
0.171033
0.170951
0.170785
0.170538
0.170208
0.169781
0.169254
0.168639
0.167933
0.167110
0.166195
0.165177
0.164063
0.162870
0.161600
0.160273
0.158920
0.157531
0.162596
0.164158
0.165643
0.167021
0.168290
0.169433
0.170458
0.171367
0.172178
0.172864
0.173474
0.174007
0.174425
0.174773
0.175052
0.175261
0.175400
0.175470
0.175470
0.175400
0.175261
0.175052
0.174773
0.174425
0.174007
0.173474
0.172864
0.172178
0.171367
0.170458
0.169433
0.168290
0.167021
0.165643
0.164158
0.162596
0.167940
0.169437
0.170793
0.172030
0.173097
0.174081
0.174917
0.175683
0.176345
0.176915
0.177422
0.177865
0.178223
0.178511
0.178741
0.178914
0.179029
0.179087
0.179087
0.179029
0.178914
0.178741
0.178511
0.178223
0.177865
0.177422
0.176915
0.176345
0.175683
0.174917
0.174081
0.173097
0.172030
0.170793
0.169437
0.167940
0.172721
0.174017
0.175131
0.176160
0.177047
0.177871
0.178574
0.179207
0.179783
0.180274
0.180693
0.181059
0.181373
0.181635
0.181844
0.182001
0.182094
0.182140
0.182140
0.182094
0.182001
0.181844
0.181635
0.181373
0.181059
0.180693
0.180274
0.179783
0.179207
0.178574
0.177871
0.177047
0.176160
0.175131
0.174017
0.172721
0.176673
0.177750
0.178695
0.179559
0.180332
0.181013
0.181641
0.182192
0.182656
0.183074
0.183445
0.183770
0.184039
0.184224
0.184372
0.184484
0.184558
0.184595
0.184595
0.184558
0.184484
0.184372
0.184224
0.184039
0.183770
0.183445
0.183074
0.182656
0.182192
0.181641
0.181013
0.180332
0.179559
0.178695
0.177750
0.176673
0.179970
0.180862
0.181700
0.182430
0.183080
0.183684
0.184192
0.184601
0.184972
0.185306
0.185602
0.185862
0.000000
0.000000
0.000000
0.000000
0.000000
0.000000
0.000000
0.000000
0.000000
0.000000
0.000000
0.000000
0.185862
0.185602
0.185306
0.184972
0.184601
0.184192
0.183684
0.183080
0.182430
0.181700
0.180862
0.179970
0.182716
0.183505
0.184198
0.184755
0.185275
0.185757
0.000000
0.000000
0.000000
0.000000
0.098097
0.100050
0.101686
0.103025
0.104088
0.104867
0.105387
0.105646
0.105646
0.105387
0.104867
0.104088
0.103025
0.101686
0.100050
0.098097
0.000000
0.000000
0.000000
0.000000
0.185757
0.185275
0.184755
0.184198
0.183505
0.182716
0.184947
0.185578
0.000000
0.000000
0.000000
0.098989
0.102279
0.105179
0.107732
0.109955
0.111871
0.113501
0.114868
0.115994
0.116866
0.117519
0.117955
0.118167
0.118167
0.117955
0.117519
0.116866
0.115994
0.114868
0.113501
0.111871
0.109955
0.107732
0.105179
0.102279
0.098989
0.000000
0.000000
0.000000
0.185578
0.184947
0.000000
0.000000
0.101797
0.105754
0.109270
0.112391
0.115143
0.117569
0.119689
0.121525
0.123100
0.124441
0.125555
0.126459
0.127165
0.127694
0.128044
0.128210
0.128210
0.128044
0.127694
0.127165
0.126459
0.125555
0.124441
0.123100
0.121525
0.119689
0.117569
0.115143
0.112391
0.109270
0.105754
0.101797
0.000000
0.000000
0.106577
0.110781
0.114520
0.117839
0.120763
0.123342
0.125601
0.127562
0.129250
0.130697
0.131940
0.132951
0.133814
0.134489
0.135016
0.135412
0.135675
0.135807
0.135807
0.135675
0.135412
0.135016
0.134489
0.133814
0.132951
0.131940
0.130697
0.129250
0.127562
0.125601
0.123342
0.120763
0.117839
0.114520
0.110781
0.106577
0.118318
0.121828
0.124906
0.127608
0.129959
0.131982
0.133710
0.135185
0.136457
0.137534
0.138442
0.139196
0.139843
0.140342
0.140728
0.141017
0.141210
0.141307
0.141307
0.141210
0.141017
0.140728
0.140342
0.139843
0.139196
0.138442
0.137534
0.136457
0.135185
0.133710
0.131982
0.129959
0.127608
0.124906
0.121828
0.118318
0.127833
0.130627
0.133031
0.135091
0.136851
0.138366
0.139659
0.140757
0.141723
0.142531
0.143224
0.143831
0.144318
0.144711
0.145025
0.145261
0.145418
0.145497
0.145497
0.145418
0.145261
0.145025
0.144711
0.144318
0.143831
0.143224
0.142531
0.141723
0.140757
0.139659
0.138366
0.136851
0.135091
0.133031
0.130627
0.127833
0.135130
0.137246
0.139046
0.140594
0.141946
0.143079
0.144108
0.144972
0.145758
0.146431
0.147013
0.147522
0.147958
0.148307
0.148585
0.148793
0.148931
0.149001
0.149001
0.148931
0.148793
0.148585
0.148307
0.147958
0.147522
0.147013
0.146431
0.145758
0.144972
0.144108
0.143079
0.141946
0.140594
0.139046
0.137246
0.135130
0.140528
0.142154
0.143541
0.144763
0.145864
0.146820
0.147693
0.148470
0.149164
0.149789
0.150340
0.150821
0.151233
0.151576
0.151851
0.152058
0.152199
0.152269
0.152269
0.152199
0.152058
0.151851
0.151576
0.151233
0.150821
0.150340
0.149789
0.149164
0.148470
0.147693
0.146820
0.145864
0.144763
0.143541
0.142154
0.140528
0.144633
0.145970
0.147137
0.148218
0.149190
0.150091
0.150915
0.151671
0.152366
0.153000
0.153563
0.154059
0.154503
0.154874
0.155171
0.155393
0.155541
0.155615
0.155615
0.155541
0.155393
0.155171
0.154874
0.154503
0.154059
0.153563
0.153000
0.152366
0.151671
0.150915
0.150091
0.149190
0.148218
0.147137
0.145970
0.144633
0.148035
0.149216
0.150323
0.151354
0.152323
0.153239
0.154088
0.154904
0.155645
0.156334
0.156968
0.157523
0.157998
0.158421
0.158760
0.159015
0.159184
0.159269
0.159269
0.159184
0.159015
0.158760
0.158421
0.157998
0.157523
0.156968
0.156334
0.155645
0.154904
0.154088
0.153239
0.152323
0.151354
0.150323
0.149216
0.148035
0.151106
0.152281
0.153408
0.154489
0.155527
0.156525
0.157477
0.158373
0.159220
0.159983
0.160699
0.161326
0.161864
0.162324
0.162696
0.162975
0.163161
0.163253
0.163253
0.163161
0.162975
0.162696
0.162324
0.161864
0.161326
0.160699
0.159983
0.159220
0.158373
0.157477
0.156525
0.155527
0.154489
0.153408
0.152281
0.151106
0.154149
0.155410
0.156639
0.157828
0.159003
0.160111
0.161187
0.162180
0.163109
0.163946
0.164698
0.165357
0.165921
0.166386
0.166757
0.167035
0.167220
0.167313
0.167313
0.167220
0.167035
0.166757
0.166386
0.165921
0.165357
0.164698
0.163946
0.163109
0.162180
0.161187
0.160111
0.159003
0.157828
0.156639
0.155410
0.154149
0.157387
0.158786
0.160151
0.161497
0.162780
0.163989
0.165118
0.166151
0.167079
0.167913
0.168630
0.169253
0.169788
0.170219
0.170554
0.170805
0.170973
0.171056
0.171056
0.170973
0.170805
0.170554
0.170219
0.169788
0.169253
0.168630
0.167913
0.167079
0.166151
0.165118
0.163989
0.162780
0.161497
0.160151
0.158786
0.157387
0.160910
0.162451
0.163940
0.165351
0.166660
0.167866
0.168940
0.169921
0.170763
0.171516
0.172172
0.172713
0.173177
0.173564
0.173873
0.174096
0.174237
0.174308
0.174308
0.174237
0.174096
0.173873
0.173564
0.173177
0.172713
0.172172
0.171516
0.170763
0.169921
0.168940
0.167866
0.166660
0.165351
0.163940
0.162451
0.160910
0.164644
0.166241
0.167726
0.169074
0.170303
0.171391
0.172366
0.173217
0.173990
0.174627
0.175192
0.175686
0.176100
0.176421
0.176677
0.176870
0.176998
0.177063
0.177063
0.176998
0.176870
0.176677
0.176421
0.176100
0.175686
0.175192
0.174627
0.173990
0.173217
0.172366
0.171391
0.170303
0.169074
0.167726
0.166241
0.164644
0.168317
0.169833
0.171183
0.172406
0.173490
0.174452
0.175300
0.176070
0.176712
0.177290
0.177804
0.178230
0.178581
0.178873
0.179107
0.179282
0.179399
0.179457
0.179457
0.179399
0.179282
0.179107
0.178873
0.178581
0.178230
0.177804
0.177290
0.176712
0.176070
0.175300
0.174452
0.173490
0.172406
0.171183
0.169833
0.168317
0.171647
0.172989
0.174208
0.175268
0.176233
0.177068
0.177839
0.178497
0.179081
0.179607
0.180067
0.180439
0.180757
0.181023
0.181235
0.181394
0.181500
0.181553
0.181553
0.181500
0.181394
0.181235
0.181023
0.180757
0.180439
0.180067
0.179607
0.179081
0.178497
0.177839
0.177068
0.176233
0.175268
0.174208
0.172989
0.171647
0.174529
0.175731
0.176783
0.177747
0.178588
0.179348
0.180045
0.180629
0.181160
0.181638
0.182055
0.182385
0.182667
0.182902
0.183090
0.183232
0.183326
0.183373
0.183373
0.183326
0.183232
0.183090
0.182902
0.182667
0.182385
0.182055
0.181638
0.181160
0.180629
0.180045
0.179348
0.178588
0.177747
0.176783
0.175731
0.174529
0.177013
0.178096
0.179031
0.179908
0.180660
0.181350
0.181988
0.182507
0.182978
0.183401
0.183778
0.184086
0.184312
0.184500
0.184650
0.184763
0.184839
0.184876
0.184876
0.184839
0.184763
0.184650
0.184500
0.184312
0.184086
0.183778
0.183401
0.182978
0.182507
0.181988
0.181350
0.180660
0.179908
0.179031
0.178096
0.177013
0.179183
0.180161
0.181011
0.181808
0.182489
0.183101
0.183666
0.184147
0.184523
0.184862
0.185163
0.185427
0.185653
0.185841
0.185992
0.000000
0.000000
0.000000
0.000000
0.000000
0.000000
0.185992
0.185841
0.185653
0.185427
0.185163
0.184862
0.184523
0.184147
0.183666
0.183101
0.182489
0.181808
0.181011
0.180161
0.179183
0.181096
0.182000
0.182753
0.183460
0.184095
0.184585
0.185037
0.185451
0.185828
0.000000
0.000000
0.000000
0.000000
0.000000
0.000000
0.000000
0.000000
0.000000
0.000000
0.000000
0.000000
0.000000
0.000000
0.000000
0.000000
0.000000
0.000000
0.185828
0.185451
0.185037
0.184585
0.184095
0.183460
0.182753
0.182000
0.181096
0.182783
0.183584
0.184270
0.184835
0.185363
0.185852
0.000000
0.000000
0.000000
0.000000
0.099020
0.100980
0.102626
0.103977
0.105032
0.105823
0.106341
0.106598
0.106598
0.106341
0.105823
0.105032
0.103977
0.102626
0.100980
0.099020
0.000000
0.000000
0.000000
0.000000
0.185852
0.185363
0.184835
0.184270
0.183584
0.182783
0.184257
0.184898
0.185501
0.000000
0.000000
0.000000
0.000000
0.100616
0.103352
0.105741
0.107802
0.109557
0.111027
0.112234
0.113177
0.113885
0.114345
0.114574
0.114574
0.114345
0.113885
0.113177
0.112234
0.111027
0.109557
0.107802
0.105741
0.103352
0.100616
0.000000
0.000000
0.000000
0.000000
0.185501
0.184898
0.184257
0.185451
0.000000
0.000000
0.000000
0.099409
0.102999
0.106184
0.108983
0.111441
0.113580
0.115422
0.116989
0.118306
0.119374
0.120220
0.120837
0.121248
0.121454
0.121454
0.121248
0.120837
0.120220
0.119374
0.118306
0.116989
0.115422
0.113580
0.111441
0.108983
0.106184
0.102999
0.099409
0.000000
0.000000
0.000000
0.185451
0.000000
0.000000
0.099891
0.104001
0.107651
0.110886
0.113749
0.116264
0.118460
0.120369
0.122015
0.123397
0.124556
0.125499
0.126240
0.126777
0.127135
0.127314
0.127314
0.127135
0.126777
0.126240
0.125499
0.124556
0.123397
0.122015
0.120369
0.118460
0.116264
0.113749
0.110886
0.107651
0.104001
0.099891
0.000000
0.000000
0.098958
0.103654
0.107836
0.111548
0.114839
0.117754
0.120315
0.122556
0.124507
0.126195
0.127627
0.128830
0.129843
0.130642
0.131273
0.131746
0.132057
0.132203
0.132203
0.132057
0.131746
0.131273
0.130642
0.129843
0.128830
0.127627
0.126195
0.124507
0.122556
0.120315
0.117754
0.114839
0.111548
0.107836
0.103654
0.098958
0.106738
0.110997
0.114779
0.118135
0.121087
0.123692
0.125970
0.127942
0.129634
0.131078
0.132315
0.133337
0.134196
0.134865
0.135401
0.135802
0.136063
0.136185
0.136185
0.136063
0.135802
0.135401
0.134865
0.134196
0.133337
0.132315
0.131078
0.129634
0.127942
0.125970
0.123692
0.121087
0.118135
0.114779
0.110997
0.106738
0.113564
0.117421
0.120831
0.123843
0.126467
0.128751
0.130727
0.132429
0.133890
0.135104
0.136159
0.137010
0.137739
0.138312
0.138749
0.139078
0.139296
0.139406
0.139406
0.139296
0.139078
0.138749
0.138312
0.137739
0.137010
0.136159
0.135104
0.133890
0.132429
0.130727
0.128751
0.126467
0.123843
0.120831
0.117421
0.113564
0.119530
0.123007
0.126069
0.128714
0.131008
0.132982
0.134674
0.136134
0.137350
0.138400
0.139275
0.140037
0.140625
0.141115
0.141508
0.141802
0.141998
0.142086
0.142086
0.141998
0.141802
0.141508
0.141115
0.140625
0.140037
0.139275
0.138400
0.137350
0.136134
0.134674
0.132982
0.131008
0.128714
0.126069
0.123007
0.119530
0.124710
0.127824
0.130502
0.132806
0.134782
0.136475
0.137935
0.139145
0.140215
0.141098
0.141883
0.142511
0.143039
0.143479
0.143831
0.144087
0.144246
0.144326
0.144326
0.144246
0.144087
0.143831
0.143479
0.143039
0.142511
0.141883
0.141098
0.140215
0.139145
0.137935
0.136475
0.134782
0.132806
0.130502
0.127824
0.124710
0.129152
0.131893
0.134221
0.136210
0.137913
0.139345
0.140590
0.141670
0.142584
0.143377
0.144074
0.144633
0.145112
0.145511
0.145830
0.146065
0.146212
0.146286
0.146286
0.146212
0.146065
0.145830
0.145511
0.145112
0.144633
0.144074
0.143377
0.142584
0.141670
0.140590
0.139345
0.137913
0.136210
0.134221
0.131893
0.129152
0.132898
0.135269
0.137284
0.138998
0.140476
0.141752
0.142835
0.143804
0.144621
0.145340
0.145979
0.146497
0.146941
0.147310
0.147606
0.147828
0.147976
0.148047
0.148047
0.147976
0.147828
0.147606
0.147310
0.146941
0.146497
0.145979
0.145340
0.144621
0.143804
0.142835
0.141752
0.140476
0.138998
0.137284
0.135269
0.132898
0.136047
0.138105
0.139858
0.141345
0.142646
0.143792
0.144770
0.145648
0.146414
0.147079
0.147671
0.148179
0.148603
0.148955
0.149237
0.149449
0.149590
0.149660
0.149660
0.149590
0.149449
0.149237
0.148955
0.148603
0.148179
0.147671
0.147079
0.146414
0.145648
0.144770
0.143792
0.142646
0.141345
0.139858
0.138105
0.136047
0.138636
0.140447
0.142017
0.143339
0.144520
0.145559
0.146479
0.147292
0.148030
0.148665
0.149230
0.149723
0.150145
0.150494
0.150773
0.150983
0.151122
0.151192
0.151192
0.151122
0.150983
0.150773
0.150494
0.150145
0.149723
0.149230
0.148665
0.148030
0.147292
0.146479
0.145559
0.144520
0.143339
0.142017
0.140447
0.138636
0.140827
0.142447
0.143857
0.145070
0.146175
0.147136
0.148023
0.148799
0.149505
0.150138
0.150697
0.151186
0.151605
0.151954
0.152239
0.152453
0.152596
0.152668
0.152668
0.152596
0.152453
0.152239
0.151954
0.151605
0.151186
0.150697
0.150138
0.149505
0.148799
0.148023
0.147136
0.146175
0.145070
0.143857
0.142447
0.140827
0.142701
0.144182
0.145461
0.146611
0.147647
0.148581
0.149428
0.150202
0.150901
0.151529
0.152090
0.152591
0.153020
0.153378
0.153665
0.153879
0.154024
0.154099
0.154099
0.154024
0.153879
0.153665
0.153378
0.153020
0.152591
0.152090
0.151529
0.150901
0.150202
0.149428
0.148581
0.147647
0.146611
0.145461
0.144182
0.142701
0.144334
0.145693
0.146901
0.148010
0.148999
0.149917
0.150756
0.151524
0.152228
0.152873
0.153446
0.153947
0.154396
0.154773
0.155075
0.155301
0.155452
0.155527
0.155527
0.155452
0.155301
0.155075
0.154773
0.154396
0.153947
0.153446
0.152873
0.152228
0.151524
0.150756
0.149917
0.148999
0.148010
0.146901
0.145693
0.144334
0.145767
0.147043
0.148217
0.149276
0.150262
0.151171
0.152010
0.152797
0.153514
0.154167
0.154770
0.155298
0.155750
0.156136
0.156459
0.156700
0.156862
0.156942
0.156942
0.156862
0.156700
0.156459
0.156136
0.155750
0.155298
0.154770
0.154167
0.153514
0.152797
0.152010
0.151171
0.150262
0.149276
0.148217
0.147043
0.145767
0.147038
0.148283
0.149414
0.150468
0.151447
0.152364
0.153224
0.154013
0.154767
0.155446
0.156053
0.156618
0.157101
0.157504
0.157827
0.158074
0.158246
0.158332
0.158332
0.158246
0.158074
0.157827
0.157504
0.157101
0.156618
0.156053
0.155446
0.154767
0.154013
0.153224
0.152364
0.151447
0.150468
0.149414
0.148283
0.147038
0.148209
0.149410
0.150535
0.151584
0.152577
0.153508
0.154388
0.155218
0.155973
0.156697
0.157342
0.157907
0.158417
0.158849
0.159193
0.159452
0.159625
0.159711
0.159711
0.159625
0.159452
0.159193
0.158849
0.158417
0.157907
0.157342
0.156697
0.155973
0.155218
0.154388
0.153508
0.152577
0.151584
0.150535
0.149410
0.148209
0.149266
0.150463
0.151582
0.152647
0.153650
0.154613
0.155519
0.156374
0.157180
0.157906
0.158590
0.159194
0.159711
0.160151
0.160516
0.160789
0.160972
0.161063
0.161063
0.160972
0.160789
0.160516
0.160151
0.159711
0.159194
0.158590
0.157906
0.157180
0.156374
0.155519
0.154613
0.153650
0.152647
0.151582
0.150463
0.149266
0.150251
0.151441
0.152574
0.153650
0.154688
0.155670
0.156616
0.157503
0.158332
0.159108
0.159799
0.160426
0.160973
0.161430
0.161795
0.162071
0.162260
0.162355
0.162355
0.162260
0.162071
0.161795
0.161430
0.160973
0.160426
0.159799
0.159108
0.158332
0.157503
0.156616
0.155670
0.154688
0.153650
0.152574
0.151441
0.150251
0.151160
0.152359
0.153506
0.154613
0.155671
0.156697
0.157666
0.158592
0.159456
0.160246
0.160976
0.161615
0.162169
0.162642
0.163021
0.163305
0.163494
0.163589
0.163589
0.163494
0.163305
0.163021
0.162642
0.162169
0.161615
0.160976
0.160246
0.159456
0.158592
0.157666
0.156697
0.155671
0.154613
0.153506
0.152359
0.151160
0.152000
0.153220
0.154388
0.155521
0.156619
0.157668
0.158681
0.159631
0.160523
0.161345
0.162078
0.162741
0.163309
0.163783
0.164163
0.164451
0.164642
0.164738
0.164738
0.164642
0.164451
0.164163
0.163783
0.163309
0.162741
0.162078
0.161345
0.160523
0.159631
0.158681
0.157668
0.156619
0.155521
0.154388
0.153220
0.152000
0.152791
0.154011
0.155221
0.156379
0.157510
0.158598
0.159635
0.160618
0.161532
0.162367
0.163125
0.163788
0.164361
0.164840
0.165223
0.165511
0.165702
0.165798
0.165798
0.165702
0.165511
0.165223
0.164840
0.164361
0.163788
0.163125
0.162367
0.161532
0.160618
0.159635
0.158598
0.157510
0.156379
0.155221
0.154011
0.152791
0.153510
0.154770
0.155980
0.157190
0.158343
0.159467
0.160532
0.161537
0.162468
0.163321
0.164080
0.164751
0.165326
0.165805
0.166186
0.166469
0.166658
0.166753
0.166753
0.166658
0.166469
0.166186
0.165805
0.165326
0.164751
0.164080
0.163321
0.162468
0.161537
0.160532
0.159467
0.158343
0.157190
0.155980
0.154770
0.153510
0.154168
0.155454
0.156710
0.157922
0.159126
0.160264
0.161361
0.162380
0.163328
0.164183
0.164950
0.165621
0.166194
0.166667
0.167045
0.167328
0.167517
0.167612
0.167612
0.167517
0.167328
0.167045
0.166667
0.166194
0.165621
0.164950
0.164183
0.163328
0.162380
0.161361
0.160264
0.159126
0.157922
0.156710
0.155454
0.154168
0.154777
0.156068
0.157361
0.158614
0.159824
0.161002
0.162103
0.163146
0.164096
0.164959
0.165726
0.166392
0.166959
0.167432
0.167810
0.168090
0.168272
0.168363
0.168363
0.168272
0.168090
0.167810
0.167432
0.166959
0.166392
0.165726
0.164959
0.164096
0.163146
0.162103
0.161002
0.159824
0.158614
0.157361
0.156068
0.154777
0.155312
0.156640
0.157934
0.159226
0.160462
0.161651
0.162776
0.163819
0.164777
0.165640
0.166402
0.167064
0.167631
0.168100
0.168464
0.168736
0.168918
0.169009
0.169009
0.168918
0.168736
0.168464
0.168100
0.167631
0.167064
0.166402
0.165640
0.164777
0.163819
0.162776
0.161651
0.160462
0.159226
0.157934
0.156640
0.155312
0.155772
0.157132
0.158455
0.159753
0.161020
0.162217
0.163355
0.164403
0.165363
0.166224
0.166981
0.167643
0.168202
0.168657
0.169020
0.169293
0.169474
0.169565
0.169565
0.169474
0.169293
0.169020
0.168657
0.168202
0.167643
0.166981
0.166224
0.165363
0.164403
0.163355
0.162217
0.161020
0.159753
0.158455
0.157132
0.155772
0.156168
0.157544
0.158897
0.160206
0.161487
0.162702
0.163841
0.164895
0.165855
0.166709
0.167466
0.168123
0.168669
0.169123
0.169487
0.169760
0.169941
0.170030
0.170030
0.169941
0.169760
0.169487
0.169123
0.168669
0.168123
0.167466
0.166709
0.165855
0.164895
0.163841
0.162702
0.161487
0.160206
0.158897
0.157544
0.156168
0.156500
0.157876
0.159252
0.160583
0.161864
0.163093
0.164235
0.165292
0.166248
0.167100
0.167858
0.168500
0.169045
0.169500
0.169864
0.170128
0.170299
0.170385
0.170385
0.170299
0.170128
0.169864
0.169500
0.169045
0.168500
0.167858
0.167100
0.166248
0.165292
0.164235
0.163093
0.161864
0.160583
0.159252
0.157876
0.156500
0.156752
0.158138
0.159523
0.160869
0.162156
0.163391
0.164537
0.165594
0.166546
0.167398
0.168150
0.168787
0.169332
0.169787
0.170142
0.170398
0.170569
0.170655
0.170655
0.170569
0.170398
0.170142
0.169787
0.169332
0.168787
0.168150
0.167398
0.166546
0.165594
0.164537
0.163391
0.162156
0.160869
0.159523
0.158138
0.156752
0.156924
0.158322
0.159708
0.161065
0.162360
0.163595
0.164743
0.165800
0.166751
0.167603
0.168347
0.168983
0.169529
0.169984
0.170327
0.170584
0.170755
0.170840
0.170840
0.170755
0.170584
0.170327
0.169984
0.169529
0.168983
0.168347
0.167603
0.166751
0.165800
0.164743
0.163595
0.162360
0.161065
0.159708
0.158322
0.156924
0.157016
0.158420
0.159807
0.161170
0.162469
0.163705
0.164855
0.165912
0.166861
0.167714
0.168453
0.169090
0.169636
0.170086
0.170428
0.170685
0.170856
0.170941
0.170941
0.170856
0.170685
0.170428
0.170086
0.169636
0.169090
0.168453
0.167714
0.166861
0.165912
0.164855
0.163705
0.162469
0.161170
0.159807
0.158420
0.157016
0.157028
0.158433
0.159820
0.161184
0.162485
0.163720
0.164871
0.165929
0.166878
0.167731
0.168470
0.169107
0.169653
0.170102
0.170444
0.170701
0.170872
0.170958
0.170958
0.170872
0.170701
0.170444
0.170102
0.169653
0.169107
0.168470
0.167731
0.166878
0.165929
0.164871
0.163720
0.162485
0.161184
0.159820
0.158433
0.157028
0.156959
0.158360
0.159748
0.161108
0.162406
0.163642
0.164792
0.165851
0.166801
0.167654
0.168396
0.169034
0.169580
0.170034
0.170376
0.170633
0.170804
0.170889
0.170889
0.170804
0.170633
0.170376
0.170034
0.169580
0.169034
0.168396
0.167654
0.166801
0.165851
0.164792
0.163642
0.162406
0.161108
0.159748
0.158360
0.156959
0.156810
0.158202
0.159589
0.160941
0.162233
0.163470
0.164618
0.165677
0.166630
0.167483
0.168233
0.168870
0.169417
0.169872
0.170223
0.170479
0.170651
0.170736
0.170736
0.170651
0.170479
0.170223
0.169872
0.169417
0.168870
0.168233
0.167483
0.166630
0.165677
0.164618
0.163470
0.162233
0.160941
0.159589
0.158202
0.156810
0.156581
0.157960
0.159345
0.160683
0.161968
0.163203
0.164349
0.165408
0.166365
0.167219
0.167978
0.168616
0.169163
0.169619
0.169983
0.170241
0.170412
0.170498
0.170498
0.170412
0.170241
0.169983
0.169619
0.169163
0.168616
0.167978
0.167219
0.166365
0.165408
0.164349
0.163203
0.161968
0.160683
0.159345
0.157960
0.156581
0.156271
0.157650
0.159014
0.160334
0.161619
0.162842
0.163984
0.165043
0.166006
0.166860
0.167619
0.168272
0.168819
0.169275
0.169639
0.169913
0.170090
0.170175
0.170175
0.170090
0.169913
0.169639
0.169275
0.168819
0.168272
0.167619
0.166860
0.166006
0.165043
0.163984
0.162842
0.161619
0.160334
0.159014
0.157650
0.156271
0.155888
0.157260
0.158598
0.159900
0.161179
0.162386
0.163529
0.164583
0.165546
0.166407
0.167166
0.167831
0.168384
0.168840
0.169205
0.169479
0.169661
0.169752
0.169752
0.169661
0.169479
0.169205
0.168840
0.168384
0.167831
0.167166
0.166407
0.165546
0.164583
0.163529
0.162386
0.161179
0.159900
0.158598
0.157260
0.155888
0.155447
0.156790
0.158095
0.159397
0.160648
0.161842
0.162979
0.164027
0.164990
0.165857
0.166619
0.167284
0.167853
0.168315
0.168680
0.168954
0.169136
0.169227
0.169227
0.169136
0.168954
0.168680
0.168315
0.167853
0.167284
0.166619
0.165857
0.164990
0.164027
0.162979
0.161842
0.160648
0.159397
0.158095
0.156790
0.155447
0.154931
0.156239
0.157538
0.158809
0.160026
0.161220
0.162334
0.163382
0.164339
0.165206
0.165977
0.166642
0.167212
0.167687
0.168065
0.168338
0.168521
0.168612
0.168612
0.168521
0.168338
0.168065
0.167687
0.167212
0.166642
0.165977
0.165206
0.164339
0.163382
0.162334
0.161220
0.160026
0.158809
0.157538
0.156239
0.154931
0.154339
0.155632
0.156907
0.158134
0.159350
0.160507
0.161610
0.162643
0.163596
0.164459
0.165230
0.165905
0.166477
0.166952
0.167332
0.167617
0.167807
0.167902
0.167902
0.167807
0.167617
0.167332
0.166952
0.166477
0.165905
0.165230
0.164459
0.163596
0.162643
0.161610
0.160507
0.159350
0.158134
0.156907
0.155632
0.154339
0.153688
0.154965
0.156194
0.157413
0.158589
0.159719
0.160806
0.161817
0.162763
0.163621
0.164388
0.165063
0.165642
0.166122
0.166502
0.166787
0.166977
0.167072
0.167072
0.166977
0.166787
0.166502
0.166122
0.165642
0.165063
0.164388
0.163621
0.162763
0.161817
0.160806
0.159719
0.158589
0.157413
0.156194
0.154965
0.153688
0.152982
0.154222
0.155439
0.156620
0.157758
0.158872
0.159915
0.160921
0.161841
0.162693
0.163455
0.164124
0.164703
0.165186
0.165571
0.165861
0.166053
0.166148
0.166148
0.166053
0.165861
0.165571
0.165186
0.164703
0.164124
0.163455
0.162693
0.161841
0.160921
0.159915
0.158872
0.157758
0.156620
0.155439
0.154222
0.152982
0.152205
0.153433
0.154621
0.155762
0.156885
0.157942
0.158981
0.159938
0.160854
0.161682
0.162433
0.163100
0.163673
0.164151
0.164537
0.164827
0.165020
0.165116
0.165116
0.165020
0.164827
0.164537
0.164151
0.163673
0.163100
0.162433
0.161682
0.160854
0.159938
0.158981
0.157942
0.156885
0.155762
0.154621
0.153433
0.152205
0.151371
0.152584
0.153740
0.154868
0.155934
0.156987
0.157963
0.158918
0.159788
0.160603
0.161339
0.161983
0.162555
0.163032
0.163414
0.163700
0.163891
0.163986
0.163986
0.163891
0.163700
0.163414
0.163032
0.162555
0.161983
0.161339
0.160603
0.159788
0.158918
0.157963
0.156987
0.155934
0.154868
0.153740
0.152584
0.151371
0.150471
0.151670
0.152819
0.153904
0.154965
0.155955
0.156928
0.157823
0.158681
0.159464
0.160170
0.160814
0.161366
0.161826
0.162201
0.162488
0.162679
0.162774
0.162774
0.162679
0.162488
0.162201
0.161826
0.161366
0.160814
0.160170
0.159464
0.158681
0.157823
0.156928
0.155955
0.154965
0.153904
0.152819
0.151670
0.150471
0.149496
0.150701
0.151830
0.152911
0.153923
0.154910
0.155824
0.156707
0.157521
0.158271
0.158968
0.159577
0.160105
0.160565
0.160933
0.161209
0.161393
0.161486
0.161486
0.161393
0.161209
0.160933
0.160565
0.160105
0.159577
0.158968
0.158271
0.157521
0.156707
0.155824
0.154910
0.153923
0.152911
0.151830
0.150701
0.149496
0.148444
0.149657
0.150790
0.151849
0.152858
0.153799
0.154703
0.155541
0.156324
0.157057
0.157708
0.158297
0.158820
0.159255
0.159603
0.159864
0.160041
0.160133
0.160133
0.160041
0.159864
0.159603
0.159255
0.158820
0.158297
0.157708
0.157057
0.156324
0.155541
0.154703
0.153799
0.152858
0.151849
0.150790
0.149657
0.148444
0.147288
0.148535
0.149677
0.150739
0.151728
0.152662
0.153531
0.154344
0.155106
0.155792
0.156430
0.157000
0.157489
0.157896
0.158237
0.158498
0.158672
0.158760
0.158760
0.158672
0.158498
0.158237
0.157896
0.157489
0.157000
0.156430
0.155792
0.155106
0.154344
0.153531
0.152662
0.151728
0.150739
0.149677
0.148535
0.147288
0.146036
0.147309
0.148483
0.149554
0.150548
0.151466
0.152322
0.153118
0.153842
0.154520
0.155130
0.155663
0.156129
0.156537
0.156862
0.157107
0.157270
0.157351
0.157351
0.157270
0.157107
0.156862
0.156537
0.156129
0.155663
0.155130
0.154520
0.153842
0.153118
0.152322
0.151466
0.150548
0.149554
0.148483
0.147309
0.146036
0.144605
0.145981
0.147180
0.148289
0.149289
0.150215
0.151063
0.151841
0.152561
0.153213
0.153792
0.154315
0.154772
0.155154
0.155459
0.155688
0.155840
0.155917
0.155917
0.155840
0.155688
0.155459
0.155154
0.154772
0.154315
0.153792
0.153213
0.152561
0.151841
0.151063
0.150215
0.149289
0.148289
0.147180
0.145981
0.144605
0.142997
0.144466
0.145761
0.146902
0.147951
0.148882
0.149739
0.150520
0.151227
0.151863
0.152439
0.152946
0.153381
0.153743
0.154034
0.154263
0.154416
0.154492
0.154492
0.154416
0.154263
0.154034
0.153743
0.153381
0.152946
0.152439
0.151863
0.151227
0.150520
0.149739
0.148882
0.147951
0.146902
0.145761
0.144466
0.142997
0.141149
0.142754
0.144166
0.145381
0.146476
0.147449
0.148332
0.149119
0.149833
0.150471
0.151037
0.151532
0.151956
0.152317
0.152607
0.152825
0.152970
0.153042
0.153042
0.152970
0.152825
0.152607
0.152317
0.151956
0.151532
0.151037
0.150471
0.149833
0.149119
0.148332
0.147449
0.146476
0.145381
0.144166
0.142754
0.141149
0.138982
0.140780
0.142334
0.143674
0.144838
0.145891
0.146798
0.147623
0.148355
0.148998
0.149570
0.150070
0.150494
0.150848
0.151131
0.151343
0.151485
0.151555
0.151555
0.151485
0.151343
0.151131
0.150848
0.150494
0.150070
0.149570
0.148998
0.148355
0.147623
0.146798
0.145891
0.144838
0.143674
0.142334
0.140780
0.138982
0.136412
0.138459
0.140212
0.141706
0.142987
0.144135
0.145107
0.145998
0.146748
0.147422
0.148021
0.148522
0.148951
0.149308
0.149594
0.149809
0.149952
0.150023
0.150023
0.149952
0.149809
0.149594
0.149308
0.148951
0.148522
0.148021
0.147422
0.146748
0.145998
0.145107
0.144135
0.142987
0.141706
0.140212
0.138459
0.136412
0.133308
0.135678
0.137683
0.139382
0.140840
0.142121
0.143194
0.144161
0.144971
0.145700
0.146322
0.146847
0.147297
0.147672
0.147972
0.148188
0.148331
0.148403
0.148403
0.148331
0.148188
0.147972
0.147672
0.147297
0.146847
0.146322
0.145700
0.144971
0.144161
0.143194
0.142121
0.140840
0.139382
0.137683
0.135678
0.133308
0.129584
0.132313
0.134631
0.136610
0.138305
0.139750
0.140972
0.142061
0.142955
0.143760
0.144430
0.144998
0.145484
0.145890
0.146198
0.146423
0.146573
0.146648
0.146648
0.146573
0.146423
0.146198
0.145890
0.145484
0.144998
0.144430
0.143760
0.142955
0.142061
0.140972
0.139750
0.138305
0.136610
0.134631
0.132313
0.129584
0.125139
0.128263
0.130943
0.133250
0.135218
0.136896
0.138341
0.139564
0.140606
0.141503
0.142269
0.142895
0.143432
0.143879
0.144215
0.144458
0.144620
0.144701
0.144701
0.144620
0.144458
0.144215
0.143879
0.143432
0.142895
0.142269
0.141503
0.140606
0.139564
0.138341
0.136896
0.135218
0.133250
0.130943
0.128263
0.125139
0.119943
0.123445
0.126513
0.129175
0.131475
0.133446
0.135126
0.136566
0.137802
0.138823
0.139713
0.140440
0.141038
0.141537
0.141936
0.142211
0.142390
0.142479
0.142479
0.142390
0.142211
0.141936
0.141537
0.141038
0.140440
0.139713
0.138823
0.137802
0.136566
0.135126
0.133446
0.131475
0.129175
0.126513
0.123445
0.119943
0.113929
0.117828
0.121267
0.124298
0.126935
0.129230
0.131207
0.132900
0.134354
0.135580
0.136608
0.137473
0.138193
0.138750
0.139195
0.139528
0.139751
0.139862
0.139862
0.139751
0.139528
0.139195
0.138750
0.138193
0.137473
0.136608
0.135580
0.134354
0.132900
0.131207
0.129230
0.126935
0.124298
0.121267
0.117828
0.113929
0.107024
0.111341
0.115168
0.118555
0.121543
0.124168
0.126448
0.128428
0.130136
0.131582
0.132802
0.133843
0.134673
0.135354
0.135899
0.136280
0.136527
0.136651
0.136651
0.136527
0.136280
0.135899
0.135354
0.134673
0.133843
0.132802
0.131582
0.130136
0.128428
0.126448
0.124168
0.121543
0.118555
0.115168
0.111341
0.107024
0.099135
0.103907
0.108148
0.111914
0.115242
0.118191
0.120773
0.123036
0.125000
0.126692
0.128142
0.129345
0.130352
0.131155
0.131798
0.132259
0.132556
0.132705
0.132705
0.132556
0.132259
0.131798
0.131155
0.130352
0.129345
0.128142
0.126692
0.125000
0.123036
0.120773
0.118191
0.115242
0.111914
0.108148
0.103907
0.099135
0.000000
0.000000
0.100090
0.104263
0.107974
0.111252
0.114154
0.116694
0.118917
0.120844
0.122501
0.123909
0.125066
0.126026
0.126755
0.127302
0.127667
0.127850
0.127850
0.127667
0.127302
0.126755
0.126026
0.125066
0.123909
0.122501
0.120844
0.118917
0.116694
0.114154
0.111252
0.107974
0.104263
0.100090
0.000000
0.000000
0.185431
0.000000
0.000000
0.000000
0.099607
0.103257
0.106489
0.109334
0.111830
0.114000
0.115865
0.117448
0.118774
0.119863
0.120707
0.121337
0.121756
0.121966
0.121966
0.121756
0.121337
0.120707
0.119863
0.118774
0.117448
0.115865
0.114000
0.111830
0.109334
0.106489
0.103257
0.099607
0.000000
0.000000
0.000000
0.185431
0.184213
0.184866
0.185481
0.000000
0.000000
0.000000
0.000000
0.100839
0.103625
0.106054
0.108146
0.109931
0.111420
0.112640
0.113602
0.114314
0.114780
0.115014
0.115014
0.114780
0.114314
0.113602
0.112640
0.111420
0.109931
0.108146
0.106054
0.103625
0.100839
0.000000
0.000000
0.000000
0.000000
0.185481
0.184866
0.184213
