0.157427
0.158588
0.159718
0.160822
0.161868
0.162870
0.163799
0.164659
0.165443
0.166146
0.166764
0.167304
0.167768
0.168148
0.168444
0.168667
0.168815
0.168890
0.168890
0.168815
0.168667
0.168444
0.168148
0.167768
0.167304
0.166764
0.166146
0.165443
0.164659
0.163799
0.162870
0.161868
0.160822
0.159718
0.158588
0.157427
0.158338
0.159539
0.160708
0.161829
0.162907
0.163914
0.164854
0.165716
0.166493
0.167188
0.167806
0.168333
0.168778
0.169149
0.169446
0.169669
0.169817
0.169891
0.169891
0.169817
0.169669
0.169446
0.169149
0.168778
0.168333
0.167806
0.167188
0.166493
0.165716
0.164854
0.163914
0.162907
0.161829
0.160708
0.159539
0.158338
0.159219
0.160445
0.161641
0.162790
0.163875
0.164892
0.165833
0.166686
0.167458
0.168148
0.168742
0.169261
0.169707
0.170073
0.170352
0.170561
0.170701
0.170770
0.170770
0.170701
0.170561
0.170352
0.170073
0.169707
0.169261
0.168742
0.168148
0.167458
0.166686
0.165833
0.164892
0.163875
0.162790
0.161641
0.160445
0.159219
0.160033
0.161304
0.162518
0.163681
0.164775
0.165795
0.166725
0.167575
0.168335
0.169003
0.169597
0.170109
0.170528
0.170877
0.171156
0.171365
0.171505
0.171574
0.171574
0.171505
0.171365
0.171156
0.170877
0.170528
0.170109
0.169597
0.169003
0.168335
0.167575
0.166725
0.165795
0.164775
0.163681
0.162518
0.161304
0.160033
0.160818
0.162092
0.163333
0.164502
0.165600
0.166611
0.167539
0.168374
0.169116
0.169785
0.170356
0.170844
0.171263
0.171612
0.171891
0.172093
0.172221
0.172286
0.172286
0.172221
0.172093
0.171891
0.171612
0.171263
0.170844
0.170356
0.169785
0.169116
0.168374
0.167539
0.166611
0.165600
0.164502
0.163333
0.162092
0.160818
0.161529
0.162830
0.164072
0.165249
0.166343
0.167348
0.168265
0.169082
0.169825
0.170464
0.171022
0.171510
0.171929
0.172257
0.172515
0.172708
0.172837
0.172901
0.172901
0.172837
0.172708
0.172515
0.172257
0.171929
0.171510
0.171022
0.170464
0.169825
0.169082
0.168265
0.167348
0.166343
0.165249
0.164072
0.162830
0.161529
0.162173
0.163492
0.164742
0.165919
0.167003
0.168008
0.168900
0.169717
0.170432
0.171061
0.171619
0.172100
0.172486
0.172809
0.173066
0.173260
0.173389
0.173453
0.173453
0.173389
0.173260
0.173066
0.172809
0.172486
0.172100
0.171619
0.171061
0.170432
0.169717
0.168900
0.168008
0.167003
0.165919
0.164742
0.163492
0.162173
0.162758
0.164078
0.165334
0.166504
0.167587
0.168570
0.169462
0.170262
0.170961
0.171589
0.172136
0.172588
0.172974
0.173297
0.173555
0.173748
0.173877
0.173941
0.173941
0.173877
0.173748
0.173555
0.173297
0.172974
0.172588
0.172136
0.171589
0.170961
0.170262
0.169462
0.168570
0.167587
0.166504
0.165334
0.164078
0.162758
0.163266
0.164592
0.165849
0.167012
0.168092
0.169058
0.169950
0.170721
0.171420
0.172045
0.172561
0.173012
0.173399
0.173721
0.173979
0.174158
0.174275
0.174334
0.174334
0.174275
0.174158
0.173979
0.173721
0.173399
0.173012
0.172561
0.172045
0.171420
0.170721
0.169950
0.169058
0.168092
0.167012
0.165849
0.164592
0.163266
0.163698
0.165029
0.166282
0.167443
0.168506
0.169473
0.170343
0.171111
0.171810
0.172405
0.172921
0.173373
0.173760
0.174075
0.174311
0.174487
0.174605
0.174664
0.174664
0.174605
0.174487
0.174311
0.174075
0.173760
0.173373
0.172921
0.172405
0.171810
0.171111
0.170343
0.169473
0.168506
0.167443
0.166282
0.165029
0.163698
0.164053
0.165389
0.166637
0.167798
0.168847
0.169814
0.170664
0.171433
0.172121
0.172702
0.173218
0.173670
0.174052
0.174346
0.174582
0.174759
0.174877
0.174936
0.174936
0.174877
0.174759
0.174582
0.174346
0.174052
0.173670
0.173218
0.172702
0.172121
0.171433
0.170664
0.169814
0.168847
0.167798
0.166637
0.165389
0.164053
0.164335
0.165671
0.166915
0.168073
0.169115
0.170077
0.170916
0.171685
0.172354
0.172935
0.173451
0.173903
0.174265
0.174560
0.174795
0.174972
0.175090
0.175149
0.175149
0.175090
0.174972
0.174795
0.174560
0.174265
0.173903
0.173451
0.172935
0.172354
0.171685
0.170916
0.170077
0.169115
0.168073
0.166915
0.165671
0.164335
0.164539
0.165875
0.167116
0.168267
0.169309
0.170260
0.171099
0.171868
0.172523
0.173104
0.173621
0.174066
0.174420
0.174715
0.174950
0.175127
0.175245
0.175304
0.175304
0.175245
0.175127
0.174950
0.174715
0.174420
0.174066
0.173621
0.173104
0.172523
0.171868
0.171099
0.170260
0.169309
0.168267
0.167116
0.165875
0.164539
0.164665
0.166001
0.167241
0.168387
0.169430
0.170373
0.171212
0.171982
0.172629
0.173210
0.173726
0.174163
0.174517
0.174811
0.175047
0.175224
0.175342
0.175401
0.175401
0.175342
0.175224
0.175047
0.174811
0.174517
0.174163
0.173726
0.173210
0.172629
0.171982
0.171212
0.170373
0.169430
0.168387
0.167241
0.166001
0.164665
0.164713
0.166049
0.167289
0.168434
0.169476
0.170417
0.171257
0.172024
0.172670
0.173251
0.173768
0.174201
0.174555
0.174850
0.175086
0.175262
0.175380
0.175439
0.175439
0.175380
0.175262
0.175086
0.174850
0.174555
0.174201
0.173768
0.173251
0.172670
0.172024
0.171257
0.170417
0.169476
0.168434
0.167289
0.166049
0.164713
0.164683
0.166021
0.167261
0.168407
0.169450
0.170393
0.171232
0.172002
0.172648
0.173229
0.173746
0.174181
0.174535
0.174830
0.175066
0.175243
0.175360
0.175419
0.175419
0.175360
0.175243
0.175066
0.174830
0.174535
0.174181
0.173746
0.173229
0.172648
0.172002
0.171232
0.170393
0.169450
0.168407
0.167261
0.166021
0.164683
0.164576
0.165914
0.167156
0.168306
0.169349
0.170298
0.171138
0.171908
0.172561
0.173143
0.173660
0.174102
0.174456
0.174751
0.174987
0.175164
0.175282
0.175341
0.175341
0.175282
0.175164
0.174987
0.174751
0.174456
0.174102
0.173660
0.173143
0.172561
0.171908
0.171138
0.170298
0.169349
0.168306
0.167156
0.165914
0.164576
0.164391
0.165729
0.166973
0.168132
0.169175
0.170135
0.170975
0.171745
0.172411
0.172992
0.173509
0.173962
0.174319
0.174614
0.174850
0.175027
0.175145
0.175204
0.175204
0.175145
0.175027
0.174850
0.174614
0.174319
0.173962
0.173509
0.172992
0.172411
0.171745
0.170975
0.170135
0.169175
0.168132
0.166973
0.165729
0.164391
0.164127
0.165465
0.166714
0.167878
0.168926
0.169895
0.170742
0.171512
0.172196
0.172778
0.173295
0.173748
0.174124
0.174419
0.174655
0.174832
0.174950
0.175009
0.175009
0.174950
0.174832
0.174655
0.174419
0.174124
0.173748
0.173295
0.172778
0.172196
0.171512
0.170742
0.169895
0.168926
0.167878
0.166714
0.165465
0.164127
0.163788
0.165124
0.166379
0.167543
0.168604
0.169573
0.170440
0.171210
0.171910
0.172499
0.173017
0.173469
0.173857
0.174165
0.174401
0.174578
0.174696
0.174755
0.174755
0.174696
0.174578
0.174401
0.174165
0.173857
0.173469
0.173017
0.172499
0.171910
0.171210
0.170440
0.169573
0.168604
0.167543
0.166379
0.165124
0.163788
0.163373
0.164705
0.165965
0.167130
0.168208
0.169177
0.170068
0.170838
0.171539
0.172157
0.172674
0.173127
0.173515
0.173838
0.174089
0.174266
0.174384
0.174443
0.174443
0.174384
0.174266
0.174089
0.173838
0.173515
0.173127
0.172674
0.172157
0.171539
0.170838
0.170068
0.169177
0.168208
0.167130
0.165965
0.164705
0.163373
0.162881
0.164207
0.165468
0.166640
0.167727
0.168707
0.169602
0.170397
0.171098
0.171729
0.172267
0.172720
0.173108
0.173432
0.173691
0.173885
0.174013
0.174072
0.174072
0.174013
0.173885
0.173691
0.173432
0.173108
0.172720
0.172267
0.171729
0.171098
0.170397
0.169602
0.168707
0.167727
0.166640
0.165468
0.164207
0.162881
0.162311
0.163636
0.164892
0.166073
0.167160
0.168163
0.169059
0.169879
0.170588
0.171218
0.171779
0.172249
0.172637
0.172961
0.173220
0.173414
0.173543
0.173608
0.173608
0.173543
0.173414
0.173220
0.172961
0.172637
0.172249
0.171779
0.171218
0.170588
0.169879
0.169059
0.168163
0.167160
0.166073
0.164892
0.163636
0.162311
0.161676
0.162989
0.164238
0.165421
0.166517
0.167527
0.168441
0.169262
0.170007
0.170638
0.171199
0.171690
0.172102
0.172426
0.172685
0.172879
0.173008
0.173073
0.173073
0.173008
0.172879
0.172685
0.172426
0.172102
0.171690
0.171199
0.170638
0.170007
0.169262
0.168441
0.167527
0.166517
0.165421
0.164238
0.162989
0.161676
0.160978
0.162265
0.163512
0.164689
0.165793
0.166806
0.167738
0.168569
0.169316
0.169988
0.170550
0.171040
0.171461
0.171812
0.172085
0.172280
0.172409
0.172474
0.172474
0.172409
0.172280
0.172085
0.171812
0.171461
0.171040
0.170550
0.169988
0.169316
0.168569
0.167738
0.166806
0.165793
0.164689
0.163512
0.162265
0.160978
0.160205
0.161482
0.162710
0.163880
0.164982
0.166008
0.166940
0.167795
0.168550
0.169222
0.169819
0.170321
0.170742
0.171093
0.171373
0.171584
0.171724
0.171794
0.171794
0.171724
0.171584
0.171373
0.171093
0.170742
0.170321
0.169819
0.169222
0.168550
0.167795
0.166940
0.166008
0.164982
0.163880
0.162710
0.161482
0.160205
0.159391
0.160635
0.161838
0.163001
0.164094
0.165119
0.166065
0.166920
0.167698
0.168382
0.168979
0.169502
0.169950
0.170304
0.170584
0.170795
0.170935
0.171005
0.171005
0.170935
0.170795
0.170584
0.170304
0.169950
0.169502
0.168979
0.168382
0.167698
0.166920
0.166065
0.165119
0.164094
0.163001
0.161838
0.160635
0.159391
0.158519
0.159728
0.160915
0.162045
0.163137
0.164152
0.165099
0.165967
0.166745
0.167445
0.168065
0.168587
0.169036
0.169409
0.169708
0.169932
0.170077
0.170147
0.170147
0.170077
0.169932
0.169708
0.169409
0.169036
0.168587
0.168065
0.167445
0.166745
0.165967
0.165099
0.164152
0.163137
0.162045
0.160915
0.159728
0.158519
0.157602
0.158784
0.159922
0.161046
0.162103
0.163117
0.164054
0.164922
0.165711
0.166416
0.167038
0.167582
0.168047
0.168421
0.168719
0.168944
0.169093
0.169168
0.169168
0.169093
0.168944
0.168719
0.168421
0.168047
0.167582
0.167038
0.166416
0.165711
0.164922
0.164054
0.163117
0.162103
0.161046
0.159922
0.158784
0.157602
0.156654
0.157785
0.158908
0.159976
0.161027
0.162006
0.162942
0.163801
0.164588
0.165298
0.165930
0.166475
0.166942
0.167331
0.167642
0.167876
0.168030
0.168105
0.168105
0.168030
0.167876
0.167642
0.167331
0.166942
0.166475
0.165930
0.165298
0.164588
0.163801
0.162942
0.162006
0.161027
0.159976
0.158908
0.157785
0.156654
0.155662
0.156770
0.157835
0.158891
0.159887
0.160859
0.161762
0.162612
0.163392
0.164096
0.164728
0.165281
0.165754
0.166147
0.166458
0.166692
0.166847
0.166925
0.166925
0.166847
0.166692
0.166458
0.166147
0.165754
0.165281
0.164728
0.164096
0.163392
0.162612
0.161762
0.160859
0.159887
0.158891
0.157835
0.156770
0.155662
0.154649
0.155708
0.156754
0.157752
0.158732
0.159657
0.160541
0.161369
0.162126
0.162829
0.163453
0.164000
0.164474
0.164869
0.165185
0.165422
0.165580
0.165659
0.165659
0.165580
0.165422
0.165185
0.164869
0.164474
0.164000
0.163453
0.162829
0.162126
0.161369
0.160541
0.159657
0.158732
0.157752
0.156754
0.155708
0.154649
0.153596
0.154634
0.155631
0.156605
0.157537
0.158431
0.159285
0.160072
0.160825
0.161503
0.162109
0.162656
0.163125
0.163515
0.163827
0.164062
0.164220
0.164299
0.164299
0.164220
0.164062
0.163827
0.163515
0.163125
0.162656
0.162109
0.161503
0.160825
0.160072
0.159285
0.158431
0.157537
0.156605
0.155631
0.154634
0.153596
0.152517
0.153523
0.154495
0.155430
0.156324
0.157189
0.157989
0.158771
0.159484
0.160132
0.160734
0.161262
0.161714
0.162094
0.162406
0.162640
0.162796
0.162875
0.162875
0.162796
0.162640
0.162406
0.162094
0.161714
0.161262
0.160734
0.160132
0.159484
0.158771
0.157989
0.157189
0.156324
0.155430
0.154495
0.153523
0.152517
0.151393
0.152384
0.153332
0.154232
0.155105
0.155915
0.156709
0.157442
0.158116
0.158757
0.159327
0.159825
0.160267
0.160644
0.160945
0.161171
0.161322
0.161397
0.161397
0.161322
0.161171
0.160945
0.160644
0.160267
0.159825
0.159327
0.158757
0.158116
0.157442
0.156709
0.155915
0.155105
0.154232
0.153332
0.152384
0.151393
0.150224
0.151207
0.152134
0.153023
0.153852
0.154655
0.155403
0.156096
0.156762
0.157362
0.157895
0.158386
0.158814
0.159170
0.159455
0.159669
0.159812
0.159883
0.159883
0.159812
0.159669
0.159455
0.159170
0.158814
0.158386
0.157895
0.157362
0.156762
0.156096
0.155403
0.154655
0.153852
0.153023
0.152134
0.151207
0.150224
0.148987
0.149980
0.150905
0.151772
0.152596
0.153366
0.154081
0.154767
0.155391
0.155953
0.156483
0.156949
0.157349
0.157682
0.157949
0.158159
0.158302
0.158373
0.158373
0.158302
0.158159
0.157949
0.157682
0.157349
0.156949
0.156483
0.155953
0.155391
0.154767
0.154081
0.153366
0.152596
0.151772
0.150905
0.149980
0.148987
0.147673
0.148682
0.149617
0.150488
0.151298
0.152051
0.152762
0.153413
0.154006
0.154568
0.155067
0.155504
0.155878
0.156204
0.156470
0.156670
0.156804
0.156870
0.156870
0.156804
0.156670
0.156470
0.156204
0.155878
0.155504
0.155067
0.154568
0.154006
0.153413
0.152762
0.152051
0.151298
0.150488
0.149617
0.148682
0.147673
0.146251
0.147292
0.148260
0.149137
0.149956
0.150708
0.151402
0.152039
0.152632
0.153165
0.153640
0.154057
0.154432
0.154744
0.154994
0.155181
0.155306
0.155368
0.155368
0.155306
0.155181
0.154994
0.154744
0.154432
0.154057
0.153640
0.153165
0.152632
0.152039
0.151402
0.150708
0.149956
0.149137
0.148260
0.147292
0.146251
0.144667
0.145793
0.146790
0.147709
0.148541
0.149301
0.150003
0.150639
0.151218
0.151738
0.152206
0.152621
0.152977
0.153273
0.153510
0.153688
0.153807
0.153866
0.153866
0.153807
0.153688
0.153510
0.153273
0.152977
0.152621
0.152206
0.151738
0.151218
0.150639
0.150003
0.149301
0.148541
0.147709
0.146790
0.145793
0.144667
0.142894
0.144124
0.145184
0.146165
0.147023
0.147820
0.148530
0.149174
0.149758
0.150282
0.150745
0.151150
0.151497
0.151786
0.152018
0.152196
0.152315
0.152374
0.152374
0.152315
0.152196
0.152018
0.151786
0.151497
0.151150
0.150745
0.150282
0.149758
0.149174
0.148530
0.147820
0.147023
0.146165
0.145184
0.144124
0.142894
0.140862
0.142221
0.143391
0.144442
0.145370
0.146214
0.146950
0.147625
0.148227
0.148754
0.149222
0.149631
0.149982
0.150272
0.150503
0.150677
0.150793
0.150851
0.150851
0.150793
0.150677
0.150503
0.150272
0.149982
0.149631
0.149222
0.148754
0.148227
0.147625
0.146950
0.146214
0.145370
0.144442
0.143391
0.142221
0.140862
0.138488
0.140031
0.141334
0.142500
0.143523
0.144430
0.145225
0.145955
0.146571
0.147124
0.147614
0.148042
0.148393
0.148685
0.148920
0.149095
0.149212
0.149271
0.149271
0.149212
0.149095
0.148920
0.148685
0.148393
0.148042
0.147614
0.147124
0.146571
0.145955
0.145225
0.144430
0.143523
0.142500
0.141334
0.140031
0.138488
0.135662
0.137411
0.138925
0.140260
0.141401
0.142413
0.143291
0.144087
0.144750
0.145347
0.145877
0.146316
0.146684
0.146991
0.147236
0.147420
0.147543
0.147604
0.147604
0.147543
0.147420
0.147236
0.146991
0.146684
0.146316
0.145877
0.145347
0.144750
0.144087
0.143291
0.142413
0.141401
0.140260
0.138925
0.137411
0.135662
0.132267
0.134305
0.136078
0.137595
0.138909
0.140082
0.141060
0.141957
0.142693
0.143352
0.143937
0.144407
0.144805
0.145137
0.145402
0.145601
0.145734
0.145800
0.145800
0.145734
0.145601
0.145402
0.145137
0.144805
0.144407
0.143937
0.143352
0.142693
0.141957
0.141060
0.140082
0.138909
0.137595
0.136078
0.134305
0.132267
0.128207
0.130556
0.132608
0.134395
0.135955
0.137273
0.138438
0.139439
0.140313
0.141047
0.141699
0.142242
0.142681
0.143047
0.143340
0.143560
0.143706
0.143779
0.143779
0.143706
0.143560
0.143340
0.143047
0.142681
0.142242
0.141699
0.141047
0.140313
0.139439
0.138438
0.137273
0.135955
0.134395
0.132608
0.130556
0.128207
0.123413
0.126104
0.128461
0.130532
0.132343
0.133924
0.135267
0.136448
0.137459
0.138332
0.139060
0.139697
0.140218
0.140626
0.140952
0.141197
0.141360
0.141442
0.141442
0.141360
0.141197
0.140952
0.140626
0.140218
0.139697
0.139060
0.138332
0.137459
0.136448
0.135267
0.133924
0.132343
0.130532
0.128461
0.126104
0.123413
0.117871
0.120869
0.123547
0.125924
0.128015
0.129842
0.131429
0.132809
0.134023
0.135026
0.135918
0.136634
0.137241
0.137746
0.138136
0.138409
0.138591
0.138682
0.138682
0.138591
0.138409
0.138136
0.137746
0.137241
0.136634
0.135918
0.135026
0.134023
0.132809
0.131429
0.129842
0.128015
0.125924
0.123547
0.120869
0.117871
0.111519
0.114849
0.117837
0.120495
0.122860
0.124954
0.126797
0.128413
0.129819
0.131014
0.132060
0.132912
0.133642
0.134229
0.134675
0.135009
0.135232
0.135344
0.135344
0.135232
0.135009
0.134675
0.134229
0.133642
0.132912
0.132060
0.131014
0.129819
0.128413
0.126797
0.124954
0.122860
0.120495
0.117837
0.114849
0.111519
0.104293
0.107980
0.111279
0.114243
0.116883
0.119237
0.121324
0.123162
0.124772
0.126177
0.127371
0.128391
0.129235
0.129939
0.130468
0.130863
0.131125
0.131257
0.131257
0.131125
0.130863
0.130468
0.129939
0.129235
0.128391
0.127371
0.126177
0.124772
0.123162
0.121324
0.119237
0.116883
0.114243
0.111279
0.107980
0.104293
0.000000
0.100156
0.103809
0.107085
0.110029
0.112644
0.114974
0.117037
0.118852
0.120439
0.121812
0.122972
0.123960
0.124748
0.125377
0.125848
0.126154
0.126304
0.126304
0.126154
0.125848
0.125377
0.124748
0.123960
0.122972
0.121812
0.120439
0.118852
0.117037
0.114974
0.112644
0.110029
0.107085
0.103809
0.100156
0.000000
0.000000
0.000000
0.000000
0.098936
0.102191
0.105097
0.107693
0.109996
0.112022
0.113793
0.115326
0.116639
0.117747
0.118647
0.119360
0.119894
0.120242
0.120413
0.120413
0.120242
0.119894
0.119360
0.118647
0.117747
0.116639
0.115326
0.113793
0.112022
0.109996
0.107693
0.105097
0.102191
0.098936
0.000000
0.000000
0.000000
0.185045
0.185580
0.000000
0.000000
0.000000
0.000000
0.099370
0.101927
0.104181
0.106158
0.107874
0.109338
0.110573
0.111587
0.112386
0.112977
0.113371
0.113567
0.113567
0.113371
0.112977
0.112386
0.111587
0.110573
0.109338
0.107874
0.106158
0.104181
0.101927
0.099370
0.000000
0.000000
0.000000
0.000000
0.185580
0.185045
0.183804
0.184379
0.184882
0.185354
0.185795
0.000000
0.000000
0.000000
0.000000
0.000000
0.099333
0.100967
0.102346
0.103475
0.104368
0.105029
0.105469
0.105689
0.105689
0.105469
0.105029
0.104368
0.103475
0.102346
0.100967
0.099333
0.000000
0.000000
0.000000
0.000000
0.000000
0.185795
0.185354
0.184882
0.184379
0.183804
0.182262
0.182931
0.183561
0.184121
0.184562
0.184971
0.185349
0.185695
0.000000
0.000000
0.000000
0.000000
0.000000
0.000000
0.000000
0.000000
0.000000
0.000000
0.000000
0.000000
0.000000
0.000000
0.000000
0.000000
0.000000
0.000000
0.000000
0.000000
0.185695
0.185349
0.184971
0.184562
0.184121
0.183561
0.182931
0.182262
0.180510
0.181265
0.181976
0.182570
0.183121
0.183633
0.184085
0.184431
0.184746
0.185029
0.185281
0.185502
0.185691
0.185848
0.185974
0.000000
0.000000
0.000000
0.000000
0.000000
0.000000
0.185974
0.185848
0.185691
0.185502
0.185281
0.185029
0.184746
0.184431
0.184085
0.183633
0.183121
0.182570
0.181976
0.181265
0.180510
0.178546
0.179378
0.180147
0.180813
0.181435
0.182012
0.182484
0.182918
0.183312
0.183666
0.183982
0.184206
0.184395
0.184552
0.184678
0.184773
0.184836
0.184867
0.184867
0.184836
0.184773
0.184678
0.184552
0.184395
0.184206
0.183982
0.183666
0.183312
0.182918
0.182484
0.182012
0.181435
0.180813
0.180147
0.179378
0.178546
0.176331
0.177246
0.178097
0.178831
0.179517
0.180139
0.180672
0.181161
0.181606
0.182005
0.182321
0.182597
0.182833
0.183030
0.183188
0.183306
0.183385
0.183424
0.183424
0.183385
0.183306
0.183188
0.183030
0.182833
0.182597
0.182321
0.182005
0.181606
0.181161
0.180672
0.180139
0.179517
0.178831
0.178097
0.177246
0.176331
0.173789
0.174814
0.175761
0.176590
0.177344
0.178040
0.178627
0.179166
0.179656
0.180087
0.180443
0.180754
0.181021
0.181244
0.181421
0.181555
0.181644
0.181688
0.181688
0.181644
0.181555
0.181421
0.181244
0.181021
0.180754
0.180443
0.180087
0.179656
0.179166
0.178627
0.178040
0.177344
0.176590
0.175761
0.174814
0.173789
0.170833
0.172025
0.173063
0.174033
0.174862
0.175632
0.176312
0.176904
0.177443
0.177927
0.178326
0.178669
0.178962
0.179207
0.179403
0.179550
0.179648
0.179697
0.179697
0.179648
0.179550
0.179403
0.179207
0.178962
0.178669
0.178326
0.177927
0.177443
0.176904
0.176312
0.175632
0.174862
0.174033
0.173063
0.172025
0.170833
0.167487
0.168779
0.169976
0.171031
0.172014
0.172857
0.173636
0.174319
0.174912
0.175445
0.175919
0.176303
0.176627
0.176896
0.177111
0.177273
0.177381
0.177434
0.177434
0.177381
0.177273
0.177111
0.176896
0.176627
0.176303
0.175919
0.175445
0.174912
0.174319
0.173636
0.172857
0.172014
0.171031
0.169976
0.168779
0.167487
0.163860
0.165202
0.166460
0.167628
0.168691
0.169663
0.170527
0.171300
0.172003
0.172587
0.173106
0.173561
0.173950
0.174251
0.174488
0.174666
0.174784
0.174843
0.174843
0.174784
0.174666
0.174488
0.174251
0.173950
0.173561
0.173106
0.172587
0.172003
0.171300
0.170527
0.169663
0.168691
0.167628
0.166460
0.165202
0.163860
0.160239
0.161520
0.162752
0.163924
0.165030
0.166057
0.166992
0.167849
0.168603
0.169277
0.169875
0.170375
0.170797
0.171149
0.171430
0.171641
0.171781
0.171852
0.171852
0.171781
0.171641
0.171430
0.171149
0.170797
0.170375
0.169875
0.169277
0.168603
0.167849
0.166992
0.166057
0.165030
0.163924
0.162752
0.161520
0.160239
0.156870
0.158003
0.159143
0.160225
0.161280
0.162269
0.163207
0.164068
0.164858
0.165570
0.166200
0.166745
0.167213
0.167602
0.167914
0.168142
0.168292
0.168367
0.168367
0.168292
0.168142
0.167914
0.167602
0.167213
0.166745
0.166200
0.165570
0.164858
0.164068
0.163207
0.162269
0.161280
0.160225
0.159143
0.158003
0.156870
0.153758
0.154806
0.155804
0.156791
0.157724
0.158631
0.159487
0.160287
0.161040
0.161719
0.162334
0.162881
0.163350
0.163741
0.164055
0.164292
0.164450
0.164529
0.164529
0.164450
0.164292
0.164055
0.163741
0.163350
0.162881
0.162334
0.161719
0.161040
0.160287
0.159487
0.158631
0.157724
0.156791
0.155804
0.154806
0.153758
0.150813
0.151796
0.152739
0.153628
0.154482
0.155293
0.156045
0.156779
0.157445
0.158049
0.158619
0.159118
0.159546
0.159903
0.160199
0.160425
0.160576
0.160651
0.160651
0.160576
0.160425
0.160199
0.159903
0.159546
0.159118
0.158619
0.158049
0.157445
0.156779
0.156045
0.155293
0.154482
0.153628
0.152739
0.151796
0.150813
0.147820
0.148823
0.149758
0.150628
0.151438
0.152195
0.152906
0.153558
0.154159
0.154721
0.155220
0.155657
0.156034
0.156367
0.156634
0.156834
0.156967
0.157034
0.157034
0.156967
0.156834
0.156634
0.156367
0.156034
0.155657
0.155220
0.154721
0.154159
0.153558
0.152906
0.152195
0.151438
0.150628
0.149758
0.148823
0.147820
0.144509
0.145635
0.146643
0.147563
0.148402
0.149162
0.149864
0.150502
0.151080
0.151601
0.152066
0.152481
0.152836
0.153133
0.153370
0.153548
0.153666
0.153726
0.153726
0.153666
0.153548
0.153370
0.153133
0.152836
0.152481
0.152066
0.151601
0.151080
0.150502
0.149864
0.149162
0.148402
0.147563
0.146643
0.145635
0.144509
0.140521
0.141906
0.143085
0.144165
0.145092
0.145954
0.146693
0.147368
0.147981
0.148508
0.148976
0.149386
0.149737
0.150029
0.150260
0.150434
0.150550
0.150607
0.150607
0.150550
0.150434
0.150260
0.150029
0.149737
0.149386
0.148976
0.148508
0.147981
0.147368
0.146693
0.145954
0.145092
0.144165
0.143085
0.141906
0.140521
0.135331
0.137110
0.138653
0.140015
0.141156
0.142193
0.143071
0.143875
0.144549
0.145146
0.145676
0.146130
0.146498
0.146805
0.147050
0.147234
0.147357
0.147418
0.147418
0.147357
0.147234
0.147050
0.146805
0.146498
0.146130
0.145676
0.145146
0.144549
0.143875
0.143071
0.142193
0.141156
0.140015
0.138653
0.137110
0.135331
0.128379
0.130716
0.132755
0.134529
0.136079
0.137392
0.138544
0.139545
0.140407
0.141140
0.141792
0.142326
0.142765
0.143130
0.143423
0.143642
0.143788
0.143862
0.143862
0.143788
0.143642
0.143423
0.143130
0.142765
0.142326
0.141792
0.141140
0.140407
0.139545
0.138544
0.137392
0.136079
0.134529
0.132755
0.130716
0.128379
0.119376
0.122299
0.124887
0.127178
0.129192
0.130951
0.132487
0.133823
0.134952
0.135954
0.136767
0.137474
0.138072
0.138527
0.138891
0.139164
0.139346
0.139437
0.139437
0.139346
0.139164
0.138891
0.138527
0.138072
0.137474
0.136767
0.135954
0.134952
0.133823
0.132487
0.130951
0.129192
0.127178
0.124887
0.122299
0.119376
0.108320
0.111808
0.114928
0.117726
0.120219
0.122428
0.124383
0.126104
0.127595
0.128883
0.130006
0.130925
0.131713
0.132342
0.132828
0.133193
0.133436
0.133557
0.133557
0.133436
0.133193
0.132828
0.132342
0.131713
0.130925
0.130006
0.128883
0.127595
0.126104
0.124383
0.122428
0.120219
0.117726
0.114928
0.111808
0.108320
0.000000
0.099127
0.102819
0.106141
0.109108
0.111764
0.114125
0.116213
0.118055
0.119657
0.121040
0.122230
0.123217
0.124038
0.124666
0.125137
0.125451
0.125608
0.125608
0.125451
0.125137
0.124666
0.124038
0.123217
0.122230
0.121040
0.119657
0.118055
0.116213
0.114125
0.111764
0.109108
0.106141
0.102819
0.099127
0.000000
0.185355
0.185889
0.000000
0.000000
0.000000
0.098838
0.101635
0.104120
0.106309
0.108230
0.109897
0.111318
0.112517
0.113500
0.114277
0.114849
0.115230
0.115420
0.115420
0.115230
0.114849
0.114277
0.113500
0.112517
0.111318
0.109897
0.108230
0.106309
0.104120
0.101635
0.098838
0.000000
0.000000
0.000000
0.185889
0.185355
0.183328
0.183996
0.184500
0.184971
0.185411
0.185819
0.000000
0.000000
0.000000
0.000000
0.000000
0.098079
0.099497
0.100663
0.101587
0.102273
0.102724
0.102949
0.102949
0.102724
0.102273
0.101587
0.100663
0.099497
0.098079
0.000000
0.000000
0.000000
0.000000
0.000000
0.185819
0.185411
0.184971
0.184500
0.183996
0.183328
0.180781
0.181535
0.182217
0.182807
0.183358
0.183869
0.184272
0.184618
0.184932
0.185215
0.185467
0.185687
0.185876
0.000000
0.000000
0.000000
0.000000
0.000000
0.000000
0.000000
0.000000
0.000000
0.000000
0.185876
0.185687
0.185467
0.185215
0.184932
0.184618
0.184272
0.183869
0.183358
0.182807
0.182217
0.181535
0.180781
0.177801
0.178650
0.179432
0.180149
0.180771
0.181347
0.181880
0.182326
0.182719
0.183073
0.183388
0.183663
0.183900
0.184077
0.184203
0.184297
0.184360
0.184391
0.184391
0.184360
0.184297
0.184203
0.184077
0.183900
0.183663
0.183388
0.183073
0.182719
0.182326
0.181880
0.181347
0.180771
0.180149
0.179432
0.178650
0.177801
0.174244
0.175248
0.176176
0.176982
0.177734
0.178394
0.178980
0.179518
0.180006
0.180405
0.180760
0.181071
0.181337
0.181559
0.181737
0.181870
0.181959
0.182003
0.182003
0.181959
0.181870
0.181737
0.181559
0.181337
0.181071
0.180760
0.180405
0.180006
0.179518
0.178980
0.178394
0.177734
0.176982
0.176176
0.175248
0.174244
0.169946
0.171141
0.172243
0.173214
0.174110
0.174879
0.175588
0.176217
0.176754
0.177238
0.177668
0.178040
0.178333
0.178578
0.178773
0.178920
0.179018
0.179067
0.179067
0.179018
0.178920
0.178773
0.178578
0.178333
0.178040
0.177668
0.177238
0.176754
0.176217
0.175588
0.174879
0.174110
0.173214
0.172243
0.171141
0.169946
0.164939
0.166275
0.167519
0.168657
0.169703
0.170633
0.171474
0.172227
0.172875
0.173457
0.173976
0.174392
0.174746
0.175042
0.175279
0.175456
0.175574
0.175633
0.175633
0.175574
0.175456
0.175279
0.175042
0.174746
0.174392
0.173976
0.173457
0.172875
0.172227
0.171474
0.170633
0.169703
0.168657
0.167519
0.166275
0.164939
0.159850
0.161119
0.162334
0.163503
0.164602
0.165627
0.166566
0.167421
0.168190
0.168862
0.169460
0.169983
0.170405
0.170755
0.171036
0.171247
0.171387
0.171457
0.171457
0.171387
0.171247
0.171036
0.170755
0.170405
0.169983
0.169460
0.168862
0.168190
0.167421
0.166566
0.165627
0.164602
0.163503
0.162334
0.161119
0.159850
0.155303
0.156386
0.157450
0.158479
0.159475
0.160422
0.161324
0.162157
0.162937
0.163639
0.164266
0.164818
0.165292
0.165686
0.166002
0.166235
0.166391
0.166468
0.166468
0.166391
0.166235
0.166002
0.165686
0.165292
0.164818
0.164266
0.163639
0.162937
0.162157
0.161324
0.160422
0.159475
0.158479
0.157450
0.156386
0.155303
0.151221
0.152206
0.153152
0.154041
0.154912
0.155722
0.156501
0.157233
0.157898
0.158531
0.159100
0.159598
0.160026
0.160402
0.160703
0.160929
0.161079
0.161154
0.161154
0.161079
0.160929
0.160703
0.160402
0.160026
0.159598
0.159100
0.158531
0.157898
0.157233
0.156501
0.155722
0.154912
0.154041
0.153152
0.152206
0.151221
0.147154
0.148184
0.149117
0.149992
0.150800
0.151550
0.152249
0.152899
0.153490
0.154024
0.154522
0.154958
0.155331
0.155643
0.155892
0.156084
0.156217
0.156284
0.156284
0.156217
0.156084
0.155892
0.155643
0.155331
0.154958
0.154522
0.154024
0.153490
0.152899
0.152249
0.151550
0.150800
0.149992
0.149117
0.148184
0.147154
0.142457
0.143696
0.144782
0.145773
0.146646
0.147441
0.148167
0.148809
0.149392
0.149917
0.150380
0.150784
0.151130
0.151419
0.151650
0.151823
0.151938
0.151996
0.151996
0.151938
0.151823
0.151650
0.151419
0.151130
0.150784
0.150380
0.149917
0.149392
0.148809
0.148167
0.147441
0.146646
0.145773
0.144782
0.143696
0.142457
0.136149
0.137862
0.139326
0.140615
0.141753
0.142726
0.143601
0.144366
0.145027
0.145622
0.146139
0.146568
0.146935
0.147240
0.147485
0.147669
0.147791
0.147852
0.147852
0.147791
0.147669
0.147485
0.147240
0.146935
0.146568
0.146139
0.145622
0.145027
0.144366
0.143601
0.142726
0.141753
0.140615
0.139326
0.137862
0.136149
0.126999
0.129437
0.131567
0.133417
0.135020
0.136420
0.137629
0.138664
0.139571
0.140347
0.140997
0.141566
0.142048
0.142413
0.142705
0.142924
0.143070
0.143143
0.143143
0.143070
0.142924
0.142705
0.142413
0.142048
0.141566
0.140997
0.140347
0.139571
0.138664
0.137629
0.136420
0.135020
0.133417
0.131567
0.129437
0.126999
0.114527
0.117698
0.120527
0.123045
0.125280
0.127248
0.128972
0.130479
0.131788
0.132895
0.133864
0.134653
0.135319
0.135874
0.136289
0.136592
0.136793
0.136894
0.136894
0.136793
0.136592
0.136289
0.135874
0.135319
0.134653
0.133864
0.132895
0.131788
0.130479
0.128972
0.127248
0.125280
0.123045
0.120527
0.117698
0.114527
0.098654
0.102582
0.106120
0.109286
0.112128
0.114654
0.116903
0.118893
0.120643
0.122173
0.123485
0.124604
0.125544
0.126310
0.126905
0.127351
0.127648
0.127797
0.127797
0.127648
0.127351
0.126905
0.126310
0.125544
0.124604
0.123485
0.122173
0.120643
0.118893
0.116903
0.114654
0.112128
0.109286
0.106120
0.102582
0.098654
0.185327
0.185860
0.000000
0.000000
0.000000
0.098574
0.101369
0.103856
0.106049
0.107971
0.109634
0.111057
0.112261
0.113241
0.114024
0.114594
0.114974
0.115164
0.115164
0.114974
0.114594
0.114024
0.113241
0.112261
0.111057
0.109634
0.107971
0.106049
0.103856
0.101369
0.098574
0.000000
0.000000
0.000000
0.185860
0.185327
0.182668
0.183334
0.183961
0.184439
0.184878
0.185285
0.185661
0.000000
0.000000
0.000000
0.000000
0.000000
0.000000
0.000000
0.000000
0.098261
0.098733
0.098968
0.098968
0.098733
0.098261
0.000000
0.000000
0.000000
0.000000
0.000000
0.000000
0.000000
0.000000
0.185661
0.185285
0.184878
0.184439
0.183961
0.183334
0.182668
0.179264
0.180084
0.180791
0.181455
0.182066
0.182575
0.183046
0.183477
0.183869
0.184177
0.184428
0.184648
0.184836
0.184992
0.185118
0.185212
0.185274
0.185306
0.185306
0.185274
0.185212
0.185118
0.184992
0.184836
0.184648
0.184428
0.184177
0.183869
0.183477
0.183046
0.182575
0.182066
0.181455
0.180791
0.180084
0.179264
0.175112
0.176104
0.176960
0.177764
0.178467
0.179100
0.179685
0.180200
0.180643
0.181041
0.181395
0.181705
0.181970
0.182170
0.182326
0.182444
0.182522
0.182562
0.182562
0.182522
0.182444
0.182326
0.182170
0.181970
0.181705
0.181395
0.181041
0.180643
0.180200
0.179685
0.179100
0.178467
0.177764
0.176960
0.176104
0.175112
0.169933
0.171126
0.172225
0.173193
0.174088
0.174854
0.175562
0.176191
0.176726
0.177208
0.177637
0.178011
0.178303
0.178547
0.178742
0.178888
0.178985
0.179034
0.179034
0.178985
0.178888
0.178742
0.178547
0.178303
0.178011
0.177637
0.177208
0.176726
0.176191
0.175562
0.174854
0.174088
0.173193
0.172225
0.171126
0.169933
0.163755
0.165089
0.166341
0.167503
0.168565
0.169532
0.170400
0.171169
0.171868
0.172459
0.172976
0.173427
0.173815
0.174126
0.174361
0.174538
0.174656
0.174715
0.174715
0.174656
0.174538
0.174361
0.174126
0.173815
0.173427
0.172976
0.172459
0.171868
0.171169
0.170400
0.169532
0.168565
0.167503
0.166341
0.165089
0.163755
0.157741
0.158928
0.160065
0.161190
0.162248
0.163258
0.164193
0.165058
0.165844
0.166544
0.167164
0.167706
0.168164
0.168537
0.168834
0.169058
0.169206
0.169281
0.169281
0.169206
0.169058
0.168834
0.168537
0.168164
0.167706
0.167164
0.166544
0.165844
0.165058
0.164193
0.163258
0.162248
0.161190
0.160065
0.158928
0.157741
0.152592
0.153593
0.154564
0.155495
0.156388
0.157250
0.158049
0.158829
0.159537
0.160185
0.160785
0.161310
0.161760
0.162140
0.162450
0.162684
0.162839
0.162917
0.162917
0.162839
0.162684
0.162450
0.162140
0.161760
0.161310
0.160785
0.160185
0.159537
0.158829
0.158049
0.157250
0.156388
0.155495
0.154564
0.153593
0.152592
0.147745
0.148745
0.149675
0.150541
0.151346
0.152096
0.152803
0.153451
0.154042
0.154601
0.155097
0.155532
0.155904
0.156229
0.156494
0.156693
0.156826
0.156892
0.156892
0.156826
0.156693
0.156494
0.156229
0.155904
0.155532
0.155097
0.154601
0.154042
0.153451
0.152803
0.152096
0.151346
0.150541
0.149675
0.148745
0.147745
0.142153
0.143388
0.144499
0.145487
0.146378
0.147170
0.147902
0.148546
0.149127
0.149650
0.150114
0.150517
0.150862
0.151150
0.151380
0.151552
0.151667
0.151725
0.151725
0.151667
0.151552
0.151380
0.151150
0.150862
0.150517
0.150114
0.149650
0.149127
0.148546
0.147902
0.147170
0.146378
0.145487
0.144499
0.143388
0.142153
0.134165
0.136041
0.137648
0.139038
0.140272
0.141324
0.142266
0.143065
0.143792
0.144404
0.144931
0.145392
0.145788
0.146108
0.146352
0.146535
0.146657
0.146718
0.146718
0.146657
0.146535
0.146352
0.146108
0.145788
0.145392
0.144931
0.144404
0.143792
0.143065
0.142266
0.141324
0.140272
0.139038
0.137648
0.136041
0.134165
0.121975
0.124718
0.127152
0.129294
0.131166
0.132798
0.134226
0.135443
0.136498
0.137402
0.138185
0.138818
0.139360
0.139812
0.140155
0.140398
0.140560
0.140641
0.140641
0.140560
0.140398
0.140155
0.139812
0.139360
0.138818
0.138185
0.137402
0.136498
0.135443
0.134226
0.132798
0.131166
0.129294
0.127152
0.124718
0.121975
0.105171
0.108785
0.112036
0.114935
0.117532
0.119847
0.121896
0.123697
0.125271
0.126640
0.127825
0.128812
0.129650
0.130325
0.130847
0.131238
0.131499
0.131630
0.131630
0.131499
0.131238
0.130847
0.130325
0.129650
0.128812
0.127825
0.126640
0.125271
0.123697
0.121896
0.119847
0.117532
0.114935
0.112036
0.108785
0.105171
0.185823
0.000000
0.000000
0.000000
0.099188
0.102183
0.104848
0.107218
0.109309
0.111139
0.112726
0.114090
0.115225
0.116166
0.116899
0.117448
0.117814
0.117997
0.117997
0.117814
0.117448
0.116899
0.116166
0.115225
0.114090
0.112726
0.111139
0.109309
0.107218
0.104848
0.102183
0.099188
0.000000
0.000000
0.000000
0.185823
0.182786
0.183450
0.184060
0.184528
0.184965
0.185371
0.185745
0.000000
0.000000
0.000000
0.000000
0.000000
0.000000
0.000000
0.098138
0.098842
0.099312
0.099546
0.099546
0.099312
0.098842
0.098138
0.000000
0.000000
0.000000
0.000000
0.000000
0.000000
0.000000
0.185745
0.185371
0.184965
0.184528
0.184060
0.183450
0.182786
0.178787
0.179612
0.180353
0.181014
0.181631
0.182181
0.182649
0.183079
0.183470
0.183821
0.184107
0.184325
0.184513
0.184669
0.184794
0.184887
0.184950
0.184981
0.184981
0.184950
0.184887
0.184794
0.184669
0.184513
0.184325
0.184107
0.183821
0.183470
0.183079
0.182649
0.182181
0.181631
0.181014
0.180353
0.179612
0.178787
0.173760
0.174779
0.175718
0.176544
0.177291
0.177984
0.178568
0.179102
0.179587
0.180022
0.180375
0.180683
0.180948
0.181168
0.181344
0.181477
0.181565
0.181609
0.181609
0.181565
0.181477
0.181344
0.181168
0.180948
0.180683
0.180375
0.180022
0.179587
0.179102
0.178568
0.177984
0.177291
0.176544
0.175718
0.174779
0.173760
0.167270
0.168559
0.169745
0.170805
0.171780
0.172633
0.173405
0.174102
0.174689
0.175218
0.175687
0.176089
0.176410
0.176676
0.176890
0.177050
0.177157
0.177210
0.177210
0.177157
0.177050
0.176890
0.176676
0.176410
0.176089
0.175687
0.175218
0.174689
0.174102
0.173405
0.172633
0.171780
0.170805
0.169745
0.168559
0.167270
