0.109586
0.134897
0.147337
0.156475
0.167637
0.177172
0.183646
0.101836
0.127461
0.141954
0.150287
0.158074
0.167441
0.175554
0.181348
0.185473
0.107270
0.126413
0.138627
0.146016
0.151564
0.157092
0.163372
0.169706
0.174864
0.178853
0.182049
0.184505
0.000000
0.102706
0.113842
0.122608
0.129382
0.134448
0.138184
0.140928
0.143009
0.144593
0.145788
0.146634
0.147187
0.147463
0.147460
0.147176
0.146612
0.145748
0.144528
0.142901
0.140752
0.137896
0.133981
0.128600
0.121391
0.112021
0.100038
0.185985
0.183942
0.181118
0.177585
0.173022
0.167073
0.160288
0.154126
0.148476
0.141789
0.131059
0.113038
0.000000
0.182072
0.176111
0.167593
0.157640
0.149378
0.139858
0.121733
0.000000
0.181189
0.172857
0.160855
0.150325
0.138764
0.114505
0.184484
0.176519
0.163777
0.151197
0.138081
0.108514
0.182563
0.172040
0.156813
0.144087
0.119504
0.184106
0.173531
0.157237
0.143362
0.114681
0.182473
0.169568
