0.185527
0.117951
0.139174
0.149826
0.159320
0.170654
0.179202
0.184948
0.110127
0.132508
0.144551
0.152327
0.160521
0.169908
0.177282
0.182601
0.088063
0.112786
0.130045
0.140683
0.147344
0.152723
0.158292
0.164600
0.170669
0.175526
0.179284
0.182299
0.184624
0.088956
0.102345
0.112969
0.121369
0.127914
0.132843
0.136510
0.139210
0.141209
0.142679
0.143734
0.144411
0.144757
0.144798
0.144530
0.143950
0.142973
0.141614
0.139733
0.137154
0.133666
0.128890
0.122510
0.114209
0.103598
0.090127
0.184714
0.182334
0.179208
0.175261
0.170114
0.163667
0.157182
0.151464
0.145653
0.137689
0.124051
0.102622
0.184597
0.179756
0.172876
0.163309
0.154035
0.145903
0.133870
0.110369
0.184645
0.178159
0.168166
0.156090
0.146150
0.130774
0.098652
0.181564
0.171733
0.157810
0.146316
0.128002
0.000000
0.178546
0.165224
0.151095
0.135889
0.099300
0.179924
0.166106
0.150773
0.133378
0.089755
0.177190
0.160652
