0.168671
0.101456
0.147892
0.172512
0.111453
0.151323
0.175625
0.119485
0.154274
0.000000
0.125874
0.156857
0.000000
0.130710
0.159040
0.181366
0.134058
0.160664
0.182257
0.135899
0.161490
0.182554
0.136117
0.161238
0.182149
0.134258
0.159598
0.180721
0.129198
0.156295
0.177744
0.118599
0.150862
0.171716
0.162337
0.140539
0.160285
0.000000
0.112913
0.144463
0.160486
0.176143
0.185608
0.127251
0.145451
0.155405
0.164060
0.171429
0.176017
0.000000
0.000000
0.000000
0.176017
0.171429
0.164060
0.155405
0.145451
0.127251
0.185608
0.176143
0.160486
0.144463
0.112913
0.000000
0.160285
0.140539
0.162337
0.171716
0.150862
0.118599
0.177744
0.156295
0.129198
0.180721
0.159598
0.134258
0.182149
0.161238
0.136117
0.182554
0.161490
0.135899
0.182257
0.160664
0.134058
0.181366
0.159040
0.130710
0.000000
0.156857
0.125874
0.000000
0.154274
0.119485
0.175625
0.151323
0.111453
0.172512
0.147892
0.101456
