0.190223
0.193562
0.166655
0.136986
0.109282
0.104485
0.110254
0.114875
0.118615
0.121656
0.124134
0.126145
0.127766
0.129046
0.130055
0.130769
0.131244
0.131482
0.131482
0.131244
0.130769
0.130055
0.129046
0.127766
0.126145
0.124134
0.121656
0.118615
0.114875
0.110254
0.104485
0.109282
0.136986
0.166655
0.193562
0.190223
0.190542
0.193900
0.163334
0.133649
0.105931
0.105350
0.111003
0.115549
0.119215
0.122208
0.124631
0.126611
0.128218
0.129485
0.130468
0.131181
0.131657
0.131895
0.131895
0.131657
0.131181
0.130468
0.129485
0.128218
0.126611
0.124631
0.122208
0.119215
0.115549
0.111003
0.105350
0.105931
0.133649
0.163334
0.193900
0.190542
0.190671
0.193639
0.161975
0.132275
0.104543
0.105710
0.111317
0.115831
0.119468
0.122432
0.124842
0.126810
0.128405
0.129672
0.130644
0.131358
0.131834
0.132068
0.132068
0.131834
0.131358
0.130644
0.129672
0.128405
0.126810
0.124842
0.122432
0.119468
0.115831
0.111317
0.105710
0.104543
0.132275
0.161975
0.193639
0.190671
0.190609
0.193973
0.162580
0.132866
0.105121
0.105564
0.111193
0.115723
0.119374
0.122350
0.124767
0.126740
0.128340
0.129608
0.130584
0.131298
0.131774
0.132012
0.132012
0.131774
0.131298
0.130584
0.129608
0.128340
0.126740
0.124767
0.122350
0.119374
0.115723
0.111193
0.105564
0.105121
0.132866
0.162580
0.193973
0.190609
0.190357
0.193709
0.165153
0.135426
0.107669
0.104912
0.110633
0.115223
0.118931
0.121959
0.124404
0.126401
0.128024
0.129292
0.130288
0.131002
0.131479
0.131717
0.131717
0.131479
0.131002
0.130288
0.129292
0.128024
0.126401
0.124404
0.121959
0.118931
0.115223
0.110633
0.104912
0.107669
0.135426
0.165153
0.193709
0.190357
0.189919
0.193243
0.169696
0.139957
0.112189
0.103742
0.109616
0.114331
0.118140
0.121217
0.123737
0.125779
0.127418
0.128724
0.129739
0.130469
0.130946
0.131184
0.131184
0.130946
0.130469
0.129739
0.128724
0.127418
0.125779
0.123737
0.121217
0.118140
0.114331
0.109616
0.103742
0.112189
0.139957
0.169696
0.193243
0.189919
0.189322
0.192576
0.176211
0.146461
0.118682
0.101999
0.108105
0.112991
0.116938
0.120148
0.122735
0.124841
0.126541
0.127896
0.128918
0.129680
0.130176
0.130415
0.130415
0.130176
0.129680
0.128918
0.127896
0.126541
0.124841
0.122735
0.120148
0.116938
0.112991
0.108105
0.101999
0.118682
0.146461
0.176211
0.192576
0.189322
0.188546
0.191721
0.184701
0.154941
0.127153
0.101338
0.106037
0.111173
0.115318
0.118669
0.121387
0.123590
0.125353
0.126750
0.127835
0.128607
0.129115
0.129369
0.129369
0.129115
0.128607
0.127835
0.126750
0.125353
0.123590
0.121387
0.118669
0.115318
0.111173
0.106037
0.101338
0.127153
0.154941
0.184701
0.191721
0.188546
0.187617
0.190706
0.193881
0.165398
0.137601
0.111779
0.103328
0.108800
0.113204
0.116759
0.119640
0.121971
0.123829
0.125288
0.126419
0.127232
0.127775
0.128043
0.128043
0.127775
0.127232
0.126419
0.125288
0.123829
0.121971
0.119640
0.116759
0.113204
0.108800
0.103328
0.111779
0.137601
0.165398
0.193881
0.190706
0.187617
0.186556
0.189528
0.192608
0.177835
0.150030
0.124200
0.100348
0.105788
0.110520
0.114341
0.117419
0.119912
0.121897
0.123451
0.124645
0.125515
0.126089
0.126360
0.126360
0.126089
0.125515
0.124645
0.123451
0.121897
0.119912
0.117419
0.114341
0.110520
0.105788
0.100348
0.124200
0.150030
0.177835
0.192608
0.189528
0.186556
0.185374
0.188211
0.191178
0.192253
0.164441
0.138605
0.114746
0.102001
0.107147
0.111301
0.114647
0.117336
0.119484
0.121166
0.122456
0.123385
0.124004
0.124294
0.124294
0.124004
0.123385
0.122456
0.121166
0.119484
0.117336
0.114647
0.111301
0.107147
0.102001
0.114746
0.138605
0.164441
0.192253
0.191178
0.188211
0.185374
0.184074
0.186800
0.189611
0.192501
0.180836
0.154994
0.131130
0.109247
0.102948
0.107525
0.111203
0.114165
0.116509
0.118355
0.119761
0.120767
0.121427
0.121758
0.121758
0.121427
0.120767
0.119761
0.118355
0.116509
0.114165
0.111203
0.107525
0.102948
0.109247
0.131130
0.154994
0.180836
0.192501
0.189611
0.186800
0.184074
0.182710
0.185288
0.187938
0.190693
0.193467
0.173368
0.149500
0.127613
0.107709
0.102829
0.106930
0.110225
0.112830
0.114874
0.116432
0.117553
0.118282
0.118634
0.118634
0.118282
0.117553
0.116432
0.114874
0.112830
0.110225
0.106930
0.102829
0.107709
0.127613
0.149500
0.173368
0.193467
0.190693
0.187938
0.185288
0.182710
0.181251
0.183697
0.186204
0.188794
0.191416
0.193729
0.169857
0.147967
0.128060
0.110138
0.101627
0.105330
0.108279
0.110575
0.112325
0.113582
0.114397
0.114793
0.114793
0.114397
0.113582
0.112325
0.110575
0.108279
0.105330
0.101627
0.110138
0.128060
0.147967
0.169857
0.193729
0.191416
0.188794
0.186204
0.183697
0.181251
0.179706
0.182046
0.184420
0.186838
0.189293
0.191756
0.192203
0.170310
0.150400
0.132476
0.116540
0.102592
0.102602
0.105225
0.107216
0.108650
0.109581
0.110044
0.110044
0.109581
0.108650
0.107216
0.105225
0.102602
0.102592
0.116540
0.132476
0.150400
0.170310
0.192203
0.191756
0.189293
0.186838
0.184420
0.182046
0.179706
0.178078
0.180348
0.182594
0.184852
0.187135
0.189431
0.191711
0.193934
0.174731
0.156806
0.140868
0.126918
0.114960
0.104992
0.100837
0.102494
0.103566
0.104098
0.104098
0.103566
0.102494
0.100837
0.104992
0.114960
0.126918
0.140868
0.156806
0.174731
0.193934
0.191711
0.189431
0.187135
0.184852
0.182594
0.180348
0.178078
0.176345
0.178574
0.180727
0.182851
0.184971
0.187095
0.189208
0.191282
0.193279
0.183127
0.167188
0.153238
0.141278
0.131310
0.123334
0.117352
0.113363
0.111369
0.111369
0.113363
0.117352
0.123334
0.131310
0.141278
0.153238
0.167188
0.183127
0.193279
0.191282
0.189208
0.187095
0.184971
0.182851
0.180727
0.178574
0.176345
0.174467
0.176702
0.178805
0.180831
0.182816
0.184777
0.186717
0.188623
0.190467
0.192217
0.193847
0.181549
0.169589
0.159621
0.151645
0.145663
0.141674
0.139680
0.139680
0.141674
0.145663
0.151645
0.159621
0.169589
0.181549
0.193847
0.192217
0.190467
0.188623
0.186717
0.184777
0.182816
0.180831
0.178805
0.176702
0.174467
0.172402
0.174696
0.176799
0.178772
0.180659
0.182487
0.184268
0.186002
0.187697
0.189310
0.190812
0.192174
0.193397
0.189926
0.181950
0.175968
0.171979
0.169985
0.169985
0.171979
0.175968
0.181950
0.189926
0.193397
0.192174
0.190812
0.189310
0.187697
0.186002
0.184268
0.182487
0.180659
0.178772
0.176799
0.174696
0.172402
0.170088
0.172502
0.174663
0.176636
0.178474
0.180211
0.181874
0.183483
0.185021
0.186474
0.187830
0.189091
0.190193
0.191159
0.191933
0.192541
0.192949
0.193153
0.193153
0.192949
0.192541
0.191933
0.191159
0.190193
0.189091
0.187830
0.186474
0.185021
0.183483
0.181874
0.180211
0.178474
0.176636
0.174663
0.172502
0.170088
0.167417
0.170050
0.172331
0.174366
0.176212
0.177912
0.179507
0.181011
0.182421
0.183745
0.184988
0.186099
0.187117
0.187965
0.188690
0.189236
0.189600
0.189781
0.189781
0.189600
0.189236
0.188690
0.187965
0.187117
0.186099
0.184988
0.183745
0.182421
0.181011
0.179507
0.177912
0.176212
0.174366
0.172331
0.170050
0.167417
0.164338
0.167211
0.169708
0.171881
0.173799
0.175522
0.177097
0.178546
0.179877
0.181119
0.182243
0.183272
0.184166
0.184955
0.185587
0.186064
0.186404
0.186574
0.186574
0.186404
0.186064
0.185587
0.184955
0.184166
0.183272
0.182243
0.181119
0.179877
0.178546
0.177097
0.175522
0.173799
0.171881
0.169708
0.167211
0.164338
0.160781
0.000000
0.166679
0.169057
0.171127
0.172947
0.174567
0.176020
0.177329
0.178516
0.179582
0.180535
0.181368
0.182065
0.182654
0.183095
0.183390
0.183537
0.183537
0.183390
0.183095
0.182654
0.182065
0.181368
0.180535
0.179582
0.178516
0.177329
0.176020
0.174567
0.172947
0.171127
0.169057
0.166679
0.000000
0.160781
0.156809
0.160157
0.000000
0.165809
0.168101
0.170086
0.171812
0.173325
0.174669
0.175859
0.176908
0.177825
0.178621
0.179287
0.179820
0.180229
0.180507
0.180646
0.180646
0.180507
0.180229
0.179820
0.179287
0.178621
0.177825
0.176908
0.175859
0.174669
0.173325
0.171812
0.170086
0.168101
0.165809
0.000000
0.160157
0.156809
0.152566
0.155957
0.159129
0.000000
0.164550
0.166761
0.168676
0.170340
0.171779
0.173021
0.174111
0.175037
0.175830
0.176487
0.177011
0.177404
0.177667
0.177798
0.177798
0.177667
0.177404
0.177011
0.176487
0.175830
0.175037
0.174111
0.173021
0.171779
0.170340
0.168676
0.166761
0.164550
0.000000
0.159129
0.155957
0.152566
0.148207
0.151523
0.154704
0.157699
0.160440
0.000000
0.165029
0.166885
0.168488
0.169867
0.171027
0.172033
0.172854
0.173538
0.174082
0.174479
0.174744
0.174876
0.174876
0.174744
0.174479
0.174082
0.173538
0.172854
0.172033
0.171027
0.169867
0.168488
0.166885
0.165029
0.000000
0.160440
0.157699
0.154704
0.151523
0.148207
0.143766
0.147003
0.150093
0.153055
0.155852
0.158439
0.160775
0.000000
0.164640
0.166193
0.167502
0.168606
0.169526
0.170275
0.170851
0.171284
0.171572
0.171716
0.171716
0.171572
0.171284
0.170851
0.170275
0.169526
0.168606
0.167502
0.166193
0.164640
0.000000
0.160775
0.158439
0.155852
0.153055
0.150093
0.147003
0.143766
0.139099
0.142382
0.145423
0.148295
0.151025
0.153601
0.156002
0.158194
0.160156
0.161876
0.000000
0.164600
0.165644
0.166483
0.167138
0.167629
0.167957
0.168113
0.168113
0.167957
0.167629
0.167138
0.166483
0.165644
0.164600
0.000000
0.161876
0.160156
0.158194
0.156002
0.153601
0.151025
0.148295
0.145423
0.142382
0.139099
0.133902
0.137452
0.140602
0.143470
0.146133
0.148632
0.150974
0.153153
0.155152
0.156952
0.158541
0.159917
0.161067
0.000000
0.000000
0.000000
0.000000
0.000000
0.000000
0.000000
0.000000
0.000000
0.000000
0.161067
0.159917
0.158541
0.156952
0.155152
0.153153
0.150974
0.148632
0.146133
0.143470
0.140602
0.137452
0.133902
0.127608
0.131812
0.135333
0.138398
0.141126
0.143610
0.145892
0.148000
0.149941
0.151713
0.153304
0.154703
0.155906
0.156905
0.157704
0.158299
0.158692
0.158889
0.158889
0.158692
0.158299
0.157704
0.156905
0.155906
0.154703
0.153304
0.151713
0.149941
0.148000
0.145892
0.143610
0.141126
0.138398
0.135333
0.131812
0.127608
0.119367
0.124749
0.129075
0.132654
0.135698
0.138345
0.140690
0.142799
0.144702
0.146418
0.147952
0.149311
0.150484
0.151469
0.152260
0.152858
0.153257
0.153456
0.153456
0.153257
0.152858
0.152260
0.151469
0.150484
0.149311
0.147952
0.146418
0.144702
0.142799
0.140690
0.138345
0.135698
0.132654
0.129075
0.124749
0.119367
0.107888
0.115212
0.120948
0.125530
0.129256
0.132368
0.135003
0.137284
0.139277
0.141025
0.142560
0.143893
0.145035
0.145987
0.146755
0.147330
0.147714
0.147906
0.147906
0.147714
0.147330
0.146755
0.145987
0.145035
0.143893
0.142560
0.141025
0.139277
0.137284
0.135003
0.132368
0.129256
0.125530
0.120948
0.115212
0.107888
0.127959
0.101595
0.109601
0.115881
0.120852
0.124870
0.128173
0.130899
0.133203
0.135159
0.136824
0.138241
0.139423
0.140399
0.141170
0.141747
0.142131
0.142322
0.142322
0.142131
0.141747
0.141170
0.140399
0.139423
0.138241
0.136824
0.135159
0.133203
0.130899
0.128173
0.124870
0.120852
0.115881
0.109601
0.101595
0.127959
0.187934
0.154307
0.122643
0.101980
0.109000
0.114585
0.119058
0.122686
0.125656
0.128104
0.130122
0.131787
0.133144
0.134252
0.135104
0.135742
0.136161
0.136365
0.136365
0.136161
0.135742
0.135104
0.134252
0.133144
0.131787
0.130122
0.128104
0.125656
0.122686
0.119058
0.114585
0.109000
0.101980
0.122643
0.154307
0.187934
0.188569
0.191738
0.184612
0.154928
0.127209
0.101460
0.105992
0.111120
0.115260
0.118610
0.121325
0.123526
0.125289
0.126687
0.127769
0.128543
0.129050
0.129303
0.129303
0.129050
0.128543
0.127769
0.126687
0.125289
0.123526
0.121325
0.118610
0.115260
0.111120
0.105992
0.101460
0.127209
0.154928
0.184612
0.191738
0.188569
0.183343
0.185955
0.188690
0.191484
0.191171
0.165435
0.141670
0.119877
0.100059
0.104826
0.108733
0.111875
0.114362
0.116315
0.117803
0.118865
0.119565
0.119916
0.119916
0.119565
0.118865
0.117803
0.116315
0.114362
0.111875
0.108733
0.104826
0.100059
0.119877
0.141670
0.165435
0.191171
0.191484
0.188690
0.185955
0.183343
