8.45E-01
8.31E-01
8.29E-01
8.41E-01
8.64E-01
8.85E-01
8.90E-01
8.78E-01
8.60E-01
8.50E-01
8.55E-01
8.74E-01
8.96E-01
9.06E-01
8.99E-01
8.80E-01
8.63E-01
8.60E-01
8.74E-01
8.96E-01
9.12E-01
9.11E-01
8.94E-01
8.72E-01
8.59E-01
8.63E-01
8.81E-01
9.00E-01
9.07E-01
8.96E-01
8.74E-01
8.57E-01
8.55E-01
8.69E-01
8.89E-01
9.02E-01
8.98E-01
8.81E-01
8.62E-01
8.55E-01
8.65E-01
8.85E-01
9.04E-01
9.09E-01
8.99E-01
8.80E-01
8.68E-01
8.69E-01
8.87E-01
9.10E-01
9.23E-01
9.16E-01
8.97E-01
8.80E-01
8.74E-01
8.84E-01
9.06E-01
9.21E-01
9.22E-01
9.09E-01
8.88E-01
