1.00E+00
9.75E-01
9.51E-01
9.26E-01
9.02E-01
8.80E-01
8.57E-01
8.34E-01
8.10E-01
7.84E-01
7.58E-01
7.32E-01
7.08E-01
6.85E-01
6.62E-01
6.38E-01
6.12E-01
5.86E-01
5.60E-01
5.36E-01
5.13E-01
4.90E-01
4.67E-01
4.43E-01
4.17E-01
3.90E-01
3.65E-01
3.42E-01
3.19E-01
2.97E-01
2.73E-01
2.47E-01
2.20E-01
1.94E-01
1.70E-01
1.46E-01
1.24E-01
1.00E-01
7.56E-02
4.93E-02
2.34E-02
9.99E-01
9.76E-01
9.54E-01
9.31E-01
9.07E-01
8.82E-01
8.56E-01
8.31E-01
8.07E-01
7.84E-01
7.62E-01
7.38E-01
7.13E-01
6.86E-01
6.59E-01
6.32E-01
6.07E-01
5.83E-01
5.59E-01
5.35E-01
