0.184174
0.132130
0.164122
0.188870
0.137610
0.167766
0.193525
0.142085
0.170749
0.152246
0.145847
0.173215
0.104181
0.148965
0.175205
0.110745
0.151330
0.176650
0.114620
0.152735
0.177379
0.115912
0.152908
0.177157
0.114148
0.151482
0.175703
0.107793
0.147957
0.172694
0.168170
0.141579
0.167277
0.187789
0.129712
0.156692
0.176316
0.129861
0.138413
0.160516
0.176492
0.194346
0.127749
0.146708
0.161543
0.171850
0.179667
0.187430
0.194137
0.136990
0.100000
0.136990
0.194137
0.187430
0.179667
0.171850
0.161543
0.146708
0.127749
0.194346
0.176492
0.160516
0.138413
0.129861
0.176316
0.156692
0.129712
0.187789
0.167277
0.141579
0.168170
0.172694
0.147957
0.107793
0.175703
0.151482
0.114148
0.177157
0.152908
0.115912
0.177379
0.152735
0.114620
0.176650
0.151330
0.110745
0.175205
0.148965
0.104181
0.173215
0.145847
0.152246
0.170749
0.142085
0.193525
0.167766
0.137610
0.188870
0.164122
0.132130
